ID	IJC_SAMPLE_1	SJC_SAMPLE_1	IJC_SAMPLE_2	SJC_SAMPLE_2	IncFormLen	SkipFormLen
0	0	0			150	137
1	0	0			150	137
2	0	0			150	150
3	0	0			150	98
4	0	0			150	98
5	0	0			138	150
6	0	0			138	150
7	0	0			150	150
8	0	0			150	138
9	0	0			150	138
10	0	0			150	137
11	0	0			150	137
12	0	0			150	150
13	0	0			138	150
14	0	0			138	150
15	0	0			150	150
16	0	0			150	138
17	0	0			150	138
18	0	0			123	150
19	0	0			150	137
20	0	0			150	137
21	0	0			150	150
22	0	0			138	150
23	0	0			138	150
24	0	0			150	150
25	0	0			150	138
26	0	0			150	138
27	0	0			150	150
28	0	0			150	108
29	0	0			150	111
30	0	0			123	150
31	0	0			150	137
32	0	0			150	137
33	0	0			150	150
34	0	0			138	150
35	0	0			138	150
36	0	0			150	150
37	0	0			150	138
38	0	0			150	138
39	0	0			123	150
40	0	0			150	137
41	0	0			150	137
42	0	0			150	150
43	0	0			150	98
44	0	0			150	98
45	0	0			150	111
46	0	0			150	150
47	0	0			150	150
48	0	0			150	150
49	0	0			147	141
50	0	0			150	103
51	0	0			150	150
52	0	0			150	150
53	0	0			111	150
54	0	0			150	103
55	0	0			150	150
56	0	0			147	141
57	0	0			150	103
58	0	0			150	150
59	0	0			150	150
60	0	0			147	141
61	0	0			111	150
62	0	0			150	150
63	0	0			147	141
64	0	0			150	150
65	0	0			150	103
66	0	0			150	150
67	0	0			84	102
68	0	0			148	150
69	0	0			150	150
70	0	0			150	150
71	0	0			141	150
72	0	0			138	150
73	0	0			150	150
74	0	0			99	126
75	0	0			99	102
76	0	0			102	126
77	0	0			102	129
78	0	0			150	150
79	0	0			150	150
80	0	0			150	150
81	0	0			150	121
82	0	0			150	150
83	0	0			150	150
84	0	0			150	150
85	0	0			150	150
86	0	0			150	150
87	0	0			150	150
88	0	0			150	150
89	0	0			150	150
90	0	0			150	108
91	0	0			126	150
92	0	0			150	103
93	0	0			150	150
94	0	0			150	150
95	0	0			150	150
96	7	3			150	150
97	0	0			123	150
98	2	2			106	150
99	0	0			150	150
100	37	53			138	150
101	37	46			150	143
102	13	12			150	150
103	0	0			150	150
104	0	0			150	111
105	3	2			150	137
106	1	5			137	150
107	1	5			137	150
108	0	0			150	150
109	1	1			150	150
110	0	205			115	150
111	1	0			111	105
112	0	0			150	150
113	5	9			150	130
114	0	0			150	114
115	1	14			150	123
116	1	1			150	150
117	20	35			150	150
118	64	1			150	121
119	31	2			150	121
120	34	0			150	150
121	25	62			150	150
122	69	57			150	150
123	69	58			150	150
124	3	0			93	90
125	683	632			143	150
126	9	8			150	150
127	66	96			150	150
128	4	18			144	111
129	0	0			93	93
130	120	109			150	150
131	0	0			150	126
132	0	2			150	150
133	0	2			126	150
134	6	11			150	150
135	412	5			150	150
136	0	0			150	150
137	84	135			123	140
138	15	20			150	150
139	0	0			150	150
140	34	48			150	146
141	0	145			150	150
142	1433	1567			135	150
143	19	46			150	150
144	54	41			150	124
145	74	58			150	150
146	0	11			136	150
147	0	3			150	150
148	729	1095			150	150
149	139	115			150	150
150	2	0			150	150
151	49	54			142	150
152	5	5			150	150
153	2	2			150	150
154	2	33			150	150
155	19	0			150	150
156	810	646			150	137
157	960	1565			150	150
158	49	2			150	147
159	34	1			115	118
160	302	339			150	150
161	123	61			150	146
162	99	98			150	123
163	50	91			150	123
164	15	0			150	150
165	8	0			150	113
166	15	0			150	113
167	5	3			150	150
168	665	610			150	150
169	13	36			146	150
170	12	26			146	150
171	0	5			150	119
172	0	17			150	130
173	17	2			150	119
174	5	17			119	130
175	0	15			150	150
176	8	29			150	130
177	34	35			150	150
178	19	59			121	150
179	10	72			121	150
180	6	72			150	150
181	18	72			150	150
182	6	10			150	121
183	18	10			150	121
184	8	44			147	144
185	0	0			150	150
186	0	0			150	133
187	18	4			129	148
188	1	2			150	150
189	0	2			150	150
190	123	45			150	150
191	26	8			150	150
192	2	62			150	150
193	0	0			141	150
194	2	1			150	150
195	1117	321			150	132
196	50	65			150	150
197	0	1			150	144
198	4	1			117	150
199	4	5			150	150
200	21	20			150	150
201	0	1			150	150
202	1	0			150	150
203	18	93			150	150
204	0	0			123	150
205	24	27			150	150
206	44	35			150	150
207	0	188			150	150
208	0	12			150	150
209	49	23			150	150
210	1	0			150	150
211	519	372			141	129
212	448	4			148	150
213	44	220			150	150
214	107	86			150	150
215	103	86			150	150
216	10	18			150	150
217	0	3			150	150
218	135	236			148	123
219	25	83			131	150
220	1	0			141	139
221	3	0			150	118
222	234	1			150	150
223	734	9			150	150
224	734	21			150	150
225	0	0			150	150
226	0	0			150	150
227	0	0			150	150
228	5	2			150	122
229	1	2			150	150
230	0	3			150	150
231	13	1			106	150
232	0	1			97	97
233	4	0			111	150
234	0	0			150	103
235	0	0			150	150
236	8	9			150	150
237	65	68			150	150
238	39	26			150	150
239	1	0			150	150
240	1	0			136	150
241	0	0			147	150
242	58	3			133	150
243	58	103			150	143
244	116	59			150	150
245	126	99			150	150
246	130	256			119	136
247	36	2			150	150
248	140	314			150	150
249	5	13			150	150
250	0	0			148	150
251	181	292			150	150
252	577	26			150	150
253	949	3			150	141
254	0	1			150	150
255	0	1			150	150
256	1	3			150	120
257	4	0			150	150
258	65	42			150	136
259	107	0			150	120
260	16	52			150	150
261	27	112			150	150
262	0	0			150	150
263	0	0			150	150
264	1	2			124	121
265	2	5			150	150
266	1346	1154			150	150
267	1089	1737			150	117
268	0	0			122	119
269	37	43			150	150
270	72	103			140	150
271	93	22			150	150
272	626	690			150	150
273	34	55			140	150
274	77	143			150	150
275	281	240			150	150
276	1	0			150	118
277	29	1			150	150
278	119	3			85	85
279	1	0			150	150
280	143	802			150	150
281	20	17			150	150
282	340	16			150	150
283	0	0			143	143
284	0	0			103	143
285	1	1			150	150
286	45	187			150	150
287	1	1			150	150
288	165	1			138	150
289	77	75			150	150
290	900	2			150	150
291	3	9			150	150
292	17	8			137	150
293	1	5			108	123
294	0	0			150	150
295	0	0			150	150
296	0	0			150	150
297	0	0			150	150
298	43	20			150	150
299	40	10			150	150
300	10	10			150	150
301	348	546			140	150
302	5	6			150	121
303	2	0			133	102
304	104	75			150	150
305	104	116			150	150
306	26	30			150	150
307	0	0			150	150
308	31	81			150	150
309	211	231			150	150
310	277	39			150	132
311	207	152			150	150
312	83	85			150	150
313	0	0			150	132
314	30	22			150	150
315	108	65			144	150
316	0	0			150	150
317	0	0			150	150
318	0	0			150	150
319	0	0			150	150
320	14	14			150	150
321	2	0			150	150
322	0	0			150	150
323	0	0			125	143
324	2	0			150	150
325	0	2			150	150
326	0	2			150	150
327	1	2			150	150
328	0	8			150	150
329	0	0			150	136
330	0	9			116	150
331	0	26			123	150
332	0	0			150	150
333	4	141			150	141
334	9	21			150	150
335	438	551			150	150
336	149	19			150	150
337	1	99			150	140
338	13	161			150	140
339	107	154			150	150
340	0	0			150	150
341	0	0			150	150
342	1	0			150	150
343	0	0			150	150
344	0	0			150	150
345	0	0			150	150
346	1	0			150	150
347	0	0			150	150
348	1	0			150	150
349	0	0			150	150
350	0	1			150	150
351	0	1			150	150
352	111	151			150	150
353	42	56			145	150
354	8	21			150	150
355	57	78			146	150
356	496	681			150	150
357	31	32			150	150
358	40	94			150	150
359	711	1166			150	150
360	1	0			150	150
361	5	0			150	150
362	5	1			150	150
363	3	0			150	150
364	0	0			150	150
365	0	0			150	121
366	15	59			150	150
367	42	59			117	150
368	42	15			117	150
369	35	35			150	108
370	17	27			108	150
371	66	84			122	150
372	91	244			117	149
373	1	159			125	150
374	2	160			125	150
375	2	258			125	150
376	0	11			131	125
377	150	0			150	150
378	91	0			150	150
379	2	14			149	150
380	11	269			124	150
381	21	4			148	150
382	0	0			150	150
383	16	17			150	150
384	5	68			150	144
385	19	13			150	150
386	931	1129			150	150
387	1	3			150	150
388	22	48			138	150
389	0	0			120	120
390	1	0			133	150
391	23	0			150	114
392	145	231			150	150
393	427	426			150	138
394	67	9			150	134
395	13	11			127	126
396	9	2			150	150
397	17	48			129	150
398	1	1			150	123
399	73	93			150	150
400	9	0			150	150
401	5	316			150	143
402	6	316			150	143
403	0	0			150	150
404	2	4			129	150
405	144	128			150	144
406	44	85			150	150
407	63	77			150	150
408	0	535			100	100
409	76	145			119	150
410	93	1			127	119
411	315	439			150	150
412	356	467			150	150
413	3	2			150	95
414	2	0			150	96
415	103	132			124	150
416	0	0			135	150
417	5	2			150	150
418	19	22			150	150
419	0	1			150	150
420	34	53			147	140
421	8	53			150	140
422	9	53			150	140
423	34	58			147	150
424	8	58			150	150
425	9	58			150	150
426	293	301			150	141
427	0	0			150	150
428	24	41			150	150
429	20	10			150	150
430	7	0			150	142
431	11	3			150	150
432	7	0			150	138
433	7	1			150	147
434	0	1			138	147
435	51	50			123	150
436	0	0			150	150
437	33	47			150	150
438	3	47			150	150
439	4	2			150	150
440	97	124			150	150
441	37	45			150	150
442	11	269			117	150
443	331	393			150	150
444	0	0			150	150
445	0	0			150	133
446	0	0			108	135
447	966	814			150	150
448	19	120			150	150
449	0	0			150	150
450	0	0			150	150
451	4	119			150	148
452	6	3			150	150
453	1	3			150	150
454	209	7			140	150
455	29	39			114	150
456	51	33			135	102
457	1	1085			145	150
458	758	1085			150	150
459	216	104			150	150
460	17	8			150	150
461	5	0			150	150
462	5	0			150	150
463	17	19			150	150
464	5	11			150	150
465	5	11			150	150
466	30	14			150	150
467	116	206			150	150
468	0	1			150	150
469	2	2			150	150
470	1	0			150	104
471	25	2			150	150
472	0	0			150	150
473	80	80			150	148
474	26	8			150	150
475	35	47			150	150
476	16	56			95	150
477	47	14			150	150
478	30	40			150	150
479	31	40			150	150
480	0	0			84	84
481	25	2			102	150
482	43	48			150	150
483	1	0			150	150
484	88	67			150	150
485	53	393			102	150
486	5	18			128	150
487	5	8			150	128
488	0	131			150	137
489	109	230			150	150
490	159	268			150	150
491	5	204			150	135
492	33	57			150	129
493	2	53			147	147
494	1	8			150	150
495	4	8			150	150
496	4	1			150	150
497	16	0			150	133
498	2	0			150	150
499	0	0			150	150
500	43	75			150	146
501	477	38			150	150
502	833	79			150	150
503	822	895			150	150
504	1	0			150	150
505	13	6			150	150
506	1	106			150	150
507	0	0			150	150
508	29	0			150	150
509	29	0			150	150
510	1630	5			127	150
511	25	1			150	150
512	43	5			150	150
513	204	225			147	150
514	155	227			150	150
515	0	0			150	150
516	2	0			150	150
517	8	41			150	150
518	1965	0			147	150
519	1	1			150	84
520	1	1			150	84
521	3	1			150	150
522	23	5			150	128
523	23	32			150	150
524	27	51			150	150
525	0	4			150	150
526	7	123			146	150
527	1	1			145	150
528	1	1			145	150
529	12	21			126	150
530	20	25			150	150
531	0	44			150	150
532	41	30			150	150
533	18	33			150	150
534	68	77			150	150
535	29	436			150	150
536	1370	1435			150	147
537	0	0			150	150
538	155	115			150	150
539	306	204			135	150
540	0	0			150	119
541	1	0			79	82
542	39	2			150	150
543	9	15			150	150
544	2	3			150	150
545	0	3			150	150
546	0	65			108	144
547	0	16			108	102
548	0	1			78	150
549	30	489			150	150
550	30	218			150	150
551	15	29			111	150
552	305	362			150	150
553	73	65			150	150
554	21	1			150	150
555	7	16			150	150
556	15	15			150	150
557	199	178			150	150
558	11	0			113	137
559	776	640			150	150
560	106	2			125	150
561	143	258			118	150
562	274	393			150	150
563	54	43			150	150
564	43	39			150	150
565	150	281			150	150
566	51	50			150	150
567	2	0			150	150
568	1	0			150	125
569	252	307			148	150
570	159	79			150	141
571	0	1			150	150
572	2	0			150	81
573	11	0			138	150
574	0	3			150	150
575	0	0			150	150
576	3	0			150	150
577	0	0			150	150
578	6	2			150	137
579	0	0			150	150
580	48	52			150	150
581	716	1230			150	150
582	1706	1476			150	150
583	47	5			149	137
584	68	4			150	150
585	68	88			150	150
586	0	0			98	98
587	0	0			81	81
588	47	6			128	132
589	0	0			150	105
590	0	0			117	105
591	0	6			150	150
592	0	0			150	150
593	55	61			150	150
594	13	4			150	150
595	126	1			120	150
596	34	2			150	150
597	78	171			147	144
598	29	14			147	150
599	28	33			150	150
600	50	79			133	147
601	86	90			147	150
602	252	390			150	150
603	52	61			150	150
604	0	8			150	150
605	52	75			114	149
606	0	0			147	141
607	2	0			150	150
608	0	4			150	146
609	5	0			84	84
610	15	8			150	150
611	30	59			150	150
612	6	2			150	150
613	3	0			150	150
614	11	2			150	150
615	82	31			144	108
616	100	95			150	150
617	0	0			150	141
618	0	0			150	150
619	3476	10197			150	150
620	6	706			150	150
621	133	112			150	130
622	133	140			150	150
623	133	142			150	150
624	3	11			150	150
625	3	15			150	115
626	3	51			150	140
627	44	51			150	140
628	17	6			150	150
629	103	101			150	150
630	0	0			150	150
631	11	0			126	150
632	20	72			150	150
633	1	0			150	150
634	21	59			150	120
635	1	4			150	135
636	0	0			96	96
637	47	17			150	116
638	0	0			150	150
639	0	1			129	137
640	0	1			150	150
641	392	2			100	100
642	6	6			150	150
643	0	2			150	150
644	0	0			150	150
645	27	13			150	114
646	104	109			150	150
647	0	0			150	125
648	0	0			150	150
649	27	23			150	99
650	17	13			150	147
651	0	6			150	142
652	3	0			142	150
653	0	0			142	111
654	0	0			150	150
655	32	21			137	150
656	13	22			133	150
657	40	0			150	114
658	13	24			137	150
659	0	0			150	150
660	13	39			150	150
661	0	0			150	150
662	0	0			150	150
663	56	48			150	150
664	1	4			150	148
665	1	0			150	150
666	4	14			103	150
667	8	13			150	150
668	20	24			150	150
669	0	11			76	150
670	521	328			143	130
671	156	207			150	150
672	174	238			150	150
673	0	0			138	150
674	38	31			150	150
675	124	132			150	150
676	1	1			150	150
677	32	34			143	150
678	12	0			150	138
679	49	0			150	138
680	49	12			150	150
681	0	0			110	127
682	0	0			126	150
683	57	102			150	150
684	7	11			150	131
685	48	65			150	138
686	5	0			125	150
687	0	0			150	142
688	20	49			150	150
689	3	6			150	150
690	17	17			150	150
691	0	1			143	150
692	0	1			141	150
693	216	82			150	105
694	0	0			123	99
695	1	23			150	150
696	0	0			150	131
697	3	28			136	150
698	0	0			150	150
699	16	23			150	150
700	0	3			150	150
701	3	34			150	150
702	7	88			150	150
703	127	227			150	150
704	78	60			126	150
705	10	7			150	150
706	28	44			150	150
707	21	25			150	150
708	0	0			150	150
709	3	8			150	150
710	3	3			150	150
711	77	63			150	150
712	88	98			150	150
713	0	0			120	150
714	21	0			147	150
715	1	0			150	150
716	0	0			135	150
717	0	0			150	150
718	13	24			140	150
719	0	1			150	126
720	48	48			150	150
721	1	47			121	144
722	0	18			150	110
723	3	61			92	150
724	101	122			150	150
725	0	0			150	150
726	336	0			150	150
727	143	243			150	150
728	6860	17752			150	150
729	6513	17752			150	150
730	39	3			150	150
731	39	28			150	138
732	74	105			150	138
733	5	5			114	150
734	55	50			150	150
735	16	9			144	150
736	17	2			144	150
737	20	24			150	150
738	1	40			150	150
739	5	85			150	146
740	27	0			150	150
741	23	0			150	150
742	5	89			143	150
743	0	62			150	142
744	24	9			150	150
745	24	9			150	150
746	24	20			150	150
747	0	0			81	81
748	210	127			150	146
749	0	0			150	150
750	13	19			150	150
751	54	1			150	150
752	20	1			150	150
753	20	54			150	150
754	5	81			134	150
755	0	0			150	102
756	146	138			111	114
757	294	122			117	114
758	1	14			134	118
759	11	267			150	150
760	2	4			150	150
761	7	8			150	150
762	3	2			150	150
763	11	0			87	84
764	12	0			150	147
765	12	0			150	150
766	4	0			150	150
767	14	33			150	150
768	1	0			142	106
769	39	67			150	150
770	9	67			150	150
771	110	1			83	83
772	0	0			150	150
773	0	0			84	84
774	16	32			150	150
775	60	0			92	92
776	0	3			99	99
777	0	0			150	150
778	4	0			150	144
779	4	0			150	150
780	0	0			144	150
781	59	56			150	150
782	0	4			150	150
783	0	7			150	133
784	0	0			150	150
785	4	0			150	150
786	7	0			133	150
787	7	3			150	150
788	4	3			150	150
789	157	59			132	150
790	228	40			150	150
791	19	47			150	150
792	6	2			150	109
793	0	0			150	150
794	0	0			150	150
795	1	41			150	150
796	15	40			150	150
797	822	0			150	150
798	95	117			150	141
799	6	2			150	150
800	121	155			150	150
801	77	4			125	136
802	0	1			150	128
803	98	24			150	150
804	87	2			150	150
805	237	53			147	150
806	1	0			150	132
807	0	0			150	132
808	0	1			150	150
809	25	75			112	150
810	4328	90			150	150
811	6316	33			107	113
812	2	3			150	150
813	1	10			150	150
814	0	0			150	150
815	33	54			150	150
816	33	39			150	124
817	42	12			150	150
818	42	4			150	124
819	42	68			150	150
820	11	61			150	150
821	11	24			150	110
822	12	68			150	150
823	4	68			124	150
824	4	7			150	140
825	0	1			138	149
826	157	0			150	150
827	86	0			150	150
828	13425	2713			150	150
829	253	303			150	150
830	2	1			150	150
831	0	2			150	150
832	7	25			150	150
833	3	0			150	114
834	36	6			150	150
835	13	16			150	150
836	0	0			114	150
837	17	19			122	147
838	19	45			150	150
839	24	20			150	108
840	9	3			150	143
841	141	234			150	150
842	0	0			97	99
843	12	1			150	150
844	0	1			120	120
845	0	0			135	150
846	1	4			150	150
847	1	0			150	150
848	154	167			150	150
849	31	8			150	108
850	880	1100			150	150
851	881	754			150	150
852	909	291			150	150
853	181	196			150	150
854	112	209			113	150
855	50	72			150	150
856	323	101			150	101
857	0	0			87	87
858	0	0			102	150
859	21	48			150	150
860	32	45			150	150
861	3	21			150	150
862	38	74			150	150
863	3	182			150	150
864	87	94			136	150
865	29	38			150	150
866	25	34			150	150
867	0	0			150	150
868	45	96			124	150
869	5	7			99	100
870	0	0			150	150
871	69	11			150	150
872	70	94			130	150
873	148	48			150	130
874	1	0			150	150
875	1	0			150	150
876	24	52			114	150
877	7	211			150	150
878	43	19			150	150
879	145	133			150	150
880	235	340			150	150
881	1	0			90	90
882	0	1			90	78
883	0	0			117	78
884	32	31			150	150
885	27	21			150	150
886	0	581			113	142
887	236	581			142	142
888	236	0			142	113
889	379	387			150	150
890	583	732			150	150
891	271	290			150	130
892	0	2			150	150
893	23	6			150	150
894	3	7			148	150
895	2	7			150	150
896	1	1			148	150
897	42	51			150	150
898	19	28			109	141
899	5	184			147	150
900	7	184			150	150
901	2	0			150	121
902	22	1			136	128
903	1	25			150	150
904	4	6			150	138
905	5	4			150	150
906	21	58			150	150
907	0	1			150	150
908	0	2			150	150
909	0	0			150	150
910	0	3			150	150
911	0	1			150	150
912	0	0			87	90
913	9	2			128	150
914	6295	14203			103	150
915	14342	14203			150	150
916	25	12			150	150
917	26	98			113	150
918	4	1			150	133
919	72	4			150	150
920	31	59			150	150
921	4	2			150	150
922	2	40			150	150
923	0	0			150	150
924	203	32			150	150
925	1	1			150	105
926	2	118			87	87
927	40	77			129	150
928	131	157			150	150
929	0	1			150	150
930	0	0			150	150
931	0	1			150	150
932	0	1			150	150
933	129	119			150	150
934	170	158			150	150
935	162	130			150	150
936	221	25			150	150
937	221	25			150	150
938	15	253			150	150
939	1	252			150	150
940	0	0			150	124
941	1	0			150	106
942	0	0			150	150
943	0	0			150	150
944	8	137			102	120
945	40	46			132	150
946	5	5			150	150
947	128	122			150	150
948	0	0			150	150
949	16	19			150	150
950	0	12			150	150
951	157	134			150	150
952	172	8			150	150
953	9	3			141	149
954	9	6			141	150
955	1	7			150	150
956	0	3			150	150
957	2	10			114	102
958	3	10			126	102
959	6	6			150	102
960	24	5			150	102
961	253	208			150	138
962	34	238			150	150
963	3519	4554			150	150
964	3680	4475			150	150
965	250	2			150	150
966	356	379			138	150
967	0	0			150	150
968	0	2			150	131
969	0	2			150	131
970	0	53			98	150
971	25	23			150	150
972	156	0			150	150
973	228	273			150	150
974	226	267			150	150
975	13	37			150	150
976	0	106			150	150
977	1	106			117	150
978	0	0			117	150
979	1	0			117	150
980	2	63			150	150
981	0	1			150	150
982	0	0			150	150
983	6	0			150	150
984	23	17			150	150
985	0	0			127	129
986	70	64			150	150
987	0	0			150	150
988	4	14			150	150
989	1	0			150	150
990	0	0			150	150
991	11	18			141	150
992	0	0			110	150
993	0	0			110	150
994	0	0			150	146
995	1	109			124	128
996	154	2			150	150
997	21	19			150	150
998	0	47			150	136
999	16	37			150	150
1000	0	0			98	95
1001	7	37			130	150
1002	106	15			150	105
1003	2	12			150	150
1004	1	61			106	150
1005	3	234			79	150
1006	8	16			98	150
1007	58	108			150	150
1008	46	0			150	150
1009	22	73			150	150
1010	3	11			150	150
1011	1	0			132	132
1012	2	1			93	93
1013	2	0			96	90
1014	2	1			96	90
1015	17	1			87	99
1016	0	16			116	116
1017	0	0			150	150
1018	29	87			146	150
1019	71	71			150	150
1020	113	0			98	101
1021	263	308			150	150
1022	982	886			150	150
1023	35	103			150	150
1024	112	116			150	150
1025	0	222			150	150
1026	10	16			150	150
1027	0	6			150	150
1028	35	57			137	150
1029	0	0			150	150
1030	13	11			150	150
1031	11	8			138	150
1032	21	15			150	150
1033	32	1			150	150
1034	837	1133			150	150
1035	990	1292			150	150
1036	69	66			150	150
1037	114	162			150	150
1038	554	747			150	150
1039	35	42			150	150
1040	1	5			150	150
1041	0	0			150	150
1042	13	98			136	150
1043	0	0			150	150
1044	0	0			150	136
1045	0	0			150	136
1046	25	38			146	150
1047	11	10			146	150
1048	56	79			150	150
1049	38	79			150	150
1050	3	50			150	150
1051	25	41			150	150
1052	22	1683			124	150
1053	1	1683			118	150
1054	1662	1627			150	150
1055	9	64			150	150
1056	11	37			150	150
1057	31	37			134	150
1058	19	35			150	150
1059	2	51			150	150
1060	3	83			150	122
1061	114	115			109	126
1062	88	3			150	150
1063	10	8			150	150
1064	0	3			150	135
1065	0	3			150	135
1066	2	1			141	150
1067	30	2			150	150
1068	1	2			138	150
1069	155	0			87	87
1070	0	0			150	150
1071	29	7			150	150
1072	343	309			150	150
1073	1	3			140	95
1074	32	31			150	150
1075	8	0			150	98
1076	3	53			115	150
1077	2	45			115	150
1078	0	0			146	135
1079	2	4			150	150
1080	18	53			130	150
1081	18	27			130	121
1082	31	61			150	150
1083	10	22			150	150
1084	54	0			107	97
1085	54	162			107	134
1086	0	162			97	134
1087	26	52			150	150
1088	0	29			150	150
1089	3	0			81	81
1090	3	1			150	150
1091	10	48			150	150
1092	0	1			150	150
1093	0	1			150	150
1094	0	0			150	150
1095	0	0			150	150
1096	0	0			84	84
1097	0	0			123	150
1098	21	0			150	150
1099	0	0			150	150
1100	0	0			150	131
1101	18	29			143	119
1102	34	29			150	119
1103	3	0			150	150
1104	0	0			138	150
1105	94	170			150	150
1106	106	84			150	137
1107	486	502			150	140
1108	0	0			150	150
1109	70	52			150	110
1110	33	86			110	150
1111	102	35			150	111
1112	0	0			150	150
1113	0	3			150	150
1114	0	4			150	150
1115	75	173			137	150
1116	0	3			150	150
1117	130	97			150	124
1118	0	4			150	150
1119	0	0			150	127
1120	4	0			150	127
1121	0	0			96	90
1122	2	11			150	150
1123	4	11			150	150
1124	0	4			150	150
1125	0	11			150	150
1126	7	11			150	150
1127	11	2			150	150
1128	9	0			150	95
1129	9	2			150	137
1130	0	2			95	137
1131	12	22			150	150
1132	1	22			150	150
1133	0	5			147	141
1134	3	5			150	141
1135	3	0			150	147
1136	0	0			108	150
1137	7	0			148	150
1138	1	0			150	150
1139	1	0			150	150
1140	0	0			150	150
1141	1	0			150	150
1142	1	0			150	150
1143	5	26			150	147
1144	49	64			150	150
1145	0	0			81	81
1146	0	0			150	150
1147	0	123			81	144
1148	1	123			81	144
1149	1	0			81	81
1150	0	7			150	150
1151	312	464			150	150
1152	39	54			150	150
1153	0	0			150	150
1154	115	7			150	135
1155	0	0			150	150
1156	118	129			150	150
1157	143	132			150	150
1158	35	55			150	150
1159	0	2			148	150
1160	0	0			150	137
1161	0	0			150	150
1162	2	2			132	150
1163	24	22			148	150
1164	24	15			148	150
1165	23	15			150	150
1166	296	64			138	97
1167	264	207			138	150
1168	266	22			138	150
1169	95	55			150	150
1170	95	222			150	150
1171	55	222			150	150
1172	14	25			150	150
1173	0	0			150	150
1174	4	4			150	150
1175	368	124			138	99
1176	98	146			150	150
1177	0	0			150	150
1178	1100	951			150	150
1179	123	131			150	150
1180	40	0			150	150
1181	0	1			150	150
1182	0	0			150	150
1183	31	43			150	150
1184	8	28			150	150
1185	0	0			150	150
1186	370	253			150	131
1187	0	0			150	150
1188	0	0			150	150
1189	51	68			150	150
1190	94	68			150	150
1191	43	0			90	93
1192	9	1			147	150
1193	63	51			150	150
1194	0	0			150	103
1195	0	0			150	150
1196	0	0			120	150
1197	0	0			150	150
1198	0	0			150	120
1199	0	0			150	120
1200	0	0			150	150
1201	2	7			150	150
1202	0	0			111	114
1203	20	15			150	150
1204	2	1435			150	147
1205	1370	3			150	150
1206	69	69			150	150
1207	0	6			150	150
1208	0	6			150	150
1209	35	0			150	150
1210	0	100			121	135
1211	0	81			119	112
1212	0	107			102	150
1213	0	0			90	87
1214	1	8			150	150
1215	0	0			96	96
1216	0	0			150	150
1217	22	22			150	150
1218	14	50			114	144
1219	0	0			147	141
1220	0	2			150	150
1221	2127	197			150	150
1222	0	2			150	150
1223	0	0			150	150
1224	80	115			136	150
1225	43	128			126	123
1226	43	101			126	150
1227	1	41			150	135
1228	3	41			129	135
1229	18	40			111	135
1230	97	28			126	135
1231	23	6			111	150
1232	3	1			129	150
1233	4	0			129	150
1234	56	1			126	150
1235	35	37			150	150
1236	25	25			150	150
1237	0	1			110	93
1238	1	0			150	150
1239	0	0			150	150
1240	0	0			150	150
1241	0	0			150	150
1242	16	24			150	150
1243	42	45			150	150
1244	1	9			150	150
1245	2	9			150	150
1246	14	20			150	150
1247	0	7			150	114
1248	18	15			150	126
1249	1	1			132	150
1250	0	0			150	150
1251	0	48			150	150
1252	98	138			150	150
1253	219	1			150	150
1254	2	59			150	150
1255	2483	3513			147	150
1256	2483	216			147	118
1257	76	0			150	150
1258	94	56			150	150
1259	1	97			150	135
1260	0	0			140	150
1261	3	4			142	150
1262	9	2			90	105
1263	48	63			150	150
1264	150	60			150	150
1265	115	237			111	150
1266	137	92			150	111
1267	0	0			150	150
1268	3	4			150	136
1269	14	26			120	140
1270	15	24			120	150
1271	2	45			150	150
1272	2	0			150	150
1273	0	0			150	150
1274	0	0			150	150
1275	0	0			150	150
1276	0	2			150	150
1277	0	2			150	150
1278	0	2			150	150
1279	0	0			150	150
1280	0	0			150	150
1281	2	11			121	150
1282	2	0			121	133
1283	0	0			150	133
1284	0	2			150	121
1285	19	1			141	150
1286	0	14			150	150
1287	509	649			150	150
1288	495	656			150	150
1289	13	14			120	143
1290	0	0			150	150
1291	17	68			150	150
1292	0	0			150	150
1293	0	0			150	150
1294	12	8			150	150
1295	13	6			150	150
1296	46	77			150	150
1297	9	15			150	147
1298	0	7			102	150
1299	0	2			150	150
1300	46	49			149	150
1301	49	81			139	150
1302	2	3			150	100
1303	24	29			150	150
1304	0	1			150	114
1305	50	42			150	150
1306	0	0			150	98
1307	931	1009			149	150
1308	1	1			150	150
1309	0	0			150	150
1310	0	2			150	150
1311	0	0			150	150
1312	58	26			147	150
1313	0	2			150	150
1314	0	0			150	150
1315	1	0			84	96
1316	0	0			144	93
1317	1	1			102	117
1318	0	1			133	117
1319	0	1			150	109
1320	3	1			150	109
1321	69	70			150	150
1322	1	0			150	150
1323	27	28			144	132
1324	0	0			135	150
1325	154	195			150	150
1326	29	26			150	150
1327	6	35			150	150
1328	0	0			150	106
1329	83	24			120	117
1330	19	32			124	150
1331	0	0			150	150
1332	0	0			150	150
1333	121	121			146	131
1334	9	20			111	150
1335	45	73			150	142
1336	71	4			150	150
1337	71	56			150	150
1338	4	56			150	150
1339	114	110			150	150
1340	0	0			150	150
1341	0	0			123	150
1342	29	42			150	150
1343	42	37			150	150
1344	23	39			150	150
1345	0	0			150	130
1346	0	0			150	149
1347	30	49			150	150
1348	30	17			150	150
1349	30	17			150	121
1350	34	17			150	121
1351	49	17			150	150
1352	49	17			150	121
1353	55	17			150	121
1354	28	501			150	150
1355	1	164			143	150
1356	0	0			150	150
1357	0	0			147	137
1358	0	0			114	150
1359	0	0			133	150
1360	278	288			139	109
1361	28	0			150	87
1362	153	196			150	150
1363	10	5			150	150
1364	1	2			150	150
1365	1	1			150	150
1366	0	5			150	150
1367	0	2			150	150
1368	0	0			84	93
1369	0	0			150	150
1370	0	1			110	150
1371	2	2			150	150
1372	1	0			137	150
1373	4	18			150	150
1374	0	4			150	150
1375	156	3			150	150
1376	1401	1512			150	150
1377	32	45			146	150
1378	9	0			150	150
1379	3	1			150	150
1380	1	0			150	150
1381	43	34			150	150
1382	0	0			78	78
1383	0	0			150	150
1384	39	45			150	150
1385	431	846			150	150
1386	408	553			150	150
1387	408	5			150	118
1388	59	79			150	150
1389	85	83			150	144
1390	261	133			136	150
1391	245	3			136	150
1392	245	127			136	150
1393	189	143			150	139
1394	224	116			150	150
1395	53	116			139	150
1396	159	116			139	150
1397	76	0			150	150
1398	10	19			150	150
1399	0	0			150	99
1400	0	30			150	81
1401	0	0			128	150
1402	125	182			150	150
1403	234	119			150	150
1404	112	115			150	150
1405	1	6			150	150
1406	4	8			150	150
1407	0	0			134	150
1408	0	3			114	150
1409	15	0			150	92
1410	7	1			150	127
1411	2	0			150	150
1412	368	79			150	150
1413	0	48			150	150
1414	4	7			148	150
1415	89	156			150	150
1416	6	0			150	150
1417	4	0			150	150
1418	4	0			150	150
1419	1	0			150	150
1420	0	0			150	150
1421	0	0			150	150
1422	0	0			150	150
1423	0	0			150	103
1424	0	0			150	150
1425	1	1			150	150
1426	6	196			144	150
1427	1	6			150	133
1428	1	0			150	150
1429	0	0			150	150
1430	3	0			149	149
1431	3	0			150	121
1432	3	10			150	150
1433	0	20			105	133
1434	64	63			150	132
1435	19134	19770			150	150
1436	132	37			150	123
1437	2	0			150	150
1438	1	0			150	150
1439	0	0			150	150
1440	0	2			150	150
1441	0	1			150	150
1442	284	336			150	150
1443	0	0			121	147
1444	2	3			150	150
1445	2	1			142	150
1446	38	65			150	150
1447	0	0			150	150
1448	3	3			150	140
1449	7	4			150	104
1450	0	0			150	150
1451	77	21			150	150
1452	171	162			150	150
1453	1	72			150	150
1454	16	1			150	150
1455	327	451			150	150
1456	132	115			150	128
1457	112	115			150	150
1458	0	0			144	131
1459	2	7			150	150
1460	3	7			150	150
1461	34	63			150	150
1462	51	98			150	150
1463	373	183			150	150
1464	0	1			126	150
1465	254	375			150	150
1466	387	143			150	120
1467	372	9			150	120
1468	366	3			150	120
1469	366	197			150	131
1470	3	197			120	131
1471	211	248			120	150
1472	196	201			120	131
1473	63	86			139	150
1474	257	29			150	150
1475	157	320			150	150
1476	6	2			150	150
1477	1	5			150	121
1478	31	26			150	150
1479	0	2			150	150
1480	803	43			150	150
1481	0	10			150	150
1482	16	0			99	99
1483	34	23			134	150
1484	43	23			150	150
1485	1	0			150	150
1486	46	80			129	150
1487	46	1			125	115
1488	21	28			150	138
1489	21	2			150	138
1490	56	55			150	150
1491	0	34			150	150
1492	0	62			150	150
1493	0	0			141	150
1494	0	0			150	130
1495	0	0			150	130
1496	0	0			150	150
1497	0	0			150	150
1498	0	0			150	150
1499	0	0			150	150
1500	0	0			150	136
1501	245	221			150	150
1502	3	0			150	150
1503	111	91			141	143
1504	90	123			143	146
1505	105	95			146	133
1506	123	116			150	150
1507	1	19			146	150
1508	2	150			150	150
1509	127	150			150	150
1510	0	0			134	150
1511	0	0			96	96
1512	321	482			150	150
1513	4	482			144	150
1514	105	45			150	150
1515	101	116			150	150
1516	98	107			150	150
1517	3	97			150	150
1518	13	97			150	150
1519	23	22			150	150
1520	0	0			147	141
1521	5	34			150	150
1522	20	84			150	140
1523	0	0			123	150
1524	0	0			123	150
1525	0	0			123	78
1526	0	0			150	78
1527	0	0			150	78
1528	4	102			150	150
1529	144	0			79	79
1530	0	11			150	150
1531	0	0			150	150
1532	2	5			150	150
1533	9	0			150	150
1534	10	0			150	150
1535	28	28			150	150
1536	36	19			150	150
1537	538	99			113	136
1538	0	0			150	150
1539	0	0			115	150
1540	1	11			130	107
1541	8	11			148	107
1542	0	0			139	128
1543	12	81			145	150
1544	35	81			148	150
1545	2	81			150	150
1546	0	0			108	123
1547	148	172			150	150
1548	88	0			128	79
1549	0	16			150	150
1550	0	26			150	150
1551	16	26			150	150
1552	137	457			150	144
1553	278	0			150	76
1554	0	6			150	136
1555	3	0			150	150
1556	2	2			150	150
1557	1	11			150	150
1558	0	0			150	150
1559	0	49			150	131
1560	0	49			150	131
1561	0	3			150	150
1562	0	0			150	122
1563	213	23			150	150
1564	46	88			150	150
1565	0	0			150	150
1566	190	292			114	132
1567	79	34			150	114
1568	8	32			150	150
1569	0	38			150	122
1570	0	0			150	150
1571	0	0			150	150
1572	55	75			150	150
1573	53	22			150	150
1574	53	91			150	150
1575	22	91			150	150
1576	65	91			150	150
1577	21	33			150	150
1578	0	0			81	81
1579	62	83			130	150
1580	259	296			150	129
1581	0	33			96	96
1582	0	22			96	93
1583	106	276			118	150
1584	101	57			133	150
1585	29	25			129	150
1586	0	0			150	150
1587	0	0			150	150
1588	0	1			142	150
1589	0	6			114	145
1590	0	3			150	150
1591	0	0			150	150
1592	0	0			150	150
1593	0	6			150	145
1594	3	0			150	150
1595	3	0			150	150
1596	3	6			150	145
1597	0	6			150	145
1598	0	6			150	145
1599	0	0			123	150
1600	80	62			150	150
1601	0	0			150	108
1602	4	0			126	99
1603	9	14			150	150
1604	0	4			150	150
1605	0	4			150	150
1606	0	0			150	150
1607	0	0			150	150
1608	0	0			96	90
1609	10	7			150	150
1610	20	18			150	150
1611	300	10			150	150
1612	50	122			150	150
1613	6	3			150	150
1614	18	28			150	150
1615	5	25			150	150
1616	9	2			150	150
1617	0	2			150	150
1618	0	0			144	150
1619	0	0			150	150
1620	248	6			150	150
1621	8	11			150	150
1622	48	43			150	150
1623	0	0			87	87
1624	0	0			150	147
1625	0	0			150	147
1626	62	29512			150	150
1627	21730	29512			150	150
1628	0	49			79	150
1629	13	40			150	150
1630	4	40			150	150
1631	9	22			139	150
1632	48	99			150	150
1633	0	199			84	150
1634	0	0			150	150
1635	7	14			123	150
1636	145	138			150	150
1637	23	3			150	150
1638	100	84			150	135
1639	250	207			150	136
1640	0	22			98	98
1641	1436	2422			150	150
1642	1436	598			150	150
1643	25	86			150	150
1644	12	0			140	125
1645	0	0			150	107
1646	0	21			150	150
1647	21	23			150	144
1648	5	27			106	150
1649	102	164			138	150
1650	15	7			150	90
1651	5	27			150	150
1652	1	2			111	150
1653	0	0			150	150
1654	7	78			150	150
1655	0	29			120	150
1656	0	1			150	150
1657	62	38			150	120
1658	42	1			114	150
1659	0	140			132	150
1660	57	39			150	143
1661	0	3			150	150
1662	0	3			105	150
1663	0	0			105	150
1664	4	0			150	150
1665	160	155			150	150
1666	2	277			150	150
1667	47	51			126	150
1668	56	74			150	150
1669	0	238			82	150
1670	1	0			150	150
1671	0	0			150	150
1672	274	378			150	150
1673	274	381			150	150
1674	13	3			150	150
1675	13	4			150	150
1676	106	0			150	150
1677	69	7059			150	150
1678	5217	7059			111	150
1679	38	29			110	125
1680	104	29			150	125
1681	1	0			147	150
1682	141	86			150	150
1683	77	62			150	126
1684	0	100			147	147
1685	0	0			150	150
1686	0	0			150	150
1687	2	0			150	150
1688	2	0			150	150
1689	0	0			150	150
1690	0	121			150	150
1691	0	63			150	150
1692	0	0			106	106
1693	0	0			100	100
1694	355	404			150	150
1695	2	6			150	150
1696	1068	0			150	150
1697	2163	0			150	150
1698	0	0			150	150
1699	388	573			150	150
1700	168	230			150	150
1701	340	0			150	150
1702	4	225			150	150
1703	4	330			150	150
1704	4	216			150	150
1705	0	0			150	150
1706	0	0			150	150
1707	0	0			131	150
1708	286	274			150	150
1709	49	31			150	150
1710	706	842			150	150
1711	70	7			150	150
1712	30	27			150	126
1713	78	0			84	87
1714	2943	294			150	119
1715	1872	1			132	150
1716	6	0			138	115
1717	3	53			150	150
1718	18	53			150	150
1719	1	44			150	150
1720	0	0			150	150
1721	48	77			150	150
1722	313	474			150	150
1723	0	0			150	108
1724	0	6			124	150
1725	6	8			150	150
1726	3	8			150	150
1727	6	5			150	150
1728	20	0			141	150
1729	5	0			150	137
1730	0	0			150	137
1731	0	5			150	150
1732	21	16			150	150
1733	0	0			123	150
1734	1	101			118	150
1735	234	157			150	135
1736	0	0			93	126
1737	0	32			150	150
1738	12	10			150	150
1739	6	9			150	150
1740	0	0			150	150
1741	0	0			150	150
1742	52	71			150	150
1743	0	8			150	150
1744	20	55			150	150
1745	48	0			150	129
1746	4	3			150	150
1747	13	3			150	138
1748	9	4			150	143
1749	0	0			150	98
1750	0	0			150	98
1751	40	59			150	150
1752	263	407			150	150
1753	3	1			150	128
1754	27	26			150	150
1755	0	1			150	150
1756	28	16			150	150
1757	48	133			150	150
1758	50	48			150	139
1759	1	57			150	150
1760	220	295			150	150
1761	4	2			150	150
1762	0	3			150	145
1763	35	0			150	150
1764	105	83			150	150
1765	95	135			150	150
1766	76	149			150	150
1767	1	0			150	150
1768	0	4			129	114
1769	31	759			150	150
1770	26	115			135	150
1771	65	74			142	150
1772	0	0			144	150
1773	0	0			144	150
1774	0	0			150	150
1775	19	12			150	132
1776	314	184			150	150
1777	298	55			150	150
1778	1	0			142	150
1779	0	17			96	93
1780	0	0			150	98
1781	0	0			150	98
1782	404	2			120	150
1783	41	1788			150	150
1784	12	1788			150	150
1785	103	83			150	125
1786	103	90			150	150
1787	0	0			150	150
1788	4	6			150	150
1789	5	3			150	150
1790	56	31			150	150
1791	0	0			99	132
1792	47	109			150	150
1793	47	108			150	135
1794	109	108			150	135
1795	109	133			150	150
1796	0	8			149	150
1797	0	5			149	150
1798	16	21			150	150
1799	23	24			150	150
1800	29	1			150	150
1801	33	23			150	150
1802	33	6			150	150
1803	1	42			150	150
1804	25	42			150	150
1805	279	516			126	137
1806	32	32			150	150
1807	52	65			150	150
1808	0	143			150	150
1809	0	2			77	150
1810	2	1125			148	150
1811	74	58			146	146
1812	65	56			150	135
1813	21	24			150	150
1814	30	0			150	80
1815	19	16			150	150
1816	3610	4825			150	150
1817	1227	1369			150	135
1818	16	20			150	150
1819	213	229			150	150
1820	103	0			150	135
1821	111	42			150	150
1822	85	50			144	144
1823	5	12			150	150
1824	0	0			111	150
1825	10	40			150	150
1826	17	11			150	150
1827	10	11			150	150
1828	0	35			150	150
1829	2	0			150	150
1830	1	0			150	79
1831	1	11			150	132
1832	24	0			150	150
1833	10	21			125	150
1834	23	21			125	150
1835	0	21			127	150
1836	8	21			125	150
1837	8	27			131	125
1838	68	79			150	150
1839	21	6			150	150
1840	0	0			116	150
1841	1	0			150	150
1842	5	1			150	150
1843	0	0			150	150
1844	5	8			150	150
1845	0	0			150	150
1846	0	3			150	150
1847	366	271			131	127
1848	0	0			150	150
1849	19	29			150	150
1850	0	0			150	150
1851	368	292			150	141
1852	59	41			150	150
1853	3	0			127	150
1854	3	56			133	150
1855	5	0			104	150
1856	0	0			132	150
1857	78	0			150	150
1858	0	0			93	93
1859	0	0			93	150
1860	8	1			150	150
1861	13	23			150	141
1862	26	20			150	150
1863	22	0			150	150
1864	22	62			150	149
1865	0	62			150	149
1866	40	222			150	150
1867	16	129			150	150
1868	0	0			150	114
1869	0	0			150	114
1870	1	0			150	150
1871	1	0			150	150
1872	0	9			150	150
1873	0	7			150	150
1874	2	0			134	150
1875	2	0			134	150
1876	0	19			134	150
1877	0	0			150	150
1878	9	7			150	150
1879	0	0			150	150
1880	75	45			150	150
1881	0	0			150	137
1882	0	0			150	137
1883	0	0			150	150
1884	2	11			150	150
1885	31	36			150	150
1886	29	101			150	150
1887	29	103			150	150
1888	0	0			150	150
1889	23	0			150	122
1890	2	195			150	150
1891	16	6			150	150
1892	20	28			150	150
1893	40	45			114	150
1894	0	0			135	117
1895	0	0			108	117
1896	0	0			108	135
1897	0	0			108	135
1898	40	4			148	148
1899	23	22			142	150
1900	13	22			120	150
1901	14	20			150	142
1902	0	19			120	142
1903	0	23			117	150
1904	13	23			120	150
1905	0	23			117	150
1906	1	23			120	150
1907	1	25			150	150
1908	12	20			150	150
1909	1	0			150	150
1910	1	0			135	147
1911	1	38			138	131
1912	3	13			150	150
1913	0	13			115	130
1914	0	28			115	130
1915	28	5			150	150
1916	61	48			150	150
1917	3	8			150	150
1918	0	0			150	150
1919	1	4			133	122
1920	1	0			133	150
1921	4	0			122	150
1922	66	17			150	150
1923	27	9			150	150
1924	0	1			93	93
1925	12	43			121	150
1926	22	8			150	121
1927	2	12			123	150
1928	85	88			150	134
1929	11	14			150	150
1930	45	14			150	117
1931	0	0			121	150
1932	0	0			150	150
1933	0	0			121	150
1934	0	0			84	84
1935	0	0			150	84
1936	0	0			150	84
1937	34	1			150	150
1938	12	10			147	147
1939	179	282			150	133
1940	2	0			150	150
1941	0	0			150	150
1942	16	14			150	150
1943	43	63			150	150
1944	190	178			139	150
1945	0	0			150	150
1946	5	43			150	150
1947	46	20			150	129
1948	29	34			129	150
1949	4	4			150	150
1950	11	28			150	150
1951	173	142			150	150
1952	0	6			150	150
1953	1	6			150	129
1954	68	42			150	150
1955	63	6			150	150
1956	183	191			150	150
1957	91	166			150	150
1958	0	0			109	150
1959	8	6			150	150
1960	0	0			126	150
1961	0	0			105	150
1962	57	48			142	150
1963	0	3			150	150
1964	0	1			150	150
1965	3	1			150	150
1966	4	2			150	150
1967	7	7			123	150
1968	0	0			93	93
1969	0	0			150	150
1970	36	58			142	136
1971	343	400			150	150
1972	339	275			150	128
1973	25	14			150	150
1974	3	132			150	142
1975	0	0			115	118
1976	51	44			150	144
1977	1	1			150	150
1978	33	18			150	123
1979	39	10			150	150
1980	41	15			150	150
1981	26	22			143	150
1982	0	0			150	150
1983	1	0			99	126
1984	0	0			99	102
1985	0	0			102	126
1986	0	0			102	129
1987	183	86			150	102
1988	113	125			150	150
1989	6	0			150	150
1990	0	0			150	98
1991	0	0			150	98
1992	10	9			139	150
1993	2	2			150	150
1994	17	18			150	150
1995	1	0			150	150
1996	221	228			150	150
1997	221	308			150	150
1998	0	3			150	150
1999	0	11			150	150
2000	147	95			135	141
2001	32	23			150	150
2002	1	0			147	127
2003	53	37			150	150
2004	31	14			150	109
2005	53	2			142	150
2006	0	0			102	99
2007	47	43			150	150
2008	0	49			97	150
2009	371	287			150	150
2010	0	0			93	90
2011	2	74			102	150
2012	2	56			102	150
2013	181	94			150	124
2014	157	147			150	150
2015	0	0			150	99
2016	1	16			148	78
2017	14	0			123	99
2018	13	30			150	150
2019	22	33			150	142
2020	1	1			150	150
2021	2	0			144	81
2022	0	10			120	150
2023	397	8			150	150
2024	30	14			101	150
2025	12	31			150	150
2026	4	0			108	96
2027	14	0			150	96
2028	14	4			150	108
2029	0	0			150	111
2030	5	73			150	150
2031	5	158			150	150
2032	16	45			150	150
2033	13	28			150	150
2034	2	1			150	150
2035	0	0			125	150
2036	14	0			150	150
2037	0	0			150	150
2038	0	0			150	150
2039	83	0			150	97
2040	38	165			150	132
2041	0	9			150	150
2042	17	24			150	150
2043	16	19			150	136
2044	2	0			150	117
2045	2	6			150	105
2046	0	0			150	150
2047	0	0			150	150
2048	0	0			150	150
2049	0	0			150	150
2050	0	0			150	150
2051	0	0			150	150
2052	0	0			150	150
2053	31	0			150	150
2054	0	0			150	150
2055	10	45			111	150
2056	198	250			150	150
2057	4	4			150	150
2058	1	0			87	87
2059	6	0			150	150
2060	38	51			150	150
2061	41	84			150	150
2062	227	4			150	150
2063	98	111			150	150
2064	0	1			150	150
2065	5	68			150	150
2066	11	115			150	150
2067	183	0			120	150
2068	11	185			131	150
2069	45	107			150	150
2070	0	1			150	150
2071	0	0			150	150
2072	7	18			150	146
2073	0	18			150	146
2074	0	7			150	150
2075	269	156			150	150
2076	15	154			150	150
2077	15	154			150	150
2078	44	32			150	150
2079	0	0			150	150
2080	0	0			150	150
2081	2	0			150	150
2082	35	20			150	147
2083	19	11			150	136
2084	19	20			150	150
2085	40	3			150	150
2086	2	0			150	150
2087	83	0			150	150
2088	0	261			150	150
2089	0	0			138	150
2090	0	0			138	150
2091	0	0			150	150
2092	0	0			150	138
2093	0	0			150	138
2094	2	13			150	150
2095	65	123			150	150
2096	0	0			139	150
2097	8	14			150	150
2098	1	2			150	150
2099	91	138			150	150
2100	138	126			150	150
2101	0	2			108	150
2102	0	0			144	147
2103	0	0			150	150
2104	256	213			150	150
2105	253	0			150	150
2106	3	55			150	150
2107	6	14			150	150
2108	111	119			150	150
2109	0	0			83	77
2110	167	635			138	150
2111	2	0			150	133
2112	0	0			150	150
2113	0	0			150	87
2114	0	0			87	150
2115	0	1			150	150
2116	110	107			149	150
2117	9717	11153			150	150
2118	79	110			150	150
2119	35	40			150	150
2120	28	48			150	150
2121	26	2			150	114
2122	7	13			150	150
2123	1	32			118	150
2124	57	56			150	150
2125	0	0			150	150
2126	118	192			150	150
2127	73	151			150	150
2128	329	444			150	150
2129	0	15			150	150
2130	0	26			150	150
2131	0	2			150	150
2132	42	48			150	115
2133	56	73			150	150
2134	56	71			150	150
2135	0	0			150	141
2136	2	3			150	150
2137	0	0			123	150
2138	29	1			150	150
2139	0	1			150	150
2140	0	0			150	129
2141	1	13			150	150
2142	0	0			125	150
2143	1	42			150	150
2144	1	0			150	129
2145	265	121			150	150
2146	0	0			150	133
2147	57	53			150	150
2148	2	98			150	149
2149	11	181			150	149
2150	0	0			129	150
2151	84	233			126	150
2152	0	0			130	150
2153	0	0			93	150
2154	209	278			150	150
2155	1	3			150	150
2156	2	3			150	150
2157	2	1			150	150
2158	57	72			150	150
2159	32	27			150	150
2160	37	1			148	150
2161	38	26			148	150
2162	19	34			150	148
2163	17	19			150	126
2164	7	8			120	90
2165	7	1			120	90
2166	8	1			90	90
2167	16	21			150	144
2168	2	22			144	150
2169	13	24			144	150
2170	118	99			150	150
2171	0	0			150	98
2172	0	0			150	98
2173	26	79			150	150
2174	1	173			150	150
2175	0	173			109	150
2176	0	1			109	150
2177	13	162			150	150
2178	13	67			150	150
2179	12	15			150	150
2180	14	13			150	150
2181	2	0			135	149
2182	0	1			150	135
2183	163	1			108	111
2184	8	6			150	150
2185	3	4			143	134
2186	49	46			150	105
2187	59	94			105	141
2188	127	174			150	150
2189	12	1			150	150
2190	15	5			150	150
2191	15	2			150	150
2192	78	32			138	150
2193	78	44			138	150
2194	2	3			150	140
2195	26	0			150	149
2196	26	45			150	150
2197	1	47			149	150
2198	98	238			128	150
2199	183	236			150	150
2200	64	80			150	150
2201	0	0			150	150
2202	626	4592			150	149
2203	5258	4592			150	149
2204	2	83			150	150
2205	2	83			150	150
2206	2	83			150	150
2207	0	0			150	150
2208	0	1			150	150
2209	0	0			150	150
2210	1	0			150	150
2211	0	1			150	150
2212	0	0			150	150
2213	0	0			150	150
2214	0	0			150	150
2215	0	0			150	150
2216	57	77			150	150
2217	104	134			149	150
2218	1	0			150	134
2219	3	5			147	150
2220	0	1			150	150
2221	41	26			150	150
2222	1	1			150	150
2223	72	0			150	87
2224	9	0			87	87
2225	2	0			138	150
2226	0	0			138	150
2227	3	0			150	150
2228	3	0			150	138
2229	3	3			150	138
2230	124	204			150	150
2231	78	96			105	103
2232	297	251			150	150
2233	0	1			150	150
2234	61	61			150	150
2235	53	63			150	150
2236	2	53			150	150
2237	9	1			150	150
2238	7	1			150	150
2239	674	0			150	77
2240	0	0			150	150
2241	0	0			127	127
2242	0	0			150	150
2243	0	1			127	127
2244	0	1			127	127
2245	0	0			127	127
2246	3	73			150	150
2247	0	0			150	126
2248	24	39			150	150
2249	2	5			150	150
2250	2	3			150	150
2251	11	11			147	150
2252	0	0			135	150
2253	18	2			150	150
2254	1	0			150	150
2255	30	59			116	150
2256	57	2			87	87
2257	57	1			87	150
2258	0	0			150	103
2259	0	0			150	150
2260	1	6			112	150
2261	16	30			150	116
2262	38	30			150	116
2263	16	92			150	150
2264	38	92			150	150
2265	34	2407			105	123
2266	1833	2416			105	123
2267	2265	1104			129	150
2268	3841	4028			150	129
2269	2512	4028			113	129
2270	2391	1604			150	105
2271	246	146			150	150
2272	0	10			102	99
2273	8	36			150	150
2274	1	0			150	150
2275	77	17			150	106
2276	12	3			129	141
2277	0	0			150	150
2278	5	0			150	150
2279	0	0			150	150
2280	4	0			150	150
2281	0	0			136	150
2282	0	0			150	150
2283	0	5			150	150
2284	0	296			111	121
2285	87	58			141	150
2286	8	52			132	150
2287	0	0			150	150
2288	26	55			141	135
2289	32	133			150	150
2290	0	0			99	99
2291	5	2			134	99
2292	23	0			150	134
2293	17	0			150	134
2294	1	1			150	150
2295	0	2			83	83
2296	1	0			83	110
2297	1	0			83	83
2298	0	0			110	83
2299	2	0			132	141
2300	0	1			99	99
2301	0	0			120	117
2302	0	0			150	150
2303	0	8			92	95
2304	196	1665			150	150
2305	4	6			150	150
2306	278	51			150	92
2307	134	51			150	92
2308	0	0			111	150
2309	2	2			150	150
2310	3	2			150	150
2311	3	2			150	150
2312	22	5			150	150
2313	23	21			144	142
2314	105	2			150	108
2315	0	0			147	150
2316	0	0			129	150
2317	0	0			129	150
2318	0	0			129	150
2319	0	6			129	150
2320	0	0			129	150
2321	0	0			150	150
2322	0	6			150	150
2323	0	0			150	150
2324	0	0			150	150
2325	0	6			150	150
2326	0	0			150	150
2327	0	0			150	150
2328	6	0			150	150
2329	0	0			150	150
2330	0	0			150	123
2331	421	300			150	147
2332	15	17			150	150
2333	0	0			150	150
2334	0	0			150	150
2335	4	22			150	138
2336	0	0			150	146
2337	0	141			150	150
2338	4	5			120	146
2339	19	43			109	143
2340	64	70			150	150
2341	3	133			139	148
2342	0	0			150	144
2343	0	0			150	150
2344	107	137			150	147
2345	70	100			150	150
2346	156	162			150	150
2347	0	0			150	111
2348	10	7			119	150
2349	0	1			150	150
2350	0	1			150	150
2351	17	0			150	120
2352	0	2			150	150
2353	6	0			150	117
2354	2	10188			150	150
2355	1150	10188			150	150
2356	9	72			150	150
2357	1	80			129	150
2358	22	0			150	150
2359	1	22			138	150
2360	17	2749			150	150
2361	6	10			127	150
2362	0	0			150	109
2363	0	4			94	94
2364	138	168			150	150
2365	142	179			150	150
2366	200	12			150	150
2367	145	1			150	150
2368	0	0			121	133
2369	9	13			150	150
2370	32	9			145	150
2371	12	26			145	150
2372	0	0			126	150
2373	83	95			150	150
2374	0	0			119	150
2375	0	0			150	99
2376	0	0			116	99
2377	0	0			116	150
2378	0	0			150	150
2379	0	0			150	150
2380	10	3			150	150
2381	1	2			150	150
2382	9	2			150	150
2383	64	70			144	150
2384	0	165			150	150
2385	0	165			150	150
2386	142	143			150	150
2387	3	48			150	150
2388	13	17			138	150
2389	0	2			150	149
2390	0	3			150	150
2391	6	0			135	135
2392	1	2			150	150
2393	0	2			150	108
2394	0	0			150	150
2395	1	17			109	150
2396	43	119			150	150
2397	0	0			150	150
2398	9	6			150	111
2399	0	19			150	138
2400	0	12			150	150
2401	8	13			150	150
2402	40	4			150	150
2403	0	0			123	150
2404	0	1			143	137
2405	0	11			150	150
2406	3	1			150	150
2407	34	41			150	150
2408	1	20			78	78
2409	0	2			93	93
2410	0	3			150	150
2411	25	36			150	150
2412	354	6			150	150
2413	0	0			90	78
2414	0	0			117	78
2415	1	5			150	150
2416	68	97			130	150
2417	27	24			150	150
2418	9	1			150	150
2419	55	35			145	150
2420	10	21			150	150
2421	68	85			150	150
2422	142	1			150	150
2423	21	0			150	150
2424	8	4			150	150
2425	5	3			150	150
2426	0	1			127	150
2427	1	0			150	150
2428	0	0			150	150
2429	1	6			150	150
2430	104	122			150	150
2431	0	1			150	150
2432	41	0			150	150
2433	5	4			150	150
2434	14	4			150	150
2435	18	3			150	137
2436	6	4			113	137
2437	29	4			150	150
2438	33	12			150	113
2439	38	12			150	113
2440	28	17			150	113
2441	5	0			150	150
2442	5	31			130	150
2443	28	37			150	150
2444	0	0			150	150
2445	40	58			150	150
2446	0	0			150	150
2447	1	15			125	150
2448	1	4			150	150
2449	22	39			150	150
2450	51	90			150	150
2451	2	120			150	150
2452	2	120			150	150
2453	22	4			150	150
2454	22	4			150	150
2455	0	20			150	150
2456	167	161			150	129
2457	13	5			150	150
2458	38	52			150	150
2459	35	0			150	150
2460	19	31			150	150
2461	18	0			150	78
2462	19	16			124	117
2463	794	1201			150	150
2464	3	0			150	150
2465	0	0			150	150
2466	35	10			132	120
2467	34	43			141	138
2468	0	2			93	93
2469	0	3			90	150
2470	0	1			131	141
2471	2	0			150	96
2472	0	1			150	150
2473	0	8			150	150
2474	0	0			150	150
2475	0	2			150	150
2476	0	0			150	150
2477	0	0			150	150
2478	1	0			150	150
2479	6	1			81	150
2480	22	2			117	150
2481	23	60			147	150
2482	0	0			150	150
2483	4	10			150	150
2484	8	14			150	150
2485	3	0			145	150
2486	3	4			130	150
2487	0	0			138	120
2488	32	39			150	150
2489	46	8			150	127
2490	8	14			119	125
2491	243	4			150	150
2492	243	204			150	150
2493	0	0			150	150
2494	127	59			150	150
2495	0	0			81	81
2496	0	0			150	150
2497	22	1			150	150
2498	422	350			150	134
2499	26	16			150	150
2500	236	271			150	150
2501	165	200			150	150
2502	1	2			150	150
2503	0	0			150	150
2504	0	24			150	115
2505	104	171			150	150
2506	166	153			150	150
2507	0	0			145	150
2508	202	187			150	150
2509	55	0			150	144
2510	339	231			150	140
2511	0	1			123	150
2512	0	0			93	93
2513	1	1			150	137
2514	4	3			150	150
2515	0	0			150	135
2516	0	3			150	133
2517	0	0			133	150
2518	31	20			150	121
2519	247	263			150	150
2520	17	1			126	126
2521	6	16			126	138
2522	1	37			149	150
2523	11	35			150	150
2524	29	13			150	150
2525	3	2			150	150
2526	39	95			150	150
2527	39	23			150	150
2528	58	25			150	117
2529	55	67			150	150
2530	152	166			146	149
2531	17	102			150	150
2532	1	6			150	150
2533	1	4			150	150
2534	101	178			150	150
2535	194	177			150	150
2536	30	3			150	96
2537	30	4			150	150
2538	0	3			150	150
2539	24	157			142	150
2540	73	21			142	113
2541	13730	15899			130	150
2542	26	54			150	150
2543	17	22			150	150
2544	5	1			150	150
2545	36	71			145	150
2546	1	0			150	150
2547	56	78			150	150
2548	28	19			150	150
2549	0	1			150	150
2550	2	0			150	125
2551	0	0			150	150
2552	38	0			150	150
2553	38	0			150	150
2554	87	51			150	150
2555	19	36			147	150
2556	0	0			150	98
2557	0	0			150	98
2558	0	0			150	150
2559	3	0			150	150
2560	3	0			150	150
2561	3	0			150	150
2562	0	0			150	150
2563	0	1			150	114
2564	97	69			150	125
2565	11	41			150	150
2566	0	0			123	150
2567	110	122			150	150
2568	275	421			150	150
2569	109	82			137	150
2570	0	0			96	99
2571	3	0			150	150
2572	0	0			150	125
2573	47	51			150	150
2574	41	50			150	150
2575	49	50			150	150
2576	2	0			147	147
2577	0	0			147	147
2578	0	2			150	150
2579	6	8			150	150
2580	28	43			150	150
2581	22	0			150	150
2582	24	0			150	150
2583	0	0			94	94
2584	0	0			87	87
2585	0	0			87	87
2586	0	0			87	87
2587	0	0			150	150
2588	10	14			150	150
2589	58	2			150	150
2590	52	74			150	150
2591	41	67			138	150
2592	27	0			150	150
2593	25	0			150	150
2594	0	2			150	150
2595	0	0			141	150
2596	0	0			141	150
2597	8	10			150	150
2598	16	17			150	144
2599	90	0			150	150
2600	0	6			150	150
2601	0	46			150	146
2602	0	35			150	137
2603	6	46			150	146
2604	6	35			150	137
2605	10	11			150	147
2606	0	0			123	150
2607	8	2			138	150
2608	19	39			150	150
2609	2	0			150	150
2610	2	0			150	150
2611	0	0			150	150
2612	22	23			150	150
2613	668	27			145	147
2614	75	144			150	147
2615	75	46			150	150
2616	6	219			146	147
2617	0	0			150	150
2618	21	3			150	150
2619	9	0			150	150
2620	4	0			150	150
2621	5	0			150	150
2622	24	45			123	150
2623	38	59			150	150
2624	41	45			150	150
2625	32	56			150	150
2626	91	246			129	150
2627	53	74			150	150
2628	53	1			150	150
2629	844	1235			150	150
2630	9	1235			144	150
2631	844	1238			150	150
2632	661	832			131	150
2633	0	503			125	122
2634	78	149			150	150
2635	77	89			150	150
2636	34	47			117	150
2637	0	4			150	150
2638	710	1135			150	150
2639	0	0			109	143
2640	0	0			150	150
2641	2	0			150	150
2642	1	0			150	150
2643	3	3			126	148
2644	15	10			126	148
2645	15	14			126	148
2646	10	14			148	148
2647	16	5			148	148
2648	6	503			149	150
2649	1	1068			102	150
2650	55	30			150	104
2651	31	27			150	150
2652	276	468			150	150
2653	280	345			150	150
2654	264	390			150	150
2655	0	0			150	150
2656	13	0			150	150
2657	32	4			150	150
2658	29	43			150	150
2659	101	246			120	117
2660	44	51			150	150
2661	79	67			146	131
2662	6	3			150	150
2663	0	0			150	150
2664	0	0			150	150
2665	7	7			150	150
2666	83	64			150	123
2667	83	54			150	118
2668	19	19			150	127
2669	33	68			150	144
2670	0	201			150	150
2671	5	5			150	150
2672	1	5			150	150
2673	14	42			150	150
2674	3	36			150	150
2675	0	0			140	150
2676	0	0			123	140
2677	0	0			150	150
2678	36	39			150	150
2679	0	0			123	150
2680	18	17			150	150
2681	18	25			150	150
2682	45	45			150	150
2683	555	646			150	138
2684	609	667			150	150
2685	409	494			145	136
2686	0	38			147	150
2687	890	2561			134	150
2688	17	2			150	150
2689	9	2			150	150
2690	18	5			150	150
2691	9	5			130	150
2692	178	5			150	150
2693	178	18			150	150
2694	178	9			150	130
2695	174	4			150	103
2696	1	61			150	150
2697	6	33			150	150
2698	0	6			142	116
2699	0	0			150	150
2700	17	72			110	150
2701	37	32			150	122
2702	0	0			150	148
2703	52	124			150	150
2704	70	0			150	150
2705	81	116			150	150
2706	71	104			147	150
2707	1	0			150	150
2708	2	46			150	150
2709	22	2			126	150
2710	88	1			149	150
2711	0	0			150	150
2712	71	77			150	150
2713	63	58			150	139
2714	1	0			150	150
2715	1	0			150	150
2716	4	20			150	150
2717	22	37			150	150
2718	0	0			96	102
2719	0	0			96	96
2720	174	54			150	150
2721	138	1			87	87
2722	0	0			150	150
2723	0	0			150	150
2724	0	0			132	150
2725	0	0			150	150
2726	23	15			150	150
2727	0	3			150	121
2728	0	0			109	150
2729	1	6			150	150
2730	0	6			150	150
2731	5	6			150	150
2732	1	6			150	150
2733	0	1			150	150
2734	5	1			150	150
2735	1	1			150	150
2736	5	0			150	150
2737	1	0			150	150
2738	1	5			150	150
2739	71	61			150	150
2740	0	0			123	150
2741	119	188			136	150
2742	134	1			150	136
2743	147	113			150	136
2744	3	6			150	150
2745	0	1			90	150
2746	0	0			129	129
2747	7	92			150	150
2748	0	0			78	78
2749	0	0			78	78
2750	0	0			78	78
2751	0	0			150	150
2752	0	6			150	150
2753	1	0			150	150
2754	4	1			150	150
2755	6	19			100	141
2756	78	62			150	150
2757	0	0			96	150
2758	0	0			150	147
2759	85	21			150	150
2760	0	4			150	147
2761	0	1			141	135
2762	50	69			128	146
2763	8	0			150	150
2764	8	236			150	150
2765	24	0			150	108
2766	3	5			150	150
2767	0	7			150	150
2768	5	2			150	150
2769	1229	1735			150	150
2770	9	13			150	150
2771	76	141			111	150
2772	172	42			150	105
2773	76	41			117	105
2774	3	19			150	148
2775	159	222			150	150
2776	338	270			150	150
2777	138	125			150	150
2778	96	95			150	150
2779	12	13			150	143
2780	18	22			101	130
2781	43	90			150	150
2782	6	90			150	150
2783	61	4			150	150
2784	0	209			119	150
2785	4	0			150	150
2786	0	1			123	150
2787	0	0			150	150
2788	453	370			150	150
2789	4	0			150	132
2790	0	0			138	150
2791	7	231			101	150
2792	0	0			150	150
2793	0	0			150	150
2794	0	0			150	150
2795	0	0			148	150
2796	0	0			150	150
2797	0	0			138	140
2798	0	0			150	150
2799	0	0			128	150
2800	0	0			150	150
2801	17	2			150	98
2802	22	16			150	98
2803	17	29			150	150
2804	101	104			150	150
2805	101	11			150	150
2806	106	115			150	150
2807	12	11			147	141
2808	41	48			150	150
2809	98	29			150	129
2810	2	0			96	96
2811	58	47			150	150
2812	0	149			150	128
2813	21	73			150	128
2814	7	3			150	150
2815	52	84			123	146
2816	44	56			141	123
2817	2	10			129	149
2818	5	20			150	139
2819	2	5			150	150
2820	91	79			150	150
2821	60	102			150	150
2822	0	0			147	141
2823	4	1			150	150
2824	20	5			150	150
2825	0	0			150	130
2826	15	18			150	150
2827	0	16			150	150
2828	303	49			136	150
2829	303	284			136	150
2830	251	332			136	150
2831	3	0			150	150
2832	3	15			150	150
2833	4	4			110	150
2834	0	0			150	150
2835	17	15			125	150
2836	7	104			150	150
2837	15	112			150	150
2838	38	55			150	150
2839	0	1			150	114
2840	0	0			102	132
2841	4	24			150	150
2842	0	0			150	150
2843	20	42			150	150
2844	10	8			150	150
2845	55	56			150	150
2846	15	16			150	150
2847	1	7			150	150
2848	0	3			150	150
2849	8	0			150	116
2850	12	0			132	116
2851	3	25			150	150
2852	17	22			120	144
2853	111	451			150	150
2854	111	410			150	144
2855	490	557			150	150
2856	775	492			150	150
2857	1	31			81	150
2858	41	29			150	150
2859	45	39			150	150
2860	29	65			150	150
2861	15	17			135	135
2862	8	33			150	135
2863	27	25			132	150
2864	9	1			150	147
2865	0	0			145	150
2866	388	320			150	150
2867	0	3			150	150
2868	0	12			150	150
2869	4	5			116	150
2870	49	49			150	150
2871	15	0			87	150
2872	0	0			150	103
2873	0	0			150	150
2874	0	0			150	150
2875	143	326			101	150
2876	292	450			150	150
2877	25	30			150	150
2878	2	0			150	150
2879	0	1			150	128
2880	3	3			150	150
2881	1	0			150	148
2882	3	7			150	150
2883	3	5			150	112
2884	3	0			150	150
2885	47	0			145	150
2886	0	0			105	147
