ID	IJC_SAMPLE_1	SJC_SAMPLE_1	IJC_SAMPLE_2	SJC_SAMPLE_2	IncFormLen	SkipFormLen
0	0	0			247	137
1	0	0			367	137
2	0	0			367	247
3	0	0			168	98
4	0	0			168	98
5	0	0			138	255
6	0	0			138	255
7	0	0			153	255
8	0	0			153	138
9	0	0			153	138
10	0	0			247	137
11	0	0			367	137
12	0	0			367	247
13	0	0			138	255
14	0	0			138	255
15	0	0			153	255
16	0	0			153	138
17	0	0			153	138
18	0	0			123	165
19	0	0			247	137
20	0	0			367	137
21	0	0			367	247
22	0	0			138	255
23	0	0			138	255
24	0	0			153	255
25	0	0			153	138
26	0	0			153	138
27	0	0			174	214
28	0	0			224	108
29	0	0			192	111
30	0	0			123	165
31	0	0			247	137
32	0	0			367	137
33	0	0			367	247
34	0	0			138	255
35	0	0			138	255
36	0	0			153	255
37	0	0			153	138
38	0	0			153	138
39	0	0			123	165
40	0	0			247	137
41	0	0			367	137
42	0	0			367	247
43	0	0			168	98
44	0	0			168	98
45	0	0			192	111
46	0	0			179	259
47	0	0			259	333
48	0	0			193	192
49	0	0			147	141
50	0	0			218	103
51	0	0			360	151
52	0	0			193	192
53	0	0			111	153
54	0	0			218	103
55	0	0			360	151
56	0	0			147	141
57	0	0			218	103
58	0	0			360	151
59	0	0			193	192
60	0	0			147	141
61	0	0			111	153
62	0	0			193	192
63	0	0			147	141
64	0	0			372	372
65	0	0			218	103
66	0	0			360	151
67	0	0			84	102
68	0	0			148	226
69	0	0			165	238
70	0	0			231	174
71	0	0			141	312
72	0	0			138	297
73	0	0			1374	252
74	0	0			99	126
75	0	0			99	102
76	0	0			102	126
77	0	0			102	129
78	0	0			170	186
79	0	0			206	217
80	0	0			230	203
81	0	0			403	121
82	0	0			182	177
83	0	0			284	177
84	0	0			172	246
85	0	0			172	153
86	0	0			232	211
87	0	0			232	170
88	0	0			190	183
89	0	0			166	291
90	0	0			160	108
91	0	0			126	179
92	0	0			218	103
93	0	0			360	151
94	0	0			173	173
95	0	0			372	372
96	8	4			210	165
97	0	0			123	165
98	2	3			106	170
99	0	0			420	238
100	37	141			138	297
101	56	46			191	143
102	16	18			170	186
103	0	0			193	192
104	0	0			192	111
105	3	2			164	137
106	1	6			137	172
107	1	6			137	172
108	0	0			231	231
109	1	2			194	457
110	0	279			115	205
111	1	0			111	105
112	0	0			217	183
113	39	9			558	130
114	0	0			193	114
115	2	14			213	123
116	1	8			184	222
117	47	84			206	217
118	77	1			175	121
119	44	2			175	121
120	423	0			1266	192
121	32	103			153	198
122	115	129			226	252
123	115	132			226	260
124	3	0			93	90
125	683	957			143	183
126	13	17			210	231
127	67	167			151	204
128	4	18			144	111
129	0	0			93	93
130	230	142			211	161
131	0	0			206	126
132	0	2			206	235
133	0	2			126	235
134	7	13			159	177
135	423	25			153	210
136	0	0			175	160
137	84	135			123	140
138	29	27			211	172
139	0	0			420	238
140	89	48			252	146
141	0	189			188	185
142	1433	2155			135	177
143	46	248			262	738
144	57	41			156	124
145	100	120			163	207
146	0	15			136	168
147	0	5			182	221
148	1111	1532			176	189
149	275	215			255	210
150	2	1			167	212
151	49	104			142	227
152	116	11			2424	234
153	2	2			167	195
154	7	52			263	215
155	38	1			215	169
156	848	646			155	137
157	8353	1696			573	156
158	50	2			175	147
159	34	1			115	118
160	466	657			182	215
161	137	61			154	146
162	124	98			172	123
163	123	91			220	123
164	26	0			223	434
165	19	0			223	113
166	26	0			223	113
167	20	4			282	254
168	1272	1546			219	268
169	13	89			146	229
170	12	26			146	153
171	0	5			153	119
172	0	17			153	130
173	17	2			153	119
174	5	17			119	130
175	0	36			154	255
176	29	29			255	130
177	41	41			160	157
178	19	126			121	204
179	10	139			121	204
180	25	139			175	204
181	38	139			180	204
182	25	10			175	121
183	38	10			180	121
184	8	44			147	144
185	0	3			175	215
186	0	0			185	133
187	18	4			129	148
188	9	3			1030	221
189	1	3			197	221
190	342	105			242	264
191	58	25			254	254
192	29	131			199	233
193	0	0			141	175
194	7	2			219	184
195	1873	321			243	132
196	73	177			191	294
197	0	1			300	144
198	4	12			117	243
199	51	5			765	163
200	30	25			189	168
201	1	2			222	207
202	9	0			645	198
203	55	107			200	163
204	0	0			123	182
205	43	71			193	225
206	95	131			255	318
207	1	199			155	164
208	0	25			232	266
209	98	117			258	486
210	2	0			357	155
211	519	372			141	129
212	448	171			148	230
213	76	315			218	204
214	198	147			220	197
215	165	157			201	217
216	15	41			166	217
217	0	6			151	192
218	135	236			148	123
219	25	159			131	206
220	1	0			141	139
221	4	0			163	118
222	255	63			158	164
223	804	32			161	222
224	804	49			161	278
225	0	0			183	168
226	0	0			150	222
227	3	1			319	319
228	11	2			192	122
229	10	15			251	246
230	0	4			193	193
231	13	4			106	226
232	0	1			97	97
233	4	0			111	153
234	0	0			218	103
235	0	0			360	151
236	17	9			247	177
237	118	172			214	254
238	49	39			171	183
239	1	1			249	373
240	1	0			136	229
241	0	0			147	229
242	58	56			133	243
243	136	103			207	143
244	223	74			210	175
245	160	206			171	210
246	130	256			119	136
247	118	18			451	197
248	343	520			220	205
249	24	30			276	276
250	0	0			148	198
251	230	329			163	162
252	632	32			161	161
253	986	3			156	141
254	0	1			268	366
255	0	1			314	366
256	3	3			191	120
257	11	8			240	240
258	68	42			164	136
259	160	0			213	120
260	70	258			260	454
261	36	121			197	159
262	0	3			200	195
263	0	3			200	250
264	1	2			124	121
265	2	6			153	157
266	2238	2266			192	207
267	1411	1737			168	117
268	0	0			122	119
269	43	67			163	187
270	72	176			140	186
271	166	26			186	151
272	899	1404			176	228
273	34	111			140	241
274	206	462			237	269
275	475	417			202	195
276	1	0			171	118
277	69	1			328	174
278	119	3			85	85
279	1	1			173	206
280	813	802			244	150
281	38	69			208	281
282	606	254			255	280
283	0	0			143	143
284	0	0			103	143
285	4	3			299	249
286	63	602			163	393
287	1	1			172	172
288	165	4			138	193
289	156	82			192	158
290	1157	3			192	265
291	4	14			164	202
292	17	29			137	236
293	1	5			108	123
294	8	4			230	202
295	0	0			157	265
296	0	0			269	265
297	0	0			269	157
298	51	82			162	230
299	95	16			206	187
300	51	16			202	187
301	348	887			140	204
302	5	6			150	121
303	2	0			133	102
304	247	204			311	299
305	247	249			311	302
306	59	76			230	236
307	0	0			248	173
308	65	166			238	242
309	446	582			238	276
310	365	39			195	132
311	295	304			195	222
312	113	283			192	306
313	0	0			163	132
314	32	25			158	158
315	108	157			144	243
316	0	1			166	291
317	0	0			190	183
318	1	2			232	170
319	1	2			232	211
320	70	24			397	200
321	3	0			202	226
322	0	0			166	226
323	0	0			125	143
324	3	0			202	204
325	1	3			223	202
326	0	3			166	202
327	1	3			207	202
328	3	27			373	300
329	0	0			167	136
330	0	11			116	199
331	0	54			123	232
332	1	1			204	213
333	116	141			199	141
334	11	23			174	172
335	712	854			195	195
336	153	49			153	270
337	31	99			270	140
338	43	161			270	140
339	216	297			207	225
340	2	0			194	190
341	0	0			216	190
342	4	0			241	190
343	3	0			199	190
344	3	1			241	211
345	0	2			216	194
346	4	2			241	194
347	3	2			199	194
348	4	0			241	216
349	3	0			199	216
350	3	4			199	241
351	3	4			199	241
352	160	376			173	276
353	42	70			145	172
354	15	24			185	159
355	57	106			146	174
356	578	995			160	180
357	99	149			219	324
358	83	162			226	219
359	2264	1787			276	204
360	1	0			174	198
361	5	0			150	198
362	5	1			150	174
363	3	0			150	174
364	0	0			158	189
365	0	0			202	121
366	82	82			205	175
367	42	82			117	175
368	42	82			117	205
369	41	35			160	108
370	17	44			108	180
371	66	96			122	165
372	91	244			117	149
373	1	207			125	198
374	2	208			125	198
375	2	306			125	198
376	0	11			131	125
377	191	3			185	173
378	115	3			160	173
379	2	18			149	180
380	11	407			124	180
381	21	12			148	154
382	0	0			174	214
383	28	19			214	179
384	14	68			168	144
385	23	13			165	155
386	2304	1524			241	172
387	2	7			168	193
388	22	50			138	158
389	0	0			120	120
390	1	0			133	150
391	37	0			183	114
392	287	264			224	165
393	926	426			234	138
394	129	9			268	134
395	13	11			127	126
396	11	5			184	252
397	17	77			129	204
398	6	1			268	123
399	97	199			170	229
400	9	1			150	215
401	218	316			209	143
402	193	316			185	143
403	2	0			201	170
404	2	4			129	153
405	211	128			188	144
406	71	113			195	196
407	109	105			204	196
408	0	535			100	100
409	76	208			119	180
410	93	1			127	119
411	358	2059			162	3319
412	779	619			222	173
413	6	2			230	95
414	2	0			174	96
415	103	260			124	225
416	0	0			135	177
417	6	2			167	155
418	184	61			539	225
419	2	1			198	187
420	34	53			147	140
421	13	53			162	140
422	24	53			214	140
423	34	120			147	229
424	13	120			162	229
425	24	120			214	229
426	392	301			167	141
427	0	1			166	295
428	24	63			155	224
429	42	20			224	187
430	9	0			176	142
431	22	5			250	176
432	8	0			199	138
433	8	1			199	147
434	0	1			138	147
435	51	108			123	227
436	0	0			167	167
437	101	64			243	177
438	52	64			219	177
439	8	6			250	229
440	97	190			151	196
441	44	53			165	167
442	11	505			117	271
443	482	531			171	171
444	0	0			450	651
445	0	0			176	133
446	0	0			108	135
447	991	2104			154	282
448	39	234			172	209
449	7	3			337	200
450	7	3			337	196
451	34	119			302	148
452	7	4			202	159
453	1	9			171	198
454	209	22			140	178
455	29	42			114	246
456	51	33			135	102
457	1	2596			145	244
458	1186	2596			188	244
459	247	125			181	181
460	25	14			189	249
461	14	6			179	249
462	15	6			182	249
463	25	25			189	189
464	14	17			179	189
465	15	17			182	189
466	66	23			284	192
467	215	244			188	166
468	0	1			430	150
469	2	5			163	366
470	1	0			197	104
471	33	2			182	151
472	1	1			197	273
473	119	80			188	148
474	44	9			211	157
475	65	60			198	191
476	16	62			95	156
477	55	18			177	177
478	62	70			220	221
479	62	70			201	221
480	0	0			84	84
481	25	3			102	153
482	94	58			211	168
483	4	0			328	200
484	164	141			231	220
485	53	639			102	201
486	5	52			128	243
487	13	8			187	128
488	0	131			169	137
489	226	409			200	199
490	342	346			234	171
491	5	204			156	135
492	33	57			150	129
493	2	53			147	147
494	5	25			214	278
495	5	25			212	278
496	5	5			212	214
497	25	0			286	133
498	2	0			244	174
499	0	0			189	228
500	110	75			284	146
501	708	795			195	280
502	1288	84			215	159
503	929	915			159	152
504	3	0			226	197
505	30	19			197	207
506	3	122			166	166
507	1	1			168	168
508	78	1			363	168
509	78	1			363	168
510	1630	19			127	229
511	32	1			207	161
512	53	5			197	200
513	204	246			147	155
514	224	248			172	155
515	4	0			260	258
516	2	0			207	161
517	13	67			162	255
518	1965	18			147	245
519	3	1			321	84
520	9	1			516	84
521	4	7			205	462
522	33	5			173	128
523	33	55			173	340
524	34	63			153	160
525	0	8			191	195
526	7	286			146	440
527	1	1			145	220
528	1	1			145	671
529	12	27			126	177
530	27	34			161	184
531	0	64			200	227
532	49	62			160	218
533	19	57			160	255
534	135	117			205	172
535	313	794			197	204
536	1462	1435			154	147
537	0	0			185	189
538	185	364			175	289
539	306	340			135	250
540	0	0			179	119
541	1	0			79	82
542	56	4			214	214
543	12	70			220	368
544	26	12			704	197
545	2	12			253	197
546	0	65			108	144
547	0	16			108	102
548	0	1			78	255
549	50	671			186	205
550	50	402			186	233
551	15	35			111	161
552	432	638			195	202
553	331	204			327	276
554	21	4			162	198
555	129	32			926	263
556	16	25			154	213
557	295	270			193	182
558	11	0			113	137
559	1414	1191			225	195
560	106	32			125	162
561	143	631			118	238
562	647	408			238	153
563	266	79			540	193
564	112	126			250	239
565	644	281			267	150
566	100	61			216	160
567	2	0			216	192
568	1	0			158	125
569	252	709			148	259
570	265	79			201	141
571	2	2			249	246
572	4	0			246	81
573	11	0			138	236
574	0	3			159	168
575	0	0			159	162
576	3	0			168	162
577	0	0			192	196
578	9	2			198	137
579	0	0			354	354
580	92	96			198	203
581	983	1820			201	201
582	1717	1490			151	151
583	47	5			149	137
584	98	16			161	164
585	98	100			161	164
586	0	0			98	98
587	0	0			81	81
588	47	6			128	132
589	0	0			168	105
590	0	0			117	105
591	0	6			196	193
592	0	0			171	171
593	95	116			215	213
594	15	5			198	292
595	126	2			120	292
596	34	2			163	215
597	78	171			147	144
598	29	45			147	261
599	33	65			161	203
600	50	79			133	147
601	86	137			147	207
602	338	653			178	205
603	128	66			258	156
604	1	12			236	197
605	52	75			114	149
606	0	0			147	141
607	2	0			207	161
608	0	4			157	146
609	5	0			84	84
610	21	31			190	251
611	78	341			204	750
612	10	3			196	151
613	15	0			692	190
614	14	2			196	163
615	82	31			144	108
616	150	104			178	159
617	0	0			225	141
618	0	0			260	455
619	53084	21183			726	226
620	24	925			267	179
621	206	112			192	130
622	206	233			192	185
623	206	336			192	243
624	18	12			240	181
625	18	15			240	115
626	41	51			237	140
627	82	51			204	140
628	20	8			176	198
629	167	281			192	267
630	4	1			171	231
631	11	1			126	270
632	23	90			156	180
633	1	0			221	170
634	27	59			208	120
635	1	4			153	135
636	0	0			96	96
637	64	17			190	116
638	0	0			160	173
639	0	1			129	137
640	2	2			219	204
641	392	2			100	100
642	23	16			279	234
643	0	2			318	421
644	0	0			318	318
645	61	13			222	114
646	106	170			156	201
647	0	0			172	125
648	0	0			193	192
649	72	23			235	99
650	22	13			180	147
651	1	6			200	142
652	3	0			142	194
653	0	0			142	111
654	0	0			182	179
655	32	180			137	287
656	13	25			133	168
657	43	0			168	114
658	13	31			137	183
659	2	0			252	180
660	48	58			230	203
661	0	0			168	246
662	0	1			174	200
663	136	52			221	165
664	4	4			226	148
665	1	0			165	153
666	4	17			103	183
667	11	19			186	216
668	56	40			286	222
669	0	17			76	211
670	521	328			143	130
671	213	444			172	221
672	282	295			210	172
673	0	0			138	195
674	47	32			173	156
675	173	180			171	176
676	1	8			186	194
677	32	103			143	250
678	15	0			163	138
679	146	0			243	138
680	146	15			243	163
681	0	0			110	127
682	0	0			126	180
683	154	120			245	162
684	30	11			186	131
685	106	65			218	138
686	5	0			125	195
687	0	0			530	142
688	32	89			251	242
689	14	10			245	189
690	43	17			292	163
691	0	1			143	284
692	0	1			141	255
693	247	82			164	105
694	0	0			123	99
695	2	35			211	214
696	2	0			198	131
697	3	58			136	259
698	0	0			193	192
699	16	32			155	179
700	0	14			191	732
701	6	52			166	178
702	10	106			166	178
703	357	789			224	304
704	78	73			126	170
705	35	54			203	506
706	62	66			210	234
707	55	59			225	210
708	4	2			594	412
709	7	21			290	256
710	7	15			290	255
711	136	85			211	166
712	185	156			243	207
713	0	0			120	208
714	21	0			147	354
715	2	0			168	202
716	0	1			135	237
717	0	0			211	151
718	13	32			140	163
719	0	1			169	126
720	101	120			200	395
721	1	47			121	144
722	35	18			243	110
723	3	85			92	183
724	191	213			208	207
725	0	0			262	317
726	547	5			227	215
727	490	278			275	166
728	15276	41140			222	261
729	10350	41140			181	261
730	61	26			176	192
731	61	28			176	138
732	161	105			228	138
733	5	8			114	170
734	94	101			214	220
735	16	54			144	257
736	17	47			144	257
737	65	49			257	221
738	1	108			213	234
739	5	85			151	146
740	54	1			255	168
741	52	1			291	168
742	5	127			143	185
743	5	62			269	142
744	37	49			225	324
745	27	49			180	324
746	27	60			180	324
747	0	0			81	81
748	293	127			177	146
749	2	1			195	179
750	105	24			684	170
751	66	1			178	183
752	23	1			197	183
753	23	66			197	178
754	5	104			134	168
755	1	0			233	102
756	146	138			111	114
757	294	122			117	114
758	1	14			134	118
759	33	696			270	314
760	4	4			197	159
761	17	10			316	197
762	6	12			239	316
763	11	0			87	84
764	18	0			255	147
765	18	0			255	150
766	6	0			183	150
767	18	56			173	193
768	1	0			142	106
769	81	95			213	181
770	36	95			198	181
771	110	1			83	83
772	0	0			200	196
773	0	0			84	84
774	53	86			243	252
775	60	0			92	92
776	0	3			99	99
777	0	0			208	211
778	4	0			206	144
779	4	0			206	167
780	0	0			144	167
781	120	165			214	286
782	2	6			262	299
783	2	7			262	133
784	2	1			262	236
785	6	1			299	236
786	7	1			133	236
787	11	4			278	195
788	8	4			274	191
789	157	265			132	216
790	434	105			216	219
791	22	50			158	168
792	8	2			178	109
793	0	0			186	358
794	0	0			186	186
795	7	75			157	211
796	46	58			274	197
797	1086	2			185	197
798	156	117			183	141
799	6	4			158	238
800	246	250			227	198
801	77	4			125	136
802	240	1			286	128
803	133	46			207	195
804	121	4			185	249
805	237	87			147	185
806	2	0			279	132
807	0	0			173	132
808	0	2			173	279
809	25	142			112	225
810	6334	130			178	173
811	6316	33			107	113
812	2	6			198	279
813	12	28			207	290
814	0	0			255	206
815	53	58			191	158
816	53	39			191	124
817	62	16			191	158
818	62	4			191	124
819	62	100			191	177
820	15	161			158	262
821	15	24			158	110
822	16	100			158	177
823	4	100			124	177
824	7	7			178	140
825	0	1			138	149
826	196	0			185	150
827	127	0			214	150
828	16747	17825			171	259
829	322	448			173	194
830	2	2			183	159
831	0	3			217	230
832	7	26			156	163
833	6	0			204	114
834	601	14			2986	240
835	31	39			252	243
836	0	0			114	200
837	17	19			122	147
838	22	83			162	238
839	25	20			153	108
840	15	3			216	143
841	177	292			174	173
842	0	0			97	99
843	14	1			171	158
844	0	1			120	120
845	0	1			135	195
846	3	8			192	174
847	1	0			164	279
848	177	315			160	213
849	43	8			160	108
850	1471	2439			195	1472
851	1472	1094			195	171
852	1500	631			195	171
853	446	288			254	184
854	112	474			113	254
855	63	87			173	168
856	536	101			183	101
857	0	0			87	87
858	0	1			102	229
859	44	74			188	190
860	58	59			190	174
861	15	53			534	354
862	102	103			245	185
863	95	431			209	249
864	87	118			136	171
865	33	109			168	328
866	96	100			328	303
867	0	0			297	195
868	45	96			124	153
869	5	7			99	100
870	0	0			231	150
871	84	29			177	209
872	70	116			130	170
873	178	48			167	130
874	2	2			153	169
875	7	2			250	169
876	24	82			114	195
877	80	368			179	202
878	352	380			387	366
879	506	244			366	207
880	251	440			153	184
881	1	0			90	90
882	0	1			90	78
883	0	0			117	78
884	45	73			198	230
885	48	25			211	163
886	0	581			113	142
887	236	581			142	142
888	236	0			142	113
889	517	902			171	251
890	756	736			171	151
891	453	290			189	130
892	0	2			167	167
893	33	67			192	381
894	3	9			148	198
895	2	9			223	198
896	1	3			148	198
897	57	114			201	270
898	19	28			109	141
899	5	300			147	247
900	12	300			206	247
901	2	0			175	121
902	22	1			136	128
903	1	36			170	244
904	4	6			157	138
905	5	4			219	198
906	81	71			282	168
907	0	1			234	195
908	0	6			209	174
909	0	4			209	174
910	0	7			273	174
911	0	5			273	174
912	0	0			87	90
913	9	2			128	199
914	6295	34341			103	263
915	18829	34341			170	263
916	54	14			293	169
917	26	115			113	164
918	10	1			200	133
919	89	146			164	245
920	59	161			212	281
921	13	6			213	225
922	11	54			213	183
923	2	0			190	190
924	314	157			186	186
925	1	1			192	105
926	2	118			87	87
927	40	125			129	189
928	269	320			227	237
929	10	1			399	224
930	0	0			245	205
931	0	1			245	314
932	0	1			205	314
933	171	231			163	192
934	181	200			162	163
935	344	156			236	215
936	363	79			223	215
937	363	76			223	212
938	473	731			367	297
939	459	730			367	297
940	0	0			154	124
941	2	0			178	106
942	0	0			184	282
943	2	0			332	306
944	8	137			102	120
945	40	59			132	155
946	12	11			189	216
947	221	227			201	207
948	0	0			162	152
949	27	33			207	300
950	0	26			200	300
951	524	202			299	185
952	240	557			185	366
953	9	3			141	149
954	9	6			141	152
955	2	8			173	262
956	0	5			245	231
957	2	10			114	102
958	3	10			126	102
959	9	6			160	102
960	47	5			244	102
961	304	208			163	138
962	166	242			266	152
963	6386	11699			210	279
964	10825	8695			279	215
965	415	82			219	203
966	356	838			138	213
967	2	0			180	167
968	2	2			180	131
969	0	2			167	131
970	0	83			98	239
971	46	51			217	252
972	169	2			164	235
973	445	449			225	198
974	377	484			201	225
975	25	40			198	165
976	0	118			188	171
977	1	118			117	171
978	0	0			117	161
979	1	0			117	188
980	2	74			165	189
981	0	1			162	207
982	0	0			199	168
983	16	0			198	180
984	42	30			222	228
985	0	0			127	129
986	109	159			179	241
987	0	1			216	269
988	5	23			194	223
989	3	0			474	474
990	0	0			474	474
991	11	42			141	239
992	0	0			110	198
993	0	0			110	229
994	0	0			215	146
995	1	109			124	128
996	274	2			242	184
997	65	35			283	200
998	0	47			151	136
999	30	72			195	251
1000	0	0			98	95
1001	7	56			130	201
1002	151	15			173	105
1003	7	23			233	179
1004	1	64			106	155
1005	3	374			79	247
1006	8	22			98	176
1007	102	179			185	254
1008	108	10			250	203
1009	84	241			250	328
1010	8	11			258	160
1011	1	0			132	132
1012	2	1			93	93
1013	2	0			96	90
1014	2	1			96	90
1015	17	1			87	99
1016	0	16			116	116
1017	0	0			345	360
1018	29	96			146	164
1019	82	80			166	163
1020	113	0			98	101
1021	305	396			168	177
1022	1595	2141			193	249
1023	117	114			301	162
1024	306	230			274	209
1025	7	416			283	274
1026	16	50			180	222
1027	0	7			173	173
1028	35	70			137	165
1029	0	0			282	211
1030	18	17			204	204
1031	11	15			138	179
1032	46	45			266	278
1033	51	2			223	220
1034	3662	4014			351	345
1035	3871	2128			345	192
1036	179	165			268	243
1037	120	191			159	172
1038	645	1950			159	261
1039	57	55			213	206
1040	1	11			167	235
1041	1	0			250	220
1042	13	123			136	193
1043	0	0			181	171
1044	0	0			181	136
1045	0	0			171	136
1046	25	394			146	796
1047	11	18			146	183
1048	260	150			360	234
1049	169	151			370	204
1050	20	135			194	249
1051	165	126			393	249
1052	22	2833			124	208
1053	1	2833			118	208
1054	2812	3095			208	215
1055	10	240			158	473
1056	50	213			293	473
1057	31	47			134	167
1058	94	113			273	262
1059	19	82			171	188
1060	12	83			207	122
1061	114	115			109	126
1062	88	27			150	164
1063	10	19			152	192
1064	6	3			360	135
1065	9	3			849	135
1066	2	1			141	177
1067	31	2			159	177
1068	1	3			138	204
1069	155	0			87	87
1070	1	0			165	155
1071	37	11			220	220
1072	513	756			183	260
1073	1	3			140	95
1074	38	43			164	202
1075	31	0			443	98
1076	3	81			115	216
1077	2	73			115	216
1078	0	0			146	135
1079	4	4			249	162
1080	18	120			130	270
1081	18	27			130	121
1082	98	78			270	179
1083	21	42			204	264
1084	54	0			107	97
1085	54	162			107	134
1086	0	162			97	134
1087	90	86			268	204
1088	0	55			173	236
1089	3	0			81	81
1090	16	4			225	243
1091	84	130			232	240
1092	0	2			281	172
1093	0	2			281	187
1094	0	0			281	237
1095	1	0			213	281
1096	0	0			84	84
1097	0	0			123	219
1098	22	0			203	162
1099	0	0			173	172
1100	0	0			205	131
1101	18	29			143	119
1102	47	29			212	119
1103	4	0			220	190
1104	0	0			138	169
1105	242	178			226	155
1106	121	84			169	137
1107	1140	502			237	140
1108	0	0			211	163
1109	70	52			150	110
1110	33	121			110	176
1111	137	35			176	111
1112	0	0			251	190
1113	0	3			254	174
1114	0	4			204	156
1115	75	251			137	194
1116	1	4			194	162
1117	187	97			195	124
1118	0	7			174	279
1119	0	0			174	127
1120	7	0			279	127
1121	0	0			96	90
1122	4	21			157	210
1123	6	21			157	210
1124	2	6			254	157
1125	2	13			254	157
1126	14	13			194	157
1127	18	4			194	254
1128	18	0			209	95
1129	18	2			209	137
1130	0	2			95	137
1131	12	37			151	222
1132	1	37			151	222
1133	0	5			147	141
1134	3	5			152	141
1135	3	0			152	147
1136	0	0			108	245
1137	7	0			148	167
1138	1	8			188	244
1139	1	18			188	319
1140	0	8			188	244
1141	1	8			162	244
1142	1	18			162	319
1143	8	26			174	147
1144	52	115			153	194
1145	0	0			81	81
1146	0	0			172	172
1147	0	123			81	144
1148	1	123			81	144
1149	1	0			81	81
1150	0	9			177	180
1151	654	491			211	157
1152	44	62			163	162
1153	0	0			241	183
1154	115	7			150	135
1155	0	0			175	154
1156	249	200			195	187
1157	214	207			187	187
1158	104	68			269	164
1159	0	3			148	172
1160	0	0			166	137
1161	0	2			153	343
1162	2	2			132	176
1163	24	25			148	165
1164	24	18			148	161
1165	30	31			216	216
1166	296	64			138	97
1167	264	410			138	204
1168	266	225			138	204
1169	135	258			263	204
1170	135	355			263	192
1171	258	355			204	192
1172	37	55			223	225
1173	1	0			195	161
1174	4	7			161	211
1175	368	124			138	99
1176	128	242			183	216
1177	0	0			218	177
1178	1354	1101			168	165
1179	184	187			197	183
1180	78	0			262	213
1181	0	6			351	348
1182	0	0			211	172
1183	53	45			190	174
1184	42	28			364	153
1185	1	0			173	199
1186	416	253			167	131
1187	0	0			160	206
1188	0	0			197	197
1189	176	80			249	162
1190	221	80			252	162
1191	43	0			90	93
1192	9	1			147	202
1193	80	128			181	226
1194	0	0			218	103
1195	0	0			360	151
1196	0	0			120	160
1197	0	0			168	160
1198	0	0			168	120
1199	0	0			160	120
1200	0	0			202	189
1201	5	105			165	1290
1202	0	0			111	114
1203	42	20			230	189
1204	110	1435			311	147
1205	1462	14			154	167
1206	135	240			219	341
1207	2	7			292	215
1208	2	7			159	215
1209	39	0			163	220
1210	0	100			121	135
1211	0	81			119	112
1212	0	200			102	263
1213	0	0			90	87
1214	33	11			372	372
1215	0	0			96	96
1216	0	0			280	196
1217	91	56			357	276
1218	14	50			114	144
1219	0	0			147	141
1220	2	7			230	214
1221	2185	199			151	151
1222	1	3			214	169
1223	13	4			438	208
1224	80	303			136	245
1225	43	128			126	123
1226	43	104			126	186
1227	10	41			231	135
1228	3	41			129	135
1229	18	40			111	135
1230	97	28			126	135
1231	23	19			111	262
1232	3	10			129	231
1233	4	9			129	231
1234	56	10			126	231
1235	79	43			218	152
1236	43	39			193	199
1237	0	1			110	93
1238	1	0			267	270
1239	0	0			270	190
1240	0	0			270	187
1241	0	1			211	182
1242	26	37			204	191
1243	49	102			158	240
1244	5	13			296	173
1245	4	13			183	173
1246	55	35			251	190
1247	0	7			205	114
1248	28	15			206	126
1249	1	2			132	226
1250	0	0			201	184
1251	56	60			207	165
1252	154	309			172	246
1253	275	1			172	153
1254	2	127			248	308
1255	2483	4665			147	175
1256	2483	216			147	118
1257	138	1			241	169
1258	116	98			168	206
1259	4	97			286	135
1260	0	0			140	234
1261	3	5			142	161
1262	9	2			90	105
1263	63	85			160	176
1264	259	88			269	269
1265	115	349			111	181
1266	151	92			156	111
1267	0	0			256	242
1268	3	4			151	136
1269	14	26			120	140
1270	15	61			120	217
1271	38	59			197	181
1272	2	0			158	268
1273	0	0			153	268
1274	1	0			258	268
1275	1	0			181	268
1276	0	2			153	158
1277	1	2			258	158
1278	1	2			181	158
1279	1	0			258	153
1280	1	0			181	153
1281	2	12			121	162
1282	2	0			121	133
1283	0	0			177	133
1284	0	2			177	121
1285	19	1			141	163
1286	1	37			195	270
1287	1077	1202			226	221
1288	1048	1198			221	227
1289	13	14			120	143
1290	0	0			217	208
1291	26	172			160	254
1292	0	0			153	298
1293	0	3			170	205
1294	25	15			205	193
1295	20	6			193	154
1296	67	111			175	190
1297	39	15			267	147
1298	0	43			102	177
1299	1	4			246	220
1300	46	57			149	159
1301	49	144			139	197
1302	2	3			164	100
1303	45	45			226	185
1304	1	1			209	114
1305	94	121			219	302
1306	0	0			222	98
1307	931	1501			149	195
1308	4	2			213	219
1309	0	4			159	342
1310	0	6			159	264
1311	0	0			186	196
1312	58	34			147	159
1313	0	6			155	213
1314	0	0			151	175
1315	1	0			84	96
1316	0	0			144	93
1317	1	1			102	117
1318	0	1			133	117
1319	0	1			168	109
1320	5	1			231	109
1321	69	82			151	163
1322	10	0			708	168
1323	27	28			144	132
1324	0	0			135	168
1325	175	244			159	171
1326	65	42			265	192
1327	12	49			186	201
1328	0	0			221	106
1329	83	24			120	117
1330	19	52			124	222
1331	0	0			195	171
1332	0	0			176	171
1333	121	121			146	131
1334	9	25			111	194
1335	73	73			231	142
1336	157	152			239	326
1337	157	81			239	176
1338	152	81			326	176
1339	143	172			169	190
1340	0	0			423	189
1341	0	0			123	192
1342	67	56			198	170
1343	97	65			246	210
1344	42	94			198	246
1345	0	0			176	130
1346	0	0			176	149
1347	48	297			197	427
1348	48	17			197	275
1349	48	17			197	121
1350	282	17			427	121
1351	297	17			427	275
1352	297	17			427	121
1353	303	17			427	121
1354	56	753			226	220
1355	1	409			143	342
1356	0	0			353	330
1357	0	0			147	137
1358	0	0			114	170
1359	0	0			133	199
1360	278	288			139	109
1361	38	0			198	87
1362	231	248			181	164
1363	163	19			674	262
1364	1	2			182	184
1365	1	2			184	215
1366	0	15			249	461
1367	0	12			249	461
1368	0	0			84	93
1369	0	129			173	3082
1370	0	1			110	223
1371	19	5			459	193
1372	1	1			137	173
1373	11	40			206	212
1374	0	4			209	158
1375	170	3			163	158
1376	4440	4088			283	253
1377	32	48			146	156
1378	12	0			186	166
1379	9	1			202	156
1380	1	0			153	163
1381	49	87			172	213
1382	0	0			78	78
1383	0	0			154	207
1384	55	155			173	277
1385	543	1501			166	219
1386	416	665			151	166
1387	416	5			151	118
1388	94	157			179	215
1389	134	83			192	144
1390	261	219			136	187
1391	245	89			136	187
1392	245	312			136	404
1393	275	143			187	139
1394	409	268			404	216
1395	53	268			139	216
1396	159	268			139	216
1397	121	1			238	192
1398	162	34			1005	246
1399	0	0			294	99
1400	0	30			155	81
1401	0	0			128	278
1402	286	208			208	161
1403	295	248			222	194
1404	320	117			301	153
1405	5	11			172	183
1406	4	11			153	180
1407	0	0			134	302
1408	0	3			114	180
1409	15	0			152	92
1410	9	1			266	127
1411	2	0			185	156
1412	387	112			153	183
1413	4	81			226	280
1414	4	9			148	226
1415	125	323			173	254
1416	7	0			163	220
1417	5	0			198	159
1418	5	0			198	292
1419	1	0			166	291
1420	0	0			190	183
1421	0	0			232	170
1422	0	0			232	211
1423	0	0			218	103
1424	0	0			360	151
1425	2	1			173	224
1426	6	359			144	252
1427	2	6			210	133
1428	1	1			159	210
1429	0	0			166	287
1430	3	0			149	149
1431	6	0			289	121
1432	6	26			186	245
1433	0	20			105	133
1434	162	63			229	132
1435	59249	69337			336	351
1436	193	37			188	123
1437	3	0			173	193
1438	3	0			197	193
1439	0	0			214	193
1440	0	3			214	173
1441	0	3			214	197
1442	542	383			213	166
1443	0	0			121	147
1444	2	3			156	267
1445	2	1			142	156
1446	239	67			636	154
1447	0	0			165	173
1448	3	3			195	140
1449	37	4			259	104
1450	0	0			194	227
1451	107	31			192	199
1452	254	352			198	252
1453	272	493			247	307
1454	28	6			161	169
1455	818	1130			255	264
1456	139	115			153	128
1457	116	381			153	263
1458	0	0			144	131
1459	5	17			249	245
1460	6	17			245	245
1461	100	83			248	168
1462	71	247			168	282
1463	446	200			175	166
1464	0	2			126	179
1465	630	583			232	190
1466	595	143			190	120
1467	580	9			190	120
1468	574	3			190	120
1469	574	197			190	131
1470	3	197			120	131
1471	211	498			120	226
1472	196	201			120	131
1473	63	106			139	165
1474	269	30			153	153
1475	344	550			214	217
1476	8	3			243	182
1477	2	5			182	121
1478	111	862			338	951
1479	0	2			166	198
1480	814	43			151	151
1481	0	14			180	201
1482	16	0			99	99
1483	34	27			134	154
1484	45	27			160	154
1485	4	0			226	169
1486	46	173			129	237
1487	46	1			125	115
1488	28	28			160	138
1489	28	2			160	138
1490	88	236			180	330
1491	7	144			258	438
1492	7	172			258	438
1493	0	0			141	259
1494	0	0			152	130
1495	0	0			150	130
1496	0	0			152	156
1497	0	0			150	156
1498	0	0			150	152
1499	0	0			150	152
1500	0	0			186	136
1501	296	471			173	210
1502	3	0			174	206
1503	111	91			141	143
1504	90	123			143	146
1505	105	95			146	133
1506	133	197			156	199
1507	1	39			146	183
1508	116	331			199	216
1509	376	331			250	216
1510	0	0			134	581
1511	0	0			96	96
1512	1891	640			426	181
1513	4	640			144	181
1514	299	56			273	159
1515	295	138			273	174
1516	109	168			159	186
1517	25	119			174	169
1518	35	119			174	169
1519	57	85			247	334
1520	0	0			147	141
1521	5	37			173	164
1522	65	84			187	140
1523	0	0			123	284
1524	0	0			123	273
1525	0	0			123	78
1526	0	0			284	78
1527	0	0			273	78
1528	81	307			192	243
1529	144	0			79	79
1530	17	30			304	291
1531	0	0			179	169
1532	10	13			243	252
1533	13	0			309	205
1534	14	0			275	205
1535	43	56			211	227
1536	68	34			256	211
1537	538	99			113	136
1538	0	0			194	457
1539	0	0			115	205
1540	1	11			130	107
1541	8	11			148	107
1542	0	0			139	128
1543	12	130			145	194
1544	35	130			148	194
1545	7	130			167	194
1546	0	0			108	123
1547	256	250			222	188
1548	88	0			128	79
1549	3	21			164	184
1550	3	33			164	216
1551	21	33			184	216
1552	187	457			242	144
1553	326	0			178	76
1554	0	6			238	136
1555	5	0			173	270
1556	3	4			185	173
1557	9	55			225	231
1558	0	0			201	219
1559	0	49			191	131
1560	0	49			173	131
1561	0	4			170	212
1562	0	0			456	122
1563	356	33			240	231
1564	191	126			312	195
1565	0	0			195	153
1566	190	292			114	132
1567	157	34			267	114
1568	9	36			162	162
1569	0	38			223	122
1570	0	0			215	267
1571	0	0			196	267
1572	98	524			227	603
1573	96	471			227	603
1574	96	233			227	304
1575	471	233			603	304
1576	514	233			603	304
1577	37	77			213	304
1578	0	0			81	81
1579	62	236			130	288
1580	516	296			193	129
1581	0	33			96	96
1582	0	22			96	93
1583	106	360			118	174
1584	101	65			133	155
1585	29	52			129	210
1586	5	0			395	168
1587	0	5			154	395
1588	0	1			142	150
1589	0	6			114	145
1590	0	5			166	193
1591	0	0			166	188
1592	0	0			166	212
1593	0	6			166	145
1594	5	0			193	188
1595	5	0			193	212
1596	5	6			193	145
1597	0	6			188	145
1598	0	6			212	145
1599	0	0			123	192
1600	213	153			247	233
1601	0	0			151	108
1602	4	0			126	99
1603	18	23			210	235
1604	0	5			159	177
1605	0	5			156	177
1606	0	0			209	155
1607	0	0			245	155
1608	0	0			96	90
1609	30	23			265	222
1610	24	45			172	247
1611	416	11			210	172
1612	223	250			269	230
1613	27	4			1374	252
1614	64	54			243	201
1615	7	28			174	174
1616	23	37			223	345
1617	10	21			214	269
1618	0	0			144	162
1619	0	0			322	199
1620	479	15			248	306
1621	10	14			189	183
1622	65	59			173	173
1623	0	0			87	87
1624	0	0			165	147
1625	0	0			159	147
1626	6210	37608			215	162
1627	27640	37608			174	162
1628	0	90			79	260
1629	40	90			278	234
1630	17	90			188	234
1631	9	28			139	194
1632	87	140			195	183
1633	0	573			84	309
1634	0	0			165	337
1635	7	20			123	165
1636	156	297			156	231
1637	26	9			172	191
1638	124	84			165	135
1639	413	207			186	136
1640	0	22			98	98
1641	5949	3927			351	192
1642	5949	2370			351	210
1643	77	150			216	210
1644	12	0			140	125
1645	0	0			438	107
1646	0	21			150	187
1647	42	23			205	144
1648	5	45			106	202
1649	102	318			138	230
1650	19	7			180	90
1651	21	50			339	351
1652	1	2			111	169
1653	0	0			194	237
1654	9	82			207	161
1655	0	30			120	171
1656	0	1			153	153
1657	67	38			161	120
1658	42	26			114	168
1659	0	457			132	290
1660	135	39			212	143
1661	0	5			152	194
1662	0	5			105	194
1663	0	0			105	152
1664	5	1			354	354
1665	346	309			239	213
1666	8	319			152	166
1667	47	143			126	245
1668	148	103			245	175
1669	0	254			82	163
1670	1	0			210	231
1671	25	7			309	240
1672	443	466			196	165
1673	733	469			1063	165
1674	17	6			198	292
1675	17	4			198	159
1676	118	5			163	220
1677	105	9985			200	183
1678	5217	9985			111	183
1679	38	29			110	125
1680	118	29			158	125
1681	1	0			147	209
1682	148	164			152	202
1683	96	62			169	126
1684	0	100			147	147
1685	0	0			208	237
1686	0	0			241	214
1687	3	0			193	215
1688	3	0			193	295
1689	0	0			215	295
1690	0	199			215	226
1691	0	160			215	364
1692	0	0			106	106
1693	0	0			100	100
1694	816	669			247	198
1695	3	6			195	222
1696	1244	4			177	174
1697	2218	4			156	174
1698	0	0			219	157
1699	816	1245			214	240
1700	539	509			269	237
1701	487	1			267	175
1702	25	232			232	156
1703	25	386			232	191
1704	25	281			232	236
1705	0	1			159	239
1706	0	1			159	305
1707	0	0			131	159
1708	348	311			172	172
1709	51	56			156	213
1710	1404	1418			225	203
1711	75	10			163	182
1712	43	27			180	126
1713	78	0			84	87
1714	4640	294			163	119
1715	1872	5			132	428
1716	6	0			138	115
1717	56	85			223	186
1718	54	85			191	186
1719	3	63			230	193
1720	0	0			258	240
1721	59	172			162	268
1722	700	553			241	167
1723	0	0			361	108
1724	0	10			124	192
1725	15	14			215	229
1726	3	14			164	229
1727	15	5			215	164
1728	20	0			141	192
1729	24	0			247	137
1730	1	0			367	137
1731	1	24			367	247
1732	39	37			258	233
1733	0	0			123	192
1734	1	127			118	187
1735	380	157			197	135
1736	0	0			93	126
1737	1	35			168	168
1738	19	10			207	158
1739	6	16			151	207
1740	2	0			193	251
1741	0	2			167	193
1742	86	148			183	232
1743	7	19			218	292
1744	77	68			247	179
1745	56	0			183	129
1746	5	4			165	205
1747	21	3			195	138
1748	57	4			490	143
1749	0	0			168	98
1750	0	0			168	98
1751	150	122			287	231
1752	1319	1029			369	271
1753	7	1			219	128
1754	63	53			266	209
1755	0	15			293	359
1756	31	59			160	257
1757	48	213			150	194
1758	91	48			200	139
1759	122	1767			3036	5337
1760	697	311			266	156
1761	5	2			207	161
1762	0	3			164	145
1763	69	6			235	176
1764	199	207			233	228
1765	189	280			233	237
1766	200	294			228	237
1767	1	0			247	255
1768	0	4			129	114
1769	173	1161			400	235
1770	26	150			135	193
1771	65	187			142	252
1772	0	1			144	197
1773	0	0			144	157
1774	1	13			159	243
1775	19	12			150	132
1776	529	228			207	200
1777	1055	338			342	204
1778	1	1			142	217
1779	0	17			96	93
1780	0	0			168	98
1781	0	0			168	98
1782	404	6			120	247
1783	56	2434			200	197
1784	58	2434			304	197
1785	143	83			170	125
1786	143	111			170	200
1787	0	0			156	207
1788	14	8			222	208
1789	7	8			188	231
1790	89	33			205	157
1791	0	0			99	132
1792	47	241			150	234
1793	47	108			150	135
1794	241	108			234	135
1795	187	246			203	226
1796	0	15			149	364
1797	0	5			149	152
1798	27	167			220	758
1799	32	49			168	217
1800	38	26			168	217
1801	59	55			220	261
1802	59	15			220	165
1803	36	50			309	169
1804	57	50			261	169
1805	279	516			126	137
1806	37	58			159	200
1807	77	133			198	241
1808	0	270			153	294
1809	0	4			77	401
1810	2	1781			148	198
1811	74	58			146	146
1812	130	56			244	135
1813	27	45			167	207
1814	36	0			167	80
1815	43	53			227	286
1816	6734	7816			192	202
1817	1831	1369			177	135
1818	16	101			153	653
1819	315	344			188	187
1820	135	0			187	135
1821	114	44			155	155
1822	85	50			144	144
1823	5	14			166	157
1824	0	0			111	153
1825	20	54			236	236
1826	28	34			180	270
1827	42	34			316	270
1828	4	46			325	180
1829	2	0			167	167
1830	2	0			235	79
1831	2	11			159	132
1832	45	1			234	159
1833	10	28			125	168
1834	23	28			125	168
1835	0	28			127	168
1836	8	28			125	168
1837	8	27			131	125
1838	95	171			193	240
1839	26	12			161	195
1840	0	0			116	158
1841	1	2			168	168
1842	10	5			180	180
1843	0	0			180	180
1844	11	17			217	250
1845	0	1			153	225
1846	0	3			177	156
1847	366	271			131	127
1848	0	0			175	205
1849	52	45			262	191
1850	0	0			159	152
1851	388	292			156	141
1852	107	114			231	238
1853	3	0			127	195
1854	3	73			133	178
1855	5	0			104	155
1856	0	0			132	169
1857	112	0			207	192
1858	0	0			93	93
1859	0	0			93	228
1860	8	2			169	228
1861	15	23			167	141
1862	34	34			167	220
1863	30	14			167	220
1864	30	62			167	149
1865	14	62			220	149
1866	42	259			166	166
1867	18	166			166	166
1868	0	0			171	114
1869	0	0			174	114
1870	2	0			194	173
1871	2	0			194	197
1872	1	13			194	196
1873	1	29			194	303
1874	2	0			134	173
1875	2	0			134	197
1876	0	23			134	196
1877	0	0			173	197
1878	13	29			196	303
1879	0	0			195	174
1880	247	133			232	189
1881	0	0			247	137
1882	0	0			367	137
1883	0	0			367	247
1884	3	63			154	189
1885	83	67			189	205
1886	60	230			205	219
1887	60	223			205	216
1888	0	0			171	228
1889	26	0			196	122
1890	4	211			161	248
1891	24	17			189	220
1892	46	58			205	223
1893	40	47			114	153
1894	0	0			135	117
1895	0	0			108	117
1896	0	0			108	135
1897	0	0			108	135
1898	40	4			148	148
1899	23	33			142	163
1900	13	33			120	163
1901	14	20			161	142
1902	0	19			120	142
1903	0	23			117	161
1904	13	23			120	161
1905	0	23			117	161
1906	1	23			120	161
1907	3	45			179	259
1908	32	83			259	333
1909	1	0			162	153
1910	1	0			135	147
1911	1	38			138	131
1912	62	32			711	237
1913	0	13			115	130
1914	0	28			115	130
1915	41	5			199	153
1916	134	103			258	223
1917	3	9			159	159
1918	0	0			237	237
1919	1	4			133	122
1920	1	6			133	250
1921	4	6			122	250
1922	103	20			171	164
1923	51	25			198	201
1924	0	1			93	93
1925	12	44			121	156
1926	41	8			199	121
1927	2	24			123	243
1928	89	88			159	134
1929	28	22			210	183
1930	47	14			156	117
1931	0	0			121	190
1932	0	0			190	199
1933	0	0			121	190
1934	0	0			84	84
1935	0	0			156	84
1936	0	0			156	84
1937	52	1			228	171
1938	12	10			147	147
1939	194	282			159	133
1940	4	4			249	244
1941	0	0			150	164
1942	27	23			202	187
1943	73	1847			207	3241
1944	190	339			139	231
1945	0	2			251	525
1946	87	51			301	163
1947	54	20			163	129
1948	29	60			129	199
1949	5	7			165	179
1950	18	133			195	420
1951	416	288			251	247
1952	0	9			151	172
1953	2	6			165	129
1954	83	49			161	162
1955	78	13			161	162
1956	352	239			224	167
1957	257	335			227	224
1958	0	0			109	204
1959	13	37			196	392
1960	0	0			126	150
1961	0	0			105	150
1962	57	51			142	158
1963	0	5			152	187
1964	0	2			152	267
1965	5	2			187	267
1966	13	4			237	198
1967	7	12			123	167
1968	0	0			93	93
1969	0	2			158	228
1970	36	58			142	136
1971	502	453			182	159
1972	616	275			201	128
1973	39	22			211	198
1974	7	132			200	142
1975	0	0			115	118
1976	95	44			234	144
1977	18	3			419	193
1978	52	18			197	123
1979	59	18			207	213
1980	45	17			160	166
1981	26	26			143	166
1982	0	0			190	169
1983	1	0			99	126
1984	0	0			99	102
1985	0	0			102	126
1986	0	0			102	129
1987	335	86			204	102
1988	188	187			204	204
1989	9	0			180	201
1990	0	0			168	98
1991	0	0			168	98
1992	10	18			139	171
1993	2	2			186	199
1994	45	36			250	237
1995	2	0			198	247
1996	349	867			193	322
1997	349	1261			193	601
1998	0	3			153	169
1999	0	11			157	156
2000	147	95			135	141
2001	63	49			261	261
2002	1	0			147	127
2003	89	84			210	213
2004	43	14			175	109
2005	53	14			142	175
2006	0	0			102	99
2007	52	51			160	162
2008	0	68			97	200
2009	498	482			186	193
2010	0	0			93	90
2011	2	128			102	245
2012	2	84			102	197
2013	340	94			216	124
2014	188	237			162	201
2015	0	0			206	99
2016	1	16			148	78
2017	14	0			123	99
2018	36	56			240	216
2019	46	33			209	142
2020	4	1			237	195
2021	2	0			144	81
2022	0	10			120	150
2023	448	10			171	156
2024	30	65			101	171
2025	22	445			184	915
2026	4	0			108	96
2027	22	0			189	96
2028	22	4			189	108
2029	0	0			192	111
2030	7	110			158	182
2031	7	212			158	208
2032	25	56			167	175
2033	13	43			150	209
2034	2	1			162	168
2035	0	21			125	231
2036	24	33			172	236
2037	0	0			327	185
2038	0	0			338	200
2039	84	0			151	97
2040	79	165			210	132
2041	4	10			210	156
2042	27	35			208	184
2043	50	19			247	136
2044	2	0			189	117
2045	5	6			216	105
2046	0	0			336	192
2047	0	0			192	192
2048	0	0			243	192
2049	0	0			243	192
2050	0	0			336	192
2051	0	0			336	243
2052	0	0			177	336
2053	36	1			215	212
2054	0	0			193	192
2055	10	59			111	170
2056	266	637			165	238
2057	7	4			198	207
2058	1	0			87	87
2059	9	1			197	157
2060	44	88			162	208
2061	82	85			218	151
2062	247	7			173	179
2063	194	180			219	201
2064	0	3			198	229
2065	65	76			249	159
2066	103	182			259	212
2067	183	0			120	162
2068	11	200			131	153
2069	291	162			375	183
2070	0	1			176	231
2071	1	0			232	292
2072	7	18			165	146
2073	0	18			164	146
2074	0	7			164	165
2075	759	216			263	191
2076	96	214			207	191
2077	67	214			181	191
2078	94	119			246	285
2079	0	0			233	265
2080	0	0			210	247
2081	3	1			268	223
2082	69	20			226	147
2083	57	11			372	136
2084	52	25			231	174
2085	45	12			174	282
2086	2	0			234	213
2087	162	0			263	183
2088	1	311			168	180
2089	0	0			138	255
2090	0	0			138	255
2091	0	0			153	255
2092	0	0			153	138
2093	0	0			153	138
2094	16	19			291	170
2095	102	231			181	217
2096	0	3			139	164
2097	37	38			273	270
2098	1	4			182	300
2099	323	207			279	198
2100	207	135			198	152
2101	0	4			108	194
2102	0	0			144	147
2103	0	0			660	304
2104	387	279			193	164
2105	384	102			193	177
2106	3	73			178	205
2107	22	36			226	220
2108	149	120			179	151
2109	0	0			83	77
2110	167	791			138	180
2111	2	0			176	133
2112	0	0			157	196
2113	0	0			164	87
2114	0	0			87	222
2115	0	1			190	190
2116	110	149			149	191
2117	19061	29974			198	262
2118	111	226			162	254
2119	39	85			161	236
2120	73	48			205	150
2121	51	2			212	114
2122	13	63			299	229
2123	1	39			118	169
2124	77	84			192	198
2125	0	0			262	183
2126	231	253			189	168
2127	92	221			167	197
2128	497	793			180	222
2129	1	23			168	191
2130	1	47			168	291
2131	1	3			168	183
2132	82	48			196	115
2133	82	74			184	153
2134	82	111			184	196
2135	0	0			159	141
2136	2	3			163	164
2137	0	0			123	165
2138	42	1			219	213
2139	0	1			167	167
2140	0	0			164	129
2141	2	16			169	170
2142	0	0			125	212
2143	13	83			293	231
2144	1	0			190	129
2145	458	224			243	243
2146	3	0			177	133
2147	86	152			185	298
2148	9	98			184	149
2149	18	181			184	149
2150	0	0			129	156
2151	84	270			126	158
2152	0	0			130	159
2153	0	0			93	159
2154	213	547			156	221
2155	1	3			199	169
2156	3	3			193	169
2157	3	1			193	199
2158	83	95			191	179
2159	33	32			153	170
2160	37	2			148	153
2161	38	27			148	153
2162	27	34			156	148
2163	19	19			153	126
2164	7	8			120	90
2165	7	1			120	90
2166	8	1			90	90
2167	44	21			239	144
2168	2	29			144	170
2169	13	31			144	170
2170	322	195			301	225
2171	0	0			168	98
2172	0	0			168	98
2173	33	184			162	252
2174	23	213			490	166
2175	0	213			109	166
2176	0	23			109	490
2177	27	386			170	329
2178	27	163			170	227
2179	19	39			216	207
2180	21	24			216	183
2181	2	0			135	149
2182	1	1			187	135
2183	163	1			108	111
2184	8	23			165	312
2185	3	4			143	134
2186	110	46			209	105
2187	59	94			105	141
2188	224	180			193	155
2189	13	7			165	206
2190	15	6			155	165
2191	15	3			155	165
2192	78	45			138	180
2193	78	44			138	150
2194	2	3			172	140
2195	34	0			176	149
2196	34	133			176	280
2197	1	125			149	249
2198	98	483			128	218
2199	428	273			218	163
2200	67	99			151	164
2201	0	0			223	168
2202	1972	4592			172	149
2203	6582	4592			169	149
2204	9	161			165	208
2205	9	161			193	208
2206	9	161			198	208
2207	0	0			1325	189
2208	0	1			234	169
2209	0	0			234	189
2210	1	0			169	189
2211	0	1			189	213
2212	0	0			213	186
2213	0	0			213	274
2214	0	0			187	186
2215	0	0			186	274
2216	74	82			156	158
2217	104	229			149	220
2218	1	0			174	134
2219	3	6			147	175
2220	0	2			221	255
2221	153	34			289	176
2222	1	1			190	192
2223	72	0			150	87
2224	9	0			87	87
2225	2	4			138	255
2226	0	4			138	255
2227	3	4			153	255
2228	3	0			153	138
2229	3	3			153	138
2230	232	260			198	177
2231	78	96			105	103
2232	330	408			165	193
2233	0	9			220	664
2234	70	114			154	203
2235	125	116			234	203
2236	11	82			221	235
2237	18	2			206	210
2238	16	2			221	210
2239	1146	0			206	77
2240	0	0			248	248
2241	0	0			127	127
2242	0	1			248	248
2243	0	1			127	127
2244	0	1			127	127
2245	0	0			127	127
2246	3	116			167	221
2247	0	0			169	126
2248	33	58			167	183
2249	4	7			211	240
2250	2	3			156	150
2251	11	22			147	260
2252	0	0			135	154
2253	81	9			440	210
2254	2	0			198	230
2255	30	100			116	200
2256	57	2			87	87
2257	57	3			87	193
2258	0	0			218	103
2259	0	0			360	151
2260	1	11			112	184
2261	18	30			157	116
2262	45	30			181	116
2263	18	112			157	169
2264	45	112			181	169
2265	34	2407			105	123
2266	1833	2416			105	123
2267	2265	1334			129	296
2268	3884	4028			152	129
2269	2512	4028			113	129
2270	2578	1604			344	105
2271	786	540			231	219
2272	0	10			102	99
2273	37	163			220	428
2274	5	0			191	214
2275	119	17			197	106
2276	12	3			129	141
2277	2	0			230	204
2278	7	0			217	204
2279	0	1			200	175
2280	4	1			150	178
2281	0	0			136	167
2282	0	0			207	218
2283	0	13			193	192
2284	0	296			111	121
2285	87	237			141	312
2286	8	75			132	189
2287	0	0			166	224
2288	26	55			141	135
2289	59	166			172	173
2290	0	0			99	99
2291	5	2			134	99
2292	23	0			152	134
2293	17	0			152	134
2294	1	3			167	167
2295	0	2			83	83
2296	1	0			83	110
2297	1	0			83	83
2298	0	0			110	83
2299	2	0			132	141
2300	0	1			99	99
2301	0	0			120	117
2302	0	0			162	153
2303	0	8			92	95
2304	346	2908			242	242
2305	14	46			259	583
2306	397	51			194	92
2307	263	51			245	92
2308	0	0			111	274
2309	8	10			209	341
2310	5	10			177	341
2311	5	8			177	209
2312	25	7			158	177
2313	23	21			144	142
2314	111	2			158	108
2315	0	0			147	207
2316	0	0			129	163
2317	0	1			129	213
2318	0	0			129	173
2319	0	7			129	209
2320	0	0			129	178
2321	1	0			213	173
2322	1	7			213	209
2323	1	0			213	178
2324	0	0			153	215
2325	0	7			173	209
2326	0	0			173	178
2327	0	0			173	215
2328	7	0			209	178
2329	0	0			181	178
2330	0	0			178	123
2331	579	300			175	147
2332	15	17			166	152
2333	0	0			278	473
2334	0	0			166	234
2335	6	22			166	138
2336	0	0			163	146
2337	0	159			232	166
2338	4	5			120	146
2339	19	43			109	143
2340	95	99			186	194
2341	3	133			139	148
2342	0	0			154	144
2343	0	0			200	274
2344	150	137			191	147
2345	97	233			186	233
2346	261	164			190	153
2347	0	0			163	111
2348	10	46			119	279
2349	0	1			169	203
2350	0	1			196	203
2351	20	0			176	120
2352	0	3			196	220
2353	6	0			177	117
2354	50069	21174			1813	226
2355	50758	21174			726	226
2356	137	134			390	198
2357	1	396			129	639
2358	27	1			177	243
2359	1	62			138	222
2360	30	7961			162	283
2361	6	12			127	176
2362	0	0			150	109
2363	0	4			94	94
2364	228	241			204	186
2365	232	210			204	165
2366	290	23			204	183
2367	235	5			204	183
2368	0	0			121	133
2369	15	35			329	309
2370	32	13			145	164
2371	12	57			145	208
2372	0	0			126	193
2373	143	171			197	213
2374	0	0			119	326
2375	0	0			202	99
2376	0	0			116	99
2377	0	0			116	202
2378	0	0			173	205
2379	0	0			210	173
2380	18	8			237	306
2381	1	4			227	217
2382	20	11			285	278
2383	64	75			144	152
2384	2	695			186	358
2385	2	287			186	186
2386	215	253			189	252
2387	10	101			258	258
2388	13	34			138	228
2389	0	2			165	149
2390	0	4			179	179
2391	6	0			135	135
2392	1	3			159	159
2393	1	2			159	108
2394	0	0			288	180
2395	1	41			109	333
2396	132	160			229	177
2397	0	0			193	192
2398	20	6			264	111
2399	0	19			174	138
2400	0	25			174	297
2401	55	46			423	357
2402	45	7			180	168
2403	0	0			123	192
2404	0	1			143	137
2405	4	17			336	210
2406	3	1			151	220
2407	56	73			201	240
2408	1	20			78	78
2409	0	2			93	93
2410	36	43			195	195
2411	33	124			178	266
2412	373	10			163	198
2413	0	0			90	78
2414	0	0			117	78
2415	1	6			168	177
2416	68	133			130	186
2417	43	99			198	456
2418	14	1			169	215
2419	55	76			145	231
2420	24	30			240	231
2421	135	273			213	286
2422	209	4			213	210
2423	36	0			210	210
2424	13	16			270	258
2425	6	8			210	270
2426	0	14			127	340
2427	3	1			172	163
2428	0	1			204	162
2429	1	6			179	225
2430	197	165			189	171
2431	0	1			202	366
2432	61	20			171	169
2433	6	4			186	186
2434	26	5			198	192
2435	38	3			272	137
2436	6	4			113	137
2437	67	24			256	272
2438	71	12			256	113
2439	72	12			225	113
2440	66	17			256	113
2441	17	0			321	167
2442	5	52			130	193
2443	59	71			220	234
2444	0	0			464	228
2445	63	113			174	200
2446	0	0			182	163
2447	1	67			125	411
2448	1	21			182	311
2449	37	120			174	293
2450	68	91			164	151
2451	3	137			170	164
2452	11	137			257	164
2453	24	5			155	170
2454	24	13			155	257
2455	0	21			157	203
2456	250	161			174	129
2457	26	11			202	172
2458	84	116			261	273
2459	159	2			260	222
2460	143	103			260	231
2461	157	0			289	78
2462	19	16			124	117
2463	2112	2626			243	237
2464	3	0			207	161
2465	0	0			161	161
2466	35	10			132	120
2467	34	43			141	138
2468	0	2			93	93
2469	0	5			90	228
2470	0	1			131	141
2471	3	0			179	96
2472	16	1			816	211
2473	0	31			337	536
2474	0	0			261	213
2475	0	5			160	245
2476	0	0			160	188
2477	0	0			175	208
2478	1	0			158	175
2479	6	7			81	170
2480	22	8			117	170
2481	23	92			147	249
2482	0	0			163	390
2483	4	51			194	397
2484	26	24			221	189
2485	3	2			145	226
2486	3	5			130	178
2487	0	0			138	120
2488	47	78			168	209
2489	79	8			208	127
2490	8	14			119	125
2491	459	358			213	239
2492	459	1025			213	366
2493	0	0			368	152
2494	287	178			247	220
2495	0	0			81	81
2496	0	0			172	172
2497	70	45			245	226
2498	487	350			160	134
2499	60	46			264	264
2500	283	377			165	184
2501	165	258			150	179
2502	1	5			173	192
2503	0	0			307	192
2504	72	24			315	115
2505	224	215			225	164
2506	222	330			179	225
2507	0	0			145	160
2508	267	223			189	189
2509	56	0			160	144
2510	407	231			156	140
2511	0	2			123	173
2512	0	0			93	93
2513	1	1			187	137
2514	6	5			240	240
2515	0	0			251	135
2516	0	3			191	133
2517	0	0			133	332
2518	37	20			180	121
2519	305	491			178	222
2520	17	1			126	126
2521	6	16			126	138
2522	1	45			149	173
2523	12	43			184	173
2524	44	30			201	224
2525	4	5			355	269
2526	47	110			165	156
2527	47	34			165	153
2528	73	25			156	117
2529	106	107			197	210
2530	152	166			146	149
2531	19	189			171	247
2532	3	9			182	568
2533	1	4			161	161
2534	189	178			188	150
2535	194	350			150	222
2536	111	3			261	96
2537	111	67			261	236
2538	0	3			198	152
2539	24	170			142	159
2540	73	21			142	113
2541	13730	17674			130	161
2542	61	72			218	169
2543	20	34			162	196
2544	9	9			177	213
2545	36	193			145	286
2546	1	0			189	199
2547	77	93			178	166
2548	30	20			156	177
2549	14	3			947	255
2550	4	0			193	125
2551	2	2			178	308
2552	136	2			325	308
2553	136	2			325	178
2554	94	53			152	152
2555	19	49			147	172
2556	0	0			168	98
2557	0	0			168	98
2558	2	2			224	157
2559	4	2			218	157
2560	3	0			190	160
2561	3	1			190	168
2562	0	1			160	168
2563	0	1			157	114
2564	119	69			162	125
2565	28	58			171	197
2566	0	0			123	192
2567	708	122			579	152
2568	573	669			204	186
2569	109	150			137	185
2570	0	0			96	99
2571	3	0			248	171
2572	0	0			184	125
2573	48	72			153	185
2574	66	51			188	153
2575	95	91			220	231
2576	2	0			147	147
2577	0	0			147	147
2578	0	4			155	192
2579	25	32			277	271
2580	69	247			193	361
2581	26	1			218	180
2582	26	1			173	180
2583	0	0			94	94
2584	0	0			87	87
2585	0	0			87	87
2586	0	0			87	87
2587	0	0			172	172
2588	14	35			182	312
2589	94	3			234	196
2590	636	169			729	238
2591	41	651			138	729
2592	47	0			268	297
2593	41	0			199	297
2594	0	3			219	210
2595	0	0			141	243
2596	0	0			141	243
2597	10	16			186	182
2598	51	17			273	144
2599	255	35			263	236
2600	0	9			154	187
2601	0	46			154	146
2602	0	35			154	137
2603	9	46			187	146
2604	9	35			187	137
2605	11	11			165	147
2606	0	0			123	192
2607	8	2			138	168
2608	31	77			174	214
2609	2	0			218	306
2610	2	2			218	226
2611	0	2			306	226
2612	45	43			226	199
2613	668	27			145	147
2614	75	144			150	147
2615	75	190			150	289
2616	6	219			146	147
2617	0	0			194	181
2618	25	3			207	161
2619	11	0			173	247
2620	6	0			186	247
2621	7	0			166	247
2622	24	78			123	227
2623	46	95			159	221
2624	74	94			204	221
2625	46	70			177	173
2626	91	568			129	292
2627	84	114			182	197
2628	84	42			182	358
2629	1544	1459			212	165
2630	9	1459			144	165
2631	1544	1806			212	197
2632	661	1532			131	212
2633	0	503			125	122
2634	135	298			199	237
2635	80	222			153	236
2636	34	55			117	162
2637	58	17			621	795
2638	975	1221			158	155
2639	0	0			109	143
2640	0	0			186	194
2641	3	0			219	189
2642	2	0			216	189
2643	3	3			126	148
2644	15	10			126	148
2645	15	14			126	148
2646	10	14			148	148
2647	16	5			148	148
2648	6	742			149	198
2649	1	2222			102	237
2650	60	30			159	104
2651	45	56			173	204
2652	819	830			258	197
2653	823	915			258	254
2654	463	886			188	261
2655	0	0			189	177
2656	21	0			196	160
2657	38	202			168	867
2658	115	428			299	759
2659	101	246			120	117
2660	101	235			275	428
2661	79	67			146	131
2662	11	8			189	291
2663	0	0			387	366
2664	0	0			366	207
2665	31	14			276	202
2666	94	64			154	123
2667	94	54			154	118
2668	42	19			201	127
2669	58	68			184	144
2670	0	337			197	277
2671	5	12			160	248
2672	6	5			204	160
2673	46	144			233	310
2674	105	83			310	192
2675	0	0			140	213
2676	0	0			123	140
2677	0	11			232	460
2678	45	60			159	190
2679	0	0			123	192
2680	37	24			258	178
2681	24	38			192	198
2682	52	114			165	291
2683	599	646			165	138
2684	875	711			174	165
2685	409	494			145	136
2686	0	38			147	150
2687	890	3305			134	170
2688	60	2			352	180
2689	25	2			223	180
2690	61	5			352	180
2691	9	5			130	180
2692	188	5			156	180
2693	188	61			156	352
2694	188	9			156	130
2695	274	4			215	103
2696	1	165			186	320
2697	9	44			208	219
2698	0	6			142	116
2699	0	0			195	386
2700	17	237			110	348
2701	202	32			348	122
2702	0	0			226	148
2703	103	426			180	279
2704	107	0			203	338
2705	81	205			150	213
2706	71	104			147	150
2707	2	0			192	228
2708	2	80			245	245
2709	22	4			126	212
2710	88	335			149	456
2711	0	0			195	219
2712	90	153			169	202
2713	139	58			202	139
2714	1	0			175	228
2715	1	0			704	228
2716	18	35			204	177
2717	38	43			200	162
2718	0	0			96	102
2719	0	0			96	96
2720	267	101			214	214
2721	138	1			87	87
2722	0	0			177	162
2723	0	0			205	177
2724	0	0			132	205
2725	0	0			241	273
2726	32	25			183	201
2727	1	3			403	121
2728	0	0			109	165
2729	1	10			247	196
2730	0	10			173	196
2731	7	10			228	196
2732	1	10			197	196
2733	0	1			173	247
2734	7	1			228	247
2735	1	1			197	247
2736	7	0			228	173
2737	1	0			197	173
2738	1	7			197	228
2739	118	156			202	245
2740	0	0			123	192
2741	119	257			136	178
2742	194	1			186	136
2743	207	113			186	136
2744	3	12			167	216
2745	0	2			90	198
2746	0	0			129	129
2747	65	168			184	192
2748	0	0			78	78
2749	0	0			78	78
2750	0	0			78	78
2751	0	0			220	220
2752	0	6			179	179
2753	2	1			159	159
2754	5	2			159	159
2755	6	19			100	141
2756	112	69			190	155
2757	0	0			96	213
2758	0	0			208	147
2759	141	47			206	203
2760	0	4			159	147
2761	0	1			141	135
2762	50	69			128	146
2763	10	0			198	171
2764	126	277			222	157
2765	27	0			158	108
2766	6	6			209	155
2767	9	23			387	327
2768	6	7			286	251
2769	1917	2126			181	170
2770	14	14			220	173
2771	76	178			111	168
2772	209	42			168	105
2773	76	41			117	105
2774	3	19			155	148
2775	236	236			186	156
2776	357	507			153	204
2777	255	210			229	213
2778	175	138			203	184
2779	15	13			160	143
2780	18	22			101	130
2781	77	115			182	177
2782	43	115			284	177
2783	78	8			228	261
2784	0	289			119	218
2785	4	0			159	159
2786	0	1			123	181
2787	0	0			190	152
2788	456	1070			151	246
2789	10	0			237	132
2790	0	0			138	195
2791	7	343			101	196
2792	0	0			192	221
2793	0	0			177	221
2794	0	0			177	192
2795	0	0			148	214
2796	0	0			187	214
2797	0	0			138	140
2798	0	0			261	386
2799	0	0			128	261
2800	0	0			246	261
2801	21	2			168	98
2802	26	16			168	98
2803	46	32			267	158
2804	218	197			224	192
2805	218	137			224	338
2806	199	382			192	311
2807	12	11			147	141
2808	44	97			154	225
2809	105	29			165	129
2810	2	0			96	96
2811	65	108			161	230
2812	1	149			168	128
2813	23	73			166	128
2814	35	7			1178	202
2815	52	84			123	146
2816	44	56			141	123
2817	2	10			129	149
2818	8	20			221	139
2819	2	8			212	221
2820	119	209			172	237
2821	96	141			183	180
2822	0	0			147	141
2823	6	4			249	248
2824	31	7			233	173
2825	0	0			173	130
2826	44	27			226	168
2827	1	23			184	219
2828	303	176			136	186
2829	303	1616			136	715
2830	251	461			136	173
2831	3	0			168	153
2832	3	22			162	227
2833	4	13			110	241
2834	0	0			168	184
2835	17	38			125	223
2836	28	274			178	298
2837	36	282			178	298
2838	67	87			186	190
2839	0	1			155	114
2840	0	0			102	132
2841	6	34			198	180
2842	0	0			223	168
2843	64	121			252	257
2844	15	9			233	175
2845	133	155			234	254
2846	22	36			178	250
2847	54	75			693	678
2848	0	43			173	339
2849	78	0			538	116
2850	12	0			132	116
2851	24	32			271	161
2852	17	22			120	144
2853	471	530			254	170
2854	471	410			254	144
2855	753	818			187	171
2856	1036	1519			171	246
2857	1	40			81	165
2858	80	62			218	192
2859	78	58			192	177
2860	48	95			177	190
2861	15	17			135	135
2862	10	33			159	135
2863	27	27			132	159
2864	9	1			150	147
2865	0	0			145	159
2866	740	517			213	186
2867	0	4			190	190
2868	5	13			208	164
2869	4	10			116	208
2870	177	54			289	152
2871	15	0			87	151
2872	0	0			218	103
2873	0	0			360	151
2874	0	0			150	275
2875	143	410			101	165
2876	376	507			165	164
2877	33	66			162	234
2878	2	0			197	156
2879	0	1			194	128
2880	4	3			169	174
2881	1	0			152	148
2882	6	14			162	178
2883	6	5			162	112
2884	4	1			203	191
2885	47	0			145	214
2886	0	0			105	147
