ID	IJC_SAMPLE_1	SJC_SAMPLE_1	IJC_SAMPLE_2	SJC_SAMPLE_2	IncFormLen	SkipFormLen
0	0	0			150	137
1	0	0			150	137
2	0	0			150	150
3	0	0			150	98
4	0	0			150	98
5	0	0			138	150
6	0	0			138	150
7	0	0			150	150
8	0	0			150	138
9	0	0			150	138
10	0	0			150	137
11	0	0			150	137
12	0	0			150	150
13	0	0			138	150
14	0	0			138	150
15	0	0			150	150
16	0	0			150	138
17	0	0			150	138
18	0	0			123	150
19	0	0			150	137
20	0	0			150	137
21	0	0			150	150
22	0	0			138	150
23	0	0			138	150
24	0	0			150	150
25	0	0			150	138
26	0	0			150	138
27	0	0			150	150
28	0	0			150	108
29	0	0			150	111
30	0	0			123	150
31	0	0			150	137
32	0	0			150	137
33	0	0			150	150
34	0	0			138	150
35	0	0			138	150
36	0	0			150	150
37	0	0			150	138
38	0	0			150	138
39	0	0			123	150
40	0	0			150	137
41	0	0			150	137
42	0	0			150	150
43	0	0			150	98
44	0	0			150	98
45	0	0			150	111
46	0	0			150	150
47	0	0			150	150
48	0	0			150	150
49	0	0			147	141
50	0	0			150	103
51	0	0			150	150
52	0	0			150	150
53	0	0			111	150
54	0	0			150	103
55	0	0			150	150
56	0	0			147	141
57	0	0			150	103
58	0	0			150	150
59	0	0			150	150
60	0	0			147	141
61	0	0			111	150
62	0	0			150	150
63	0	0			147	141
64	0	0			150	150
65	0	0			150	103
66	0	0			150	150
67	0	0			84	102
68	0	0			148	150
69	0	0			150	150
70	0	0			150	150
71	0	0			141	150
72	0	0			138	150
73	0	0			150	150
74	0	0			99	126
75	0	0			99	102
76	0	0			102	126
77	0	0			102	129
78	0	0			150	150
79	0	0			150	150
80	0	0			150	150
81	0	0			150	121
82	0	0			150	150
83	0	0			150	150
84	0	0			150	150
85	0	0			150	150
86	0	0			150	150
87	0	0			150	150
88	0	0			150	150
89	0	0			150	150
90	0	0			150	108
91	0	0			126	150
92	0	0			150	103
93	0	0			150	150
94	0	0			150	150
95	0	0			150	150
96	10	2			150	150
97	0	0			123	150
98	0	0			106	150
99	0	0			150	150
100	62	103			138	150
101	12	23			150	150
102	0	0			150	150
103	0	0			150	111
104	2	7			150	150
105	0	0			150	150
106	0	0			150	150
107	0	32			115	150
108	1	0			111	105
109	0	0			150	150
110	0	0			150	114
111	0	5			150	123
112	0	3			150	150
113	16	15			150	150
114	88	0			150	121
115	56	23			150	117
116	56	1			150	121
117	1	23			121	117
118	5	1			150	150
119	48	62			150	150
120	2	0			93	90
121	13	2			150	150
122	12	16			144	111
123	0	0			93	93
124	0	0			150	126
125	0	1			150	150
126	0	1			126	150
127	317	6			150	150
128	0	0			150	150
129	21	49			123	140
130	11	12			150	150
131	0	0			150	150
132	19	35			150	146
133	0	99			150	150
134	12	22			150	150
135	39	51			150	150
136	0	12			136	150
137	0	0			150	150
138	2	0			150	150
139	21	20			142	150
140	1	3			150	150
141	2	0			150	150
142	6	0			150	150
143	66	5			150	147
144	14	1			115	118
145	40	12			150	146
146	42	0			150	150
147	23	0			150	113
148	42	0			150	113
149	11	0			150	150
150	264	293			150	150
151	5	26			146	150
152	44	80			146	150
153	0	0			150	119
154	0	80			150	130
155	52	0			150	119
156	0	80			119	130
157	0	113			150	150
158	41	114			150	130
159	10	39			121	150
160	6	40			121	150
161	11	40			150	150
162	13	40			150	150
163	11	6			150	121
164	13	6			150	121
165	5	16			147	144
166	0	0			150	150
167	0	0			150	133
168	3	0			129	148
169	38	47			148	150
170	0	2			150	150
171	1	2			150	150
172	23	4			150	150
173	0	0			141	150
174	3	3			150	150
175	726	157			150	132
176	22	23			150	150
177	53	49			150	150
178	0	10			150	144
179	42	5			117	150
180	20	7			150	150
181	20	30			150	150
182	0	0			150	150
183	1	0			150	150
184	1	0			123	150
185	5	24			150	150
186	32	34			150	150
187	0	112			150	150
188	7	27			150	150
189	2	0			150	150
190	193	4			148	150
191	20	128			150	150
192	18	42			150	150
193	0	18			150	150
194	80	229			148	123
195	13	65			131	150
196	2	0			141	139
197	0	0			150	118
198	411	4			150	150
199	411	11			150	150
200	0	0			150	150
201	0	0			150	150
202	0	0			150	150
203	8	0			150	122
204	2	2			150	150
205	13	0			106	150
206	3	4			106	150
207	0	0			97	97
208	0	0			111	150
209	0	0			150	103
210	0	0			150	150
211	1	2			150	150
212	0	0			150	150
213	0	0			136	150
214	0	0			147	150
215	20	1			133	150
216	64	117			150	143
217	1	50			150	150
218	121	43			150	150
219	101	99			150	150
220	63	121			119	136
221	13	1			150	150
222	54	1224			150	150
223	666	1298			150	150
224	0	0			148	150
225	207	292			150	150
226	180	516			150	150
227	572	70			150	150
228	1328	11			150	141
229	0	0			150	150
230	0	0			150	150
231	1	0			150	120
232	0	0			150	150
233	39	33			150	136
234	29	0			150	120
235	137	1839			150	150
236	804	9825			150	129
237	66	4609			150	129
238	5	5708			150	112
239	7283	5708			150	112
240	0	0			150	150
241	0	0			150	150
242	1	2			124	121
243	2	1			150	150
244	602	537			150	150
245	527	796			150	117
246	0	80			122	119
247	21	26			150	150
248	97	218			150	150
249	14	29			150	150
250	84	112			150	150
251	0	0			150	118
252	9	0			150	150
253	35	4			85	85
254	1	0			150	150
255	0	0			143	143
256	0	0			103	143
257	1	2			150	150
258	1	2			150	150
259	17	349			150	150
260	0	0			150	150
261	38	59			150	150
262	71	0			138	150
263	58	86			150	150
264	648	4			150	150
265	3	6			150	150
266	7	1			137	150
267	0	0			150	150
268	0	0			150	150
269	0	0			150	150
270	0	0			150	150
271	5	4			150	150
272	6	2			150	150
273	3	2			150	150
274	5	0			133	102
275	93	60			150	150
276	93	89			150	150
277	0	0			150	150
278	37	71			150	150
279	173	176			150	150
280	61	79			150	150
281	0	0			150	132
282	25	50			150	150
283	75	51			144	150
284	0	0			150	150
285	0	0			150	150
286	0	0			150	150
287	0	0			150	150
288	24	23			150	150
289	3	0			150	150
290	0	0			150	150
291	0	0			125	143
292	3	0			150	150
293	0	1			150	150
294	0	3			150	150
295	0	3			150	150
296	0	4			150	150
297	0	0			150	136
298	0	1			116	150
299	0	0			123	150
300	0	0			150	150
301	0	50			150	141
302	42	2			150	150
303	0	0			150	150
304	0	0			150	150
305	4	0			150	150
306	0	0			150	150
307	2	0			150	150
308	0	0			150	150
309	4	0			150	150
310	0	0			150	150
311	4	0			150	150
312	0	0			150	150
313	0	4			150	150
314	0	2			150	150
315	23	27			145	150
316	12	24			150	150
317	0	0			150	150
318	0	0			150	150
319	0	0			150	121
320	39	97			117	150
321	13	32			150	108
322	11	26			108	150
323	35	68			122	150
324	21	88			117	149
325	0	6			131	125
326	111	0			150	150
327	66	0			150	150
328	10	6			150	150
329	7	12			149	150
330	8	1			148	150
331	0	0			150	150
332	526	535			150	150
333	1	50			150	144
334	2	5			150	150
335	701	781			150	150
336	3	5			150	150
337	80	2			150	150
338	29	50			138	150
339	2	0			120	120
340	2	3			133	150
341	5	0			150	114
342	35	59			150	150
343	35	10			150	138
344	35	9			150	134
345	8	3			127	126
346	7	2			150	150
347	9	350			150	150
348	25	41			129	150
349	1	1			150	123
350	2	1			150	150
351	0	0			150	150
352	1	1			129	150
353	87	85			150	144
354	60	121			137	150
355	76	103			143	150
356	15	36			150	150
357	31	34			150	150
358	158	180			150	150
359	0	132			100	100
360	32	99			119	150
361	47	0			127	119
362	1	0			150	95
363	0	0			150	96
364	57	72			124	150
365	0	0			135	150
366	3	5			150	150
367	0	0			150	150
368	0	0			150	150
369	15	2			150	150
370	26	34			150	150
371	9	9			150	150
372	0	0			150	142
373	3	0			150	150
374	4	0			150	138
375	4	1			150	147
376	0	1			138	147
377	24	46			123	150
378	0	0			150	150
379	18	17			150	150
380	4	17			150	150
381	12	8			150	150
382	3	27			150	150
383	3	61			150	150
384	42	42			150	150
385	36	24			150	150
386	8	162			117	150
387	229	309			150	150
388	0	0			150	150
389	26	1			150	133
390	0	0			108	135
391	4	39			150	150
392	0	0			150	150
393	0	0			150	150
394	16	135			150	148
395	1	2			150	150
396	11	15			150	150
397	58	1			140	150
398	188	228			114	150
399	199	108			135	102
400	73	61			150	150
401	10	7			150	150
402	3	0			150	150
403	4	0			150	150
404	10	10			150	150
405	3	3			150	150
406	4	3			150	150
407	2	3			150	150
408	0	0			150	150
409	2	0			150	150
410	1	0			150	104
411	5	2			150	150
412	0	2			150	150
413	52	81			150	148
414	24	22			150	150
415	32	27			150	150
416	8	61			95	150
417	2	1			150	150
418	4	11			150	150
419	4	11			150	150
420	0	3			84	84
421	23	24			150	150
422	0	1			150	150
423	140	112			150	150
424	102	472			102	150
425	12	10			128	150
426	8	12			150	128
427	32	60			150	150
428	50	105			150	150
429	8	107			150	135
430	16	28			150	129
431	1	28			147	147
432	3	13			150	150
433	4	13			150	150
434	4	3			150	150
435	1	0			150	133
436	177	115			150	150
437	3	5			150	150
438	160	190			150	150
439	20	34			150	150
440	12	25			150	146
441	204	6			150	150
442	2	0			150	150
443	19	3			150	150
444	10	10			150	150
445	5	107			150	150
446	13	0			150	150
447	328	0			150	150
448	328	13			150	150
449	1424	13			127	150
450	37	7			150	150
451	50	4			150	150
452	158	210			147	150
453	2	211			147	150
454	134	211			150	150
455	134	2			150	147
456	134	160			150	147
457	99	164			150	150
458	0	1			150	150
459	0	0			150	150
460	4	25			150	150
461	1621	0			147	150
462	3	0			150	84
463	5	0			150	84
464	2	3			150	150
465	7	9			150	150
466	0	1			150	150
467	1	17			146	150
468	0	1			145	150
469	0	1			145	150
470	2	47			150	150
471	19	12			150	150
472	9	9			150	150
473	61	83			150	150
474	89	98			143	143
475	1023	998			150	147
476	0	0			150	150
477	15	11			138	150
478	105	106			135	143
479	0	0			150	119
480	0	0			79	82
481	9	5			150	150
482	12	7			150	150
483	0	0			150	150
484	0	0			150	150
485	1	82			108	144
486	1	18			108	102
487	0	0			78	150
488	26	368			150	150
489	26	168			150	150
490	1	9			111	150
491	9	0			150	150
492	3	12			150	150
493	40	36			150	150
494	7	0			113	137
495	338	370			150	150
496	8	56			150	150
497	91	185			118	150
498	155	317			150	150
499	106	221			150	150
500	240	368			150	150
501	230	479			150	150
502	0	0			150	150
503	0	1			150	125
504	158	243			148	150
505	0	1			150	150
506	0	0			150	81
507	3	0			138	150
508	0	0			150	150
509	0	0			150	150
510	0	0			150	150
511	0	0			150	150
512	0	0			150	150
513	36	37			150	150
514	10	13			150	150
515	403	443			150	150
516	802	672			150	150
517	25	0			149	137
518	58	75			150	150
519	0	0			98	98
520	0	0			81	81
521	10	3			128	132
522	0	0			150	105
523	0	0			117	105
524	0	29			150	150
525	0	0			150	150
526	29	43			120	132
527	7	1			150	150
528	4	0			150	150
529	47	70			147	144
530	17	5			147	150
531	43	66			133	147
532	87	67			147	150
533	254	342			150	150
534	0	1			150	150
535	27	77			114	149
536	0	0			147	141
537	2	0			150	150
538	0	2			150	146
539	4	0			84	84
540	19	2			150	150
541	15	31			150	150
542	3	0			150	150
543	1	0			150	150
544	6	0			150	150
545	36	19			144	108
546	44	67			150	150
547	0	2			150	141
548	0	0			150	150
549	47	59			150	130
550	48	58			150	150
551	48	58			150	150
552	0	3			150	150
553	0	6			150	115
554	1	18			150	140
555	17	18			150	140
556	5	2			150	150
557	26	38			150	150
558	0	0			150	150
559	5	0			126	150
560	0	0			150	150
561	15	17			150	120
562	0	1			150	135
563	0	0			96	96
564	28	23			150	116
565	83	37			150	150
566	84	18			150	150
567	0	0			150	150
568	0	2			129	137
569	0	0			150	150
570	205	0			100	100
571	10	14			150	150
572	0	0			150	150
573	0	0			150	150
574	10	8			150	114
575	57	60			150	150
576	0	0			150	125
577	0	0			150	150
578	16	16			150	147
579	0	5			150	142
580	3	1			142	150
581	1	0			142	111
582	0	1			150	150
583	21	4			137	150
584	7	6			133	150
585	16	0			150	114
586	0	0			150	150
587	6	13			150	150
588	0	0			150	150
589	0	0			150	150
590	4	4			150	148
591	36	55			150	150
592	0	0			150	150
593	3	11			103	150
594	22	34			150	150
595	17	16			150	150
596	5	0			150	150
597	5	2			150	150
598	0	6			76	150
599	0	1			138	150
600	18	18			150	150
601	2	1			150	150
602	19	24			143	150
603	50	77			99	150
604	108	38			150	99
605	4	1			150	150
606	1	713			150	150
607	11	0			150	138
608	31	0			150	138
609	31	11			150	150
610	0	0			110	127
611	0	0			126	150
612	37	39			150	150
613	1	1			125	150
614	0	0			150	142
615	3	4			150	150
616	4	2			150	150
617	7	3			150	150
618	0	0			143	150
619	0	0			141	150
620	0	0			123	99
621	0	14			150	150
622	0	0			150	131
623	0	0			150	150
624	7	11			150	150
625	1	37			150	150
626	21	15			150	150
627	40	57			150	150
628	71	141			150	150
629	50	40			126	150
630	3	7			150	150
631	18	14			150	150
632	15	21			150	150
633	8	10			150	148
634	0	0			150	150
635	0	2			150	150
636	0	1			150	150
637	252	3			150	149
638	51	62			150	150
639	0	0			120	150
640	2	0			147	150
641	0	1			150	150
642	0	0			135	150
643	0	1			150	150
644	0	0			150	126
645	0	27			121	144
646	25	43			150	150
647	0	73			150	110
648	80	1			150	131
649	82	23			150	131
650	3	20			92	150
651	1	14			141	136
652	17	14			150	136
653	20	18			150	150
654	811	0			150	150
655	3	47			150	150
656	2420	7150			150	150
657	34	2			150	150
658	34	37			150	138
659	40	66			150	138
660	5	2			114	150
661	34	35			150	150
662	5	50			150	150
663	3	70			150	146
664	33	1			150	150
665	19	1			150	150
666	0	11			143	150
667	0	48			150	142
668	17	12			150	150
669	16	12			150	150
670	16	5			150	150
671	0	0			81	81
672	113	111			150	146
673	15	10			150	150
674	10	1			150	150
675	1	1			150	150
676	1	10			150	150
677	0	0			150	102
678	0	0			111	114
679	0	0			134	118
680	1	86			150	150
681	0	0			150	150
682	0	0			150	150
683	1	0			150	150
684	2	0			87	84
685	0	0			150	147
686	0	0			150	150
687	0	0			150	150
688	7	25			150	150
689	0	0			142	106
690	52	93			141	150
691	55	0			83	83
692	0	0			150	150
693	0	0			84	84
694	17	32			150	150
695	44	0			92	92
696	0	0			99	99
697	0	0			150	150
698	0	0			150	144
699	0	0			150	150
700	0	0			144	150
701	21	21			150	150
702	1	1			150	150
703	1	0			150	133
704	1	0			150	150
705	1	0			150	150
706	0	0			133	150
707	2	0			150	150
708	1	0			150	150
709	66	31			132	150
710	130	20			150	150
711	3	0			150	109
712	0	0			150	150
713	0	0			150	150
714	2	9			150	150
715	310	0			150	150
716	140	161			150	141
717	1	5			150	150
718	101	115			150	150
719	48	19			125	136
720	0	4			150	128
721	28	7			150	150
722	73	1			150	150
723	244	49			147	150
724	0	4			150	132
725	0	4			150	132
726	0	0			150	150
727	6	14			112	150
728	842	13			150	150
729	1211	1			107	113
730	8	5			150	150
731	0	2			150	150
732	0	0			150	150
733	32	38			150	150
734	32	29			150	124
735	37	99			150	150
736	7	53			150	150
737	7	28			150	110
738	0	0			138	149
739	101	0			150	150
740	61	0			150	150
741	3208	730			150	150
742	55	79			150	150
743	1	1			150	150
744	0	0			150	150
745	21	19			150	120
746	8	0			150	114
747	7	14			150	150
748	0	0			114	150
749	19	14			122	147
750	15	20			150	150
751	23	24			150	108
752	12	22			150	143
753	172	222			150	150
754	9	7			150	150
755	0	0			97	99
756	0	2			150	150
757	0	0			120	120
758	0	0			135	150
759	0	1			150	150
760	0	0			150	150
761	22	2			150	108
762	72	105			113	150
763	0	0			87	87
764	2	2			102	150
765	1	1			102	150
766	41	60			150	150
767	124	2			150	150
768	124	2			150	150
769	116	216			136	150
770	0	0			150	150
771	38	82			124	150
772	3	1			99	100
773	0	0			150	150
774	286	56			150	150
775	0	0			150	150
776	0	0			150	150
777	37	99			114	150
778	8	1			150	150
779	16	10			150	150
780	11	50			150	134
781	0	0			90	90
782	3	5			90	78
783	0	0			117	78
784	7	30			150	150
785	0	400			113	142
786	106	400			142	142
787	106	0			142	113
788	205	187			150	150
789	0	0			150	150
790	0	0			150	150
791	4	6			148	150
792	0	6			150	150
793	4	2			148	150
794	14	25			150	150
795	407	472			150	150
796	5	4			109	141
797	1	64			147	150
798	3	64			150	150
799	0	0			150	121
800	13	0			136	128
801	0	10			150	150
802	5	10			150	138
803	4	0			150	150
804	32	55			150	150
805	0	0			150	150
806	0	0			150	150
807	0	1			150	150
808	0	0			150	150
809	0	1			150	150
810	0	1			87	90
811	10	3			128	150
812	2117	5165			103	150
813	4635	5165			150	150
814	12	5			150	150
815	25	90			113	150
816	6	3			150	133
817	52	3			150	150
818	0	2			150	150
819	0	2			150	150
820	2	0			150	105
821	0	18			87	87
822	0	4			150	150
823	0	0			150	150
824	0	0			150	150
825	0	0			150	150
826	103	81			150	150
827	0	0			150	124
828	0	0			150	106
829	0	0			150	150
830	0	0			150	150
831	2	154			102	120
832	22	35			132	150
833	3	3			150	150
834	0	0			150	150
835	3	1			150	150
836	0	0			150	150
837	7	5			141	149
838	7	7			141	150
839	9	3			150	150
840	1	0			150	150
841	4	66			114	102
842	24	66			126	102
843	79	30			150	102
844	4	24			150	102
845	98	24			150	102
846	98	4			150	150
847	97	46			150	150
848	13	229			150	150
849	126	0			150	150
850	3	0			150	150
851	3	0			150	131
852	0	0			150	131
853	0	30			98	150
854	2	2			150	150
855	52	0			150	150
856	13	16			150	150
857	0	76			150	150
858	5	0			117	150
859	1	55			150	150
860	0	0			150	150
861	0	0			150	150
862	6	0			150	150
863	7	14			150	150
864	0	0			127	129
865	0	0			150	150
866	2	4			150	150
867	0	0			150	150
868	0	0			150	150
869	7	20			141	150
870	0	0			110	150
871	0	0			110	150
872	0	0			150	146
873	158	108			150	150
874	3	113			124	128
875	46	0			150	150
876	55	33			150	150
877	374	3			149	125
878	0	34			150	136
879	7	17			150	150
880	0	0			98	95
881	2	14			130	150
882	3	0			150	150
883	1	41			106	150
884	0	111			79	150
885	3	21			98	150
886	11	14			150	150
887	25	0			150	150
888	11	54			150	150
889	2	4			150	150
890	1	4			132	132
891	0	0			93	93
892	0	0			96	90
893	0	1			96	90
894	1	0			87	99
895	0	0			116	116
896	0	0			150	150
897	21	46			146	150
898	41	60			150	150
899	77	0			98	101
900	145	155			150	150
901	679	982			150	150
902	375	383			150	150
903	32	43			150	150
904	115	158			150	150
905	0	287			150	150
906	14	15			150	150
907	1	9			150	150
908	0	1			150	150
909	15	9			150	150
910	3	4			138	150
911	22	16			150	150
912	38	2			150	150
913	706	1016			150	150
914	206	241			150	150
915	0	19			150	150
916	0	0			150	150
917	294	398			150	150
918	8	81			136	150
919	0	0			150	150
920	0	0			150	136
921	0	0			150	136
922	5	5			146	150
923	1	10			134	150
924	8	75			150	150
925	39	63			150	150
926	38	52			150	146
927	4	88			150	150
928	1	107			150	122
929	4	5			150	135
930	4	5			150	135
931	0	4			141	150
932	21	2			150	141
933	17	2			150	141
934	2	0			138	150
935	42	0			87	87
936	0	0			150	150
937	23	2			150	150
938	1	0			140	95
939	13	16			150	150
940	0	1			150	98
941	2	3			150	150
942	0	1			146	135
943	1	3			150	150
944	10	34			130	150
945	10	19			130	121
946	20	45			150	150
947	8	7			150	150
948	28	93			107	134
949	22	23			150	150
950	0	107			150	150
951	0	0			81	81
952	9	4			150	150
953	1	42			150	150
954	0	0			150	150
955	0	0			150	150
956	0	0			150	150
957	0	0			150	150
958	0	0			84	84
959	0	12			123	150
960	17	0			150	150
961	0	0			150	150
962	0	0			150	131
963	9	10			143	119
964	14	10			150	119
965	1	0			150	150
966	0	0			138	150
967	27	15			150	137
968	0	0			150	150
969	76	99			141	143
970	0	0			150	150
971	0	0			150	150
972	0	1			150	150
973	54	63			137	150
974	1	54			150	138
975	2	54			107	138
976	0	0			150	150
977	0	0			150	150
978	0	0			150	127
979	0	0			150	127
980	0	0			96	90
981	0	5			150	150
982	0	5			150	150
983	0	0			150	150
984	0	3			150	150
985	2	5			150	150
986	2	0			150	150
987	5	0			150	95
988	5	1			150	137
989	0	1			95	137
990	0	2			147	141
991	1	2			150	141
992	1	0			150	147
993	0	0			108	150
994	2	3			148	150
995	0	0			150	150
996	0	0			150	150
997	0	0			150	150
998	0	0			150	150
999	0	0			150	150
1000	0	17			150	147
1001	0	0			81	81
1002	0	1			150	150
1003	2	95			81	144
1004	0	95			81	144
1005	0	2			81	81
1006	0	5			150	150
1007	0	0			150	150
1008	145	3			150	135
1009	0	0			150	150
1010	55	91			127	150
1011	2	0			148	150
1012	0	0			150	137
1013	0	1			150	150
1014	0	1			132	150
1015	10	24			148	150
1016	10	13			148	150
1017	22	4			138	97
1018	34	53			150	139
1019	34	5			150	121
1020	0	0			150	150
1021	0	0			150	150
1022	134	50			138	99
1023	38	58			150	150
1024	38	88			150	150
1025	0	1			150	150
1026	7	0			150	150
1027	0	0			150	150
1028	0	0			150	150
1029	31	54			150	150
1030	1	53			150	150
1031	3	9			150	150
1032	2	1			150	150
1033	0	0			150	150
1034	186	147			150	131
1035	3	0			150	150
1036	0	0			150	150
1037	41	17			150	150
1038	45	17			150	150
1039	21	0			90	93
1040	13	0			147	150
1041	36	34			150	150
1042	0	0			150	103
1043	0	0			150	150
1044	0	0			120	150
1045	0	0			150	150
1046	0	0			150	120
1047	0	0			150	120
1048	0	0			150	150
1049	0	8			150	150
1050	6	0			111	114
1051	19	44			150	150
1052	4	998			150	147
1053	1023	1			150	150
1054	0	5			150	150
1055	0	5			150	150
1056	7	0			150	150
1057	0	12			121	135
1058	0	47			119	112
1059	71	73			150	125
1060	0	36			102	150
1061	0	0			90	87
1062	1	6			150	150
1063	10	0			96	96
1064	0	0			150	150
1065	25	30			150	150
1066	4	11			114	144
1067	0	0			147	141
1068	11	21			150	150
1069	1054	34			150	150
1070	0	2			150	150
1071	0	0			150	150
1072	26	51			136	150
1073	3	6			126	123
1074	3	8			126	150
1075	0	0			129	135
1076	0	4			111	135
1077	0	0			111	150
1078	0	0			129	150
1079	7	31			150	150
1080	13	15			150	150
1081	0	0			110	93
1082	0	0			150	150
1083	0	0			150	150
1084	0	0			150	150
1085	0	0			150	150
1086	0	5			150	150
1087	0	5			150	150
1088	7	11			150	150
1089	0	5			150	114
1090	10	8			150	126
1091	1	0			132	150
1092	0	0			150	150
1093	70	104			150	150
1094	52	66			150	150
1095	118	0			150	150
1096	0	59			150	150
1097	50	0			150	150
1098	61	39			150	150
1099	1	72			150	135
1100	0	0			140	150
1101	3	4			142	150
1102	1	0			90	105
1103	35	33			150	150
1104	61	12			150	150
1105	0	0			150	150
1106	1	5			150	136
1107	6	31			120	140
1108	5	29			150	150
1109	3	20			150	150
1110	4	49			150	150
1111	3	0			150	150
1112	0	0			150	150
1113	0	0			150	150
1114	0	0			150	150
1115	0	3			150	150
1116	0	3			150	150
1117	0	3			150	150
1118	0	0			150	150
1119	0	0			150	150
1120	0	10			121	150
1121	1	0			121	133
1122	0	0			150	133
1123	0	1			150	121
1124	7	1			141	150
1125	5	17			150	150
1126	1	17			150	150
1127	0	7			150	150
1128	0	0			150	150
1129	6	14			150	150
1130	0	0			150	150
1131	0	0			150	150
1132	3	6			150	150
1133	11	3			150	150
1134	0	4			102	150
1135	1	2			150	150
1136	26	29			149	150
1137	0	2			150	100
1138	128	125			150	150
1139	0	0			150	114
1140	27	29			150	150
1141	0	0			150	98
1142	47	34			144	150
1143	3	0			150	150
1144	0	1			150	150
1145	0	1			150	150
1146	0	0			150	150
1147	1	6			150	150
1148	110	214			126	139
1149	0	0			150	150
1150	0	0			84	96
1151	0	0			144	93
1152	2	1			102	117
1153	0	0			133	117
1154	0	0			150	109
1155	0	0			150	109
1156	1	0			150	150
1157	57	67			144	132
1158	1	2			135	150
1159	93	99			150	150
1160	9	12			150	150
1161	1	1			150	106
1162	4	7			124	150
1163	0	0			150	150
1164	0	0			150	150
1165	3	9			111	150
1166	27	1			150	150
1167	27	32			150	150
1168	1	32			150	150
1169	0	0			150	150
1170	0	0			123	150
1171	125	330			150	150
1172	11	14			150	150
1173	32	33			150	150
1174	23	47			150	150
1175	0	0			150	130
1176	0	0			150	149
1177	27	26			150	150
1178	27	11			150	150
1179	27	11			150	121
1180	19	12			150	121
1181	26	11			150	150
1182	26	11			150	121
1183	35	11			150	121
1184	4	54			150	150
1185	0	0			150	150
1186	6	1			147	137
1187	0	0			114	150
1188	0	0			133	150
1189	19	0			150	87
1190	44	69			150	150
1191	2	1			150	150
1192	0	0			150	150
1193	1	3			150	150
1194	0	1			150	150
1195	0	1			150	150
1196	0	0			84	93
1197	0	3			150	150
1198	0	0			110	150
1199	31	34			150	150
1200	1	5			150	150
1201	2	4			150	150
1202	1	0			137	150
1203	1	1			150	150
1204	61	4			150	150
1205	24	4			150	150
1206	13	1			150	150
1207	50	73			150	150
1208	1	0			150	150
1209	0	0			78	78
1210	0	0			150	150
1211	153	266			150	150
1212	38	38			150	150
1213	79	78			137	150
1214	51	63			150	139
1215	57	49			150	150
1216	10	49			139	150
1217	51	49			139	150
1218	38	0			150	150
1219	0	0			150	99
1220	0	5			150	81
1221	1	0			128	150
1222	26	36			150	150
1223	140	175			150	150
1224	255	97			150	150
1225	5	2			150	150
1226	2	5			150	150
1227	0	0			134	150
1228	0	4			114	150
1229	19	0			150	92
1230	8	28			150	150
1231	2	3			150	127
1232	0	0			150	150
1233	72	151			150	150
1234	8	261			150	150
1235	0	1			148	150
1236	69	44			150	138
1237	1	0			150	150
1238	1	0			150	150
1239	1	0			150	150
1240	0	0			150	150
1241	0	0			150	150
1242	0	0			150	150
1243	0	0			150	150
1244	0	0			150	103
1245	0	0			150	150
1246	1	1			150	150
1247	1	92			144	150
1248	0	0			150	133
1249	3	0			150	150
1250	0	0			150	150
1251	5	0			149	149
1252	5	7			150	150
1253	1	9			105	133
1254	72	21			150	123
1255	2	0			150	150
1256	2	0			150	150
1257	0	0			150	150
1258	0	2			150	150
1259	0	2			150	150
1260	0	0			121	147
1261	0	0			150	150
1262	11	5			150	140
1263	0	0			150	150
1264	63	65			150	150
1265	12	7			150	150
1266	22	32			150	150
1267	59	86			150	150
1268	0	0			144	131
1269	407	232			150	150
1270	1	0			126	150
1271	170	120			150	131
1272	86	118			120	150
1273	86	121			120	131
1274	52	11			150	150
1275	111	202			150	150
1276	7	6			150	150
1277	4	10			150	121
1278	43	36			150	150
1279	49	28			150	150
1280	1	28			150	150
1281	2	0			150	150
1282	747	19			150	150
1283	0	2			150	150
1284	3	0			99	99
1285	4	5			134	150
1286	6	5			150	150
1287	0	0			150	150
1288	18	19			129	150
1289	59	5			125	115
1290	9	6			150	138
1291	11	19			138	150
1292	42	82			150	150
1293	0	4			150	150
1294	0	9			150	150
1295	0	0			141	150
1296	0	0			150	130
1297	0	0			150	130
1298	0	0			150	150
1299	0	0			150	150
1300	0	0			150	150
1301	0	0			150	150
1302	0	0			150	136
1303	3	0			138	150
1304	1	1			150	150
1305	67	73			141	143
1306	56	87			143	146
1307	78	63			146	133
1308	9	87			150	150
1309	24	87			150	150
1310	97	115			150	150
1311	79	104			150	150
1312	4	29			146	150
1313	0	0			134	150
1314	18	11			150	150
1315	0	0			96	96
1316	83	42			150	150
1317	111	64			150	150
1318	22	8			150	150
1319	0	0			147	141
1320	60	229			150	150
1321	5	120			150	140
1322	0	0			123	150
1323	0	0			123	150
1324	0	0			123	78
1325	0	0			150	78
1326	0	0			150	78
1327	144	21			150	150
1328	167	0			79	79
1329	0	8			150	150
1330	0	0			150	150
1331	0	0			150	150
1332	1	0			150	150
1333	5	0			150	150
1334	23	8			150	150
1335	162	16			113	136
1336	0	0			150	150
1337	0	0			115	150
1338	0	0			139	128
1339	0	0			108	123
1340	43	35			150	150
1341	4	2			140	150
1342	72	0			128	79
1343	0	3			150	150
1344	0	1			150	150
1345	3	1			150	150
1346	55	158			150	144
1347	103	0			150	76
1348	0	16			150	136
1349	9	0			150	150
1350	8	7			150	150
1351	0	0			150	150
1352	0	19			150	131
1353	0	19			150	131
1354	0	1			150	150
1355	0	0			150	122
1356	54	32			150	150
1357	30	19			129	124
1358	0	0			150	150
1359	151	229			114	132
1360	0	12			150	122
1361	0	0			150	150
1362	0	0			150	150
1363	38	37			150	150
1364	0	0			81	81
1365	20	38			130	150
1366	0	9			96	96
1367	0	14			96	93
1368	80	267			118	150
1369	93	57			133	150
1370	39	59			129	150
1371	0	0			150	150
1372	0	0			150	150
1373	2	2			142	150
1374	0	3			114	145
1375	0	3			150	150
1376	0	1			150	150
1377	0	2			150	150
1378	0	2			150	145
1379	3	1			150	150
1380	3	2			150	150
1381	3	2			150	145
1382	1	2			150	145
1383	2	2			150	145
1384	0	0			123	150
1385	130	137			150	150
1386	0	0			150	108
1387	1	0			126	99
1388	4	12			150	150
1389	2	9			150	150
1390	0	9			150	150
1391	0	0			150	150
1392	0	0			150	150
1393	0	0			96	90
1394	3	6			150	150
1395	9	8			150	150
1396	155	0			150	150
1397	27	61			150	150
1398	66	52			150	108
1399	6	0			150	150
1400	9	27			150	150
1401	8	9			150	150
1402	6	2			150	150
1403	0	0			150	150
1404	0	3			144	150
1405	0	0			150	150
1406	123	5			150	150
1407	49	54			150	150
1408	0	0			87	87
1409	0	0			150	147
1410	0	0			150	147
1411	0	19			79	150
1412	6	17			150	150
1413	1	17			150	150
1414	0	0			139	150
1415	45	107			150	150
1416	0	38			84	150
1417	0	0			150	150
1418	17	25			123	150
1419	4	1			150	150
1420	17	28			150	135
1421	127	121			150	136
1422	0	17			98	98
1423	54	48			150	150
1424	30	67			150	150
1425	2	0			140	125
1426	0	0			150	107
1427	0	5			150	150
1428	8	20			106	150
1429	75	156			138	150
1430	6	1			150	90
1431	9	10			150	150
1432	1	3			111	150
1433	0	0			150	150
1434	10	85			150	150
1435	0	26			120	150
1436	0	0			150	150
1437	16	18			150	140
1438	2	97			132	150
1439	0	0			150	150
1440	0	0			105	150
1441	0	0			105	150
1442	0	0			150	150
1443	179	190			150	150
1444	85	103			150	150
1445	85	106			126	150
1446	83	98			150	150
1447	0	131			82	150
1448	0	1			150	150
1449	0	0			150	150
1450	226	366			150	150
1451	5	0			150	150
1452	5	0			150	150
1453	22	0			150	150
1454	35	3427			150	150
1455	2154	3427			111	150
1456	15	25			110	125
1457	71	25			150	125
1458	11	0			147	150
1459	42	25			150	150
1460	37	34			150	126
1461	1	65			147	147
1462	0	0			150	150
1463	18	22			131	150
1464	0	0			150	150
1465	0	0			150	150
1466	0	0			150	150
1467	0	0			150	150
1468	0	54			150	150
1469	0	25			150	150
1470	0	0			106	106
1471	0	0			100	100
1472	274	0			150	150
1473	578	0			150	150
1474	2	0			150	150
1475	223	356			150	150
1476	62	82			150	150
1477	269	0			150	150
1478	5	64			150	150
1479	5	90			150	150
1480	5	57			150	150
1481	0	0			150	150
1482	0	0			150	150
1483	0	0			131	150
1484	156	175			150	150
1485	30	35			150	150
1486	58	6			150	150
1487	72	0			84	87
1488	1163	210			150	119
1489	957	0			132	150
1490	1	0			138	115
1491	0	31			150	150
1492	16	11			150	150
1493	0	0			150	150
1494	0	0			150	108
1495	6	3			124	150
1496	0	3			150	150
1497	5	0			150	150
1498	16	0			141	150
1499	1	0			150	137
1500	0	0			150	137
1501	0	1			150	150
1502	28	18			150	150
1503	0	0			123	150
1504	0	49			118	150
1505	83	64			150	135
1506	5	16			150	150
1507	0	0			93	126
1508	0	93			150	150
1509	0	0			150	150
1510	0	0			150	150
1511	0	3			150	150
1512	17	25			150	150
1513	60	1			150	129
1514	1	0			150	150
1515	1	2			150	143
1516	0	0			150	98
1517	0	0			150	98
1518	33	62			150	150
1519	8	0			150	128
1520	0	1			150	150
1521	27	57			150	150
1522	52	60			150	139
1523	0	8			150	150
1524	139	253			150	150
1525	7	9			150	150
1526	0	1			150	145
1527	21	1			150	150
1528	31	57			150	150
1529	0	0			150	150
1530	0	7			129	114
1531	5	249			150	150
1532	21	73			135	150
1533	58	60			142	150
1534	0	0			144	150
1535	0	0			144	150
1536	0	0			150	150
1537	6	9			150	132
1538	247	118			150	150
1539	195	25			150	150
1540	0	0			142	150
1541	1	15			96	93
1542	0	0			150	98
1543	0	0			150	98
1544	48	0			120	150
1545	22	1886			150	150
1546	14	1886			150	150
1547	0	0			150	150
1548	2	4			150	150
1549	10	1			150	150
1550	13	4			150	150
1551	1	0			99	132
1552	16	50			150	150
1553	16	70			150	135
1554	50	70			150	135
1555	55	55			150	150
1556	0	9			149	150
1557	0	2			149	150
1558	10	17			150	150
1559	9	10			150	150
1560	14	16			150	150
1561	30	38			150	150
1562	32	44			150	150
1563	60	99			150	150
1564	2	71			150	150
1565	0	0			77	150
1566	11	20			146	146
1567	146	175			150	150
1568	15	16			150	150
1569	24	0			150	80
1570	16	14			150	142
1571	7	13			150	150
1572	76	0			150	135
1573	74	29			150	150
1574	66	35			144	144
1575	77	135			150	150
1576	0	0			111	150
1577	22	46			150	150
1578	12	14			150	150
1579	10	13			150	150
1580	0	21			150	150
1581	0	7			150	150
1582	0	0			150	79
1583	5	1			150	150
1584	0	6			125	150
1585	2	7			125	150
1586	0	7			127	150
1587	0	6			125	150
1588	1	7			131	125
1589	1	0			150	150
1590	21	0			150	150
1591	0	0			116	150
1592	0	0			150	150
1593	0	0			150	150
1594	0	6			150	150
1595	29	37			150	150
1596	0	3			150	150
1597	1	5			150	150
1598	0	0			150	150
1599	0	0			150	150
1600	210	134			150	141
1601	35	38			150	150
1602	0	0			127	150
1603	4	24			133	150
1604	1	0			104	150
1605	0	0			132	150
1606	71	0			150	150
1607	0	0			93	93
1608	0	1			93	150
1609	1	1			150	141
1610	9	19			150	150
1611	10	0			150	150
1612	10	40			150	149
1613	0	40			150	149
1614	15	98			150	150
1615	0	0			150	114
1616	0	0			150	114
1617	3	0			150	150
1618	3	0			150	150
1619	1	2			150	150
1620	1	4			150	150
1621	2	0			134	150
1622	2	0			134	150
1623	0	4			134	150
1624	0	0			150	150
1625	2	4			150	150
1626	0	0			150	150
1627	0	0			150	137
1628	0	0			150	137
1629	0	0			150	150
1630	1	11			150	150
1631	18	8			150	150
1632	3	59			150	150
1633	3	59			150	150
1634	0	1			150	150
1635	2	0			150	122
1636	0	48			150	150
1637	14	8			150	150
1638	21	10			114	150
1639	0	6			135	117
1640	0	6			108	117
1641	0	0			108	135
1642	0	0			108	135
1643	54	6			148	148
1644	4	11			142	150
1645	4	11			120	150
1646	7	8			150	142
1647	0	8			120	142
1648	0	4			117	150
1649	4	4			120	150
1650	0	4			117	150
1651	0	4			120	150
1652	0	20			150	150
1653	9	14			150	150
1654	0	0			150	150
1655	0	0			135	147
1656	125	129			150	150
1657	0	10			115	130
1658	0	20			115	130
1659	11	34			150	150
1660	0	0			150	150
1661	0	0			133	122
1662	0	1			133	150
1663	0	1			122	150
1664	20	3			150	150
1665	0	2			93	93
1666	13	15			121	150
1667	14	4			150	121
1668	0	12			123	150
1669	21	9			150	117
1670	0	1			121	150
1671	0	1			150	150
1672	0	0			121	150
1673	2	0			84	84
1674	0	0			150	84
1675	0	2			150	84
1676	28	2			150	150
1677	6	2			147	147
1678	119	112			150	133
1679	10	9			150	150
1680	0	0			150	150
1681	14	7			139	150
1682	26	24			150	150
1683	0	0			150	150
1684	32	33			129	150
1685	3	0			150	150
1686	4	19			150	150
1687	80	66			150	150
1688	0	1			150	150
1689	5	4			150	129
1690	74	66			150	150
1691	42	88			150	150
1692	1	1			109	150
1693	6	10			150	150
1694	2	4			150	150
1695	7	10			126	150
1696	1	10			105	150
1697	1	2			150	150
1698	1	0			150	150
1699	2	0			150	150
1700	3	8			123	150
1701	0	5			93	93
1702	0	2			150	150
1703	6	17			142	136
1704	3	11			144	150
1705	0	0			150	150
1706	1	0			115	118
1707	9	9			150	123
1708	12	8			150	150
1709	23	9			150	150
1710	9	3			150	150
1711	16	8			143	150
1712	0	0			150	150
1713	2	20			150	150
1714	3	0			99	126
1715	0	0			99	102
1716	0	0			102	126
1717	0	0			102	129
1718	16	8			150	102
1719	0	0			150	150
1720	0	0			150	98
1721	0	0			150	98
1722	4	0			139	150
1723	13	17			150	150
1724	1	0			150	150
1725	2	5			150	150
1726	0	5			150	150
1727	102	46			135	141
1728	1	8			150	150
1729	0	0			147	127
1730	38	20			150	109
1731	47	5			142	150
1732	1	0			102	99
1733	18	16			150	150
1734	1	141			97	150
1735	226	215			150	150
1736	269	161			150	150
1737	43	214			150	150
1738	0	0			93	90
1739	1	39			102	150
1740	1	25			102	150
1741	63	87			150	150
1742	95	88			150	150
1743	0	0			150	99
1744	0	7			148	78
1745	4	0			123	99
1746	10	8			150	142
1747	0	6			150	150
1748	77	26			150	96
1749	3	0			144	81
1750	0	0			120	150
1751	180	7			150	150
1752	26	10			101	150
1753	8	35			150	150
1754	1	0			108	96
1755	7	0			150	96
1756	7	1			150	108
1757	0	0			150	111
1758	0	35			150	150
1759	0	71			150	150
1760	7	65			150	150
1761	7	3			150	150
1762	0	1			150	150
1763	0	0			125	150
1764	8	0			150	150
1765	0	8			150	150
1766	0	0			150	150
1767	70	0			150	97
1768	0	0			150	150
1769	4	0			150	117
1770	59	80			150	150
1771	0	1			150	150
1772	0	1			150	150
1773	0	1			150	150
1774	0	0			150	150
1775	0	0			150	150
1776	0	0			150	150
1777	0	0			150	150
1778	7	0			150	150
1779	0	0			150	150
1780	10	48			111	150
1781	39	72			150	150
1782	0	0			150	150
1783	0	0			87	87
1784	4	0			150	150
1785	26	1			150	150
1786	27	50			150	150
1787	22	29			150	150
1788	103	0			150	150
1789	63	75			150	150
1790	2	3			150	150
1791	2	47			150	150
1792	3	92			150	150
1793	73	91			150	150
1794	91	73			150	133
1795	133	214			150	150
1796	111	0			120	150
1797	22	1			150	131
1798	31	30			150	147
1799	0	1			150	150
1800	0	0			150	150
1801	1	4			150	146
1802	0	4			150	146
1803	0	1			150	150
1804	129	100			150	150
1805	30	31			150	150
1806	0	1			150	150
1807	0	1			150	150
1808	0	0			150	150
1809	11	13			150	147
1810	1	9			150	150
1811	1	13			150	150
1812	1	10			150	150
1813	21	12			150	150
1814	0	0			150	150
1815	59	0			150	150
1816	4	132			150	150
1817	0	0			138	150
1818	0	0			138	150
1819	0	0			150	150
1820	0	0			150	138
1821	0	0			150	138
1822	5	5			150	150
1823	71	96			150	150
1824	0	0			139	150
1825	3	6			150	150
1826	1	0			150	150
1827	95	145			150	150
1828	110	122			150	150
1829	0	1			108	150
1830	0	0			144	147
1831	0	0			150	150
1832	220	0			150	150
1833	36	5			150	150
1834	46	48			150	150
1835	0	0			83	77
1836	0	0			150	133
1837	0	0			150	150
1838	0	0			150	87
1839	0	0			87	150
1840	0	2			150	150
1841	104	102			149	150
1842	2682	3343			150	150
1843	40	61			150	150
1844	12	12			150	150
1845	15	14			150	150
1846	13	2			150	114
1847	6	6			150	150
1848	0	2			118	150
1849	29	27			150	150
1850	0	0			150	150
1851	115	117			150	150
1852	4	14			150	150
1853	0	2			150	150
1854	0	2			150	150
1855	0	0			150	150
1856	24	34			150	150
1857	24	34			150	150
1858	0	0			150	141
1859	4	2			150	150
1860	0	0			123	150
1861	14	1			150	150
1862	0	0			150	150
1863	0	0			150	129
1864	0	0			150	150
1865	0	0			125	150
1866	1	31			150	150
1867	0	0			150	129
1868	81	42			150	150
1869	0	0			150	133
1870	0	75			150	149
1871	3	155			150	149
1872	0	0			129	150
1873	92	74			150	126
1874	30	93			126	150
1875	0	0			130	150
1876	0	0			93	150
1877	81	163			150	150
1878	45	93			150	150
1879	0	1			150	150
1880	2	1			150	150
1881	2	0			150	150
1882	20	16			148	150
1883	15	17			150	148
1884	14	16			150	126
1885	2	2			120	90
1886	2	1			120	90
1887	2	1			90	90
1888	9	15			150	144
1889	10	20			112	142
1890	58	58			150	150
1891	163	46			150	150
1892	37	18			150	102
1893	0	0			150	98
1894	0	0			150	98
1895	0	130			150	150
1896	0	130			109	150
1897	0	0			109	150
1898	17	63			150	150
1899	17	36			150	150
1900	11	12			150	150
1901	11	3			150	150
1902	1	0			135	149
1903	0	1			150	135
1904	52	0			108	111
1905	0	1			143	134
1906	41	83			150	150
1907	57	53			150	150
1908	7	13			150	140
1909	67	128			150	150
1910	25	104			150	150
1911	14	0			150	149
1912	14	29			150	150
1913	0	17			149	150
1914	32	36			150	150
1915	28	68			128	150
1916	42	50			150	150
1917	36	65			150	150
1918	0	0			150	150
1919	1	69			150	150
1920	1	69			150	150
1921	1	69			150	150
1922	0	0			150	150
1923	0	0			150	150
1924	0	0			150	150
1925	0	0			150	150
1926	1	0			150	150
1927	1	0			150	150
1928	0	0			150	150
1929	0	0			150	150
1930	0	1			150	150
1931	192	243			149	150
1932	0	0			150	134
1933	2	3			147	150
1934	2	3			150	150
1935	2	2			150	147
1936	1	0			150	150
1937	0	1			150	150
1938	53	0			150	87
1939	8	0			87	87
1940	0	2			138	150
1941	0	2			138	150
1942	0	2			150	150
1943	0	0			150	138
1944	0	0			150	138
1945	57	100			150	150
1946	128	170			135	150
1947	163	169			150	150
1948	0	0			150	150
1949	1	30			150	150
1950	6	0			150	150
1951	3	0			150	150
1952	198	0			150	77
1953	0	0			150	150
1954	0	0			127	127
1955	0	3			150	150
1956	0	2			127	127
1957	0	2			127	127
1958	0	0			127	127
1959	4	73			150	150
1960	0	0			150	126
1961	37	81			150	150
1962	169	355			150	150
1963	0	2			150	150
1964	6	11			147	150
1965	0	0			135	150
1966	7	6			150	150
1967	1	0			150	150
1968	16	20			116	150
1969	39	1			87	87
1970	39	2			87	150
1971	62	109			150	150
1972	0	0			150	103
1973	0	0			150	150
1974	3	10			112	150
1975	18	10			150	116
1976	25	10			150	116
1977	18	45			150	150
1978	25	45			150	150
1979	144	144			150	150
1980	0	5			102	99
1981	2	17			150	150
1982	1	0			150	150
1983	19	4			150	106
1984	8	4			129	141
1985	206	227			150	150
1986	0	0			150	150
1987	1	0			150	150
1988	0	0			150	150
1989	4	0			150	150
1990	0	0			136	150
1991	0	0			150	150
1992	0	3			150	150
1993	45	29			150	114
1994	0	195			111	121
1995	82	66			141	150
1996	0	0			150	150
1997	56	83			141	150
1998	0	0			99	99
1999	0	0			134	99
2000	1	0			150	134
2001	1	0			150	134
2002	0	0			150	150
2003	0	3			83	83
2004	0	0			83	110
2005	0	0			83	83
2006	0	0			110	83
2007	4	0			132	141
2008	0	16			99	99
2009	1	8			120	117
2010	5	1			150	150
2011	0	0			92	95
2012	38	1134			150	150
2013	4	5			150	150
2014	67	36			150	92
2015	34	36			150	92
2016	0	0			111	150
2017	37	0			150	108
2018	0	0			147	150
2019	0	0			129	150
2020	0	0			129	150
2021	0	0			129	150
2022	0	0			129	150
2023	0	0			129	150
2024	0	0			150	150
2025	0	0			150	150
2026	0	0			150	150
2027	0	0			150	150
2028	0	0			150	150
2029	0	0			150	150
2030	0	0			150	150
2031	0	0			150	150
2032	0	0			150	150
2033	0	0			150	123
2034	16	8			150	150
2035	0	0			150	150
2036	0	0			150	150
2037	18	81			150	138
2038	0	0			150	146
2039	0	114			150	150
2040	14	36			109	143
2041	40	35			150	150
2042	0	130			139	148
2043	0	0			150	144
2044	0	0			150	150
2045	46	46			150	147
2046	96	88			150	150
2047	62	65			150	150
2048	0	0			150	111
2049	0	0			150	150
2050	0	0			150	150
2051	14	0			150	120
2052	0	0			150	150
2053	0	0			150	117
2054	23	116			150	150
2055	0	80			129	150
2056	1	0			150	150
2057	0	0			150	109
2058	0	3			94	94
2059	51	114			150	150
2060	3	6			150	150
2061	2	6			150	150
2062	74	6			150	150
2063	74	2			150	150
2064	0	0			121	133
2065	22	7			145	150
2066	14	10			145	150
2067	0	0			126	150
2068	165	138			150	150
2069	115	236			150	150
2070	0	0			119	150
2071	0	0			150	99
2072	0	0			116	99
2073	0	0			116	150
2074	0	0			150	150
2075	0	0			150	150
2076	13	0			150	150
2077	2	0			150	150
2078	1	3			150	150
2079	25	3			150	150
2080	0	61			150	150
2081	0	61			150	150
2082	89	61			150	150
2083	5	56			150	150
2084	49	46			150	150
2085	2	7			150	149
2086	0	1			150	150
2087	1	0			135	135
2088	2	4			150	150
2089	0	3			150	108
2090	0	0			150	150
2091	24	72			150	150
2092	0	0			150	150
2093	7	0			150	111
2094	0	2			150	138
2095	0	1			150	150
2096	2	2			150	150
2097	12	30			150	150
2098	0	0			123	150
2099	0	0			143	137
2100	0	0			150	150
2101	1119	1260			150	150
2102	0	6			78	78
2103	0	0			93	93
2104	15	25			150	150
2105	0	0			150	150
2106	362	0			150	150
2107	0	0			90	78
2108	0	0			117	78
2109	0	0			150	150
2110	46	82			130	150
2111	24	24			150	150
2112	15	0			150	150
2113	58	45			145	150
2114	5	25			150	150
2115	25	30			150	150
2116	57	0			150	150
2117	21	18			150	150
2118	25	17			150	150
2119	25	15			150	150
2120	0	0			127	150
2121	1	0			150	150
2122	0	0			150	150
2123	9	2			150	150
2124	67	78			150	150
2125	84	87			150	150
2126	1	87			132	150
2127	13	8			150	150
2128	32	0			150	150
2129	16	8			150	150
2130	6	1			150	150
2131	5	4			150	137
2132	16	6			150	113
2133	20	6			150	113
2134	16	5			150	113
2135	1	0			150	150
2136	0	0			150	150
2137	0	0			150	150
2138	6	7			125	150
2139	1	4			150	150
2140	18	41			150	150
2141	1	6			150	150
2142	1	8			150	150
2143	0	3			150	150
2144	22	29			150	150
2145	21	37			150	150
2146	2	8			124	117
2147	0	0			150	150
2148	3	0			132	120
2149	4	1			141	138
2150	0	3			93	93
2151	1	3			90	150
2152	0	4			131	141
2153	0	0			150	96
2154	0	0			150	150
2155	3	6			150	150
2156	0	3			150	150
2157	0	0			150	150
2158	0	0			150	150
2159	0	0			150	150
2160	0	0			150	150
2161	0	18			81	150
2162	3	19			117	150
2163	15	32			147	150
2164	0	0			150	150
2165	0	6			150	150
2166	1	2			145	150
2167	0	1			130	150
2168	85	122			150	150
2169	0	0			138	120
2170	29	9			150	127
2171	3	6			119	125
2172	0	0			150	150
2173	0	0			81	81
2174	47	27			150	111
2175	0	0			150	150
2176	12	111			150	150
2177	0	2			150	150
2178	118	138			150	150
2179	0	0			150	150
2180	0	0			150	150
2181	0	19			150	115
2182	54	76			150	150
2183	0	0			145	150
2184	121	85			150	150
2185	19	2			150	144
2186	2	14			147	150
2187	0	1			123	150
2188	0	0			93	93
2189	0	0			150	137
2190	3	0			150	150
2191	0	0			150	135
2192	0	0			150	133
2193	0	0			133	150
2194	470	491			150	144
2195	80	131			150	150
2196	48	29			150	121
2197	7	1			126	126
2198	3	5			126	138
2199	1	35			149	150
2200	3	29			150	150
2201	17	35			138	150
2202	29	11			150	149
2203	22	28			150	150
2204	0	1			150	150
2205	30	78			150	150
2206	30	22			150	150
2207	28	13			150	117
2208	32	52			150	150
2209	121	135			146	149
2210	18	103			150	150
2211	0	1			150	150
2212	71	101			150	150
2213	112	117			150	150
2214	0	0			150	150
2215	7	69			142	150
2216	26	4			142	113
2217	61	52			150	150
2218	54	58			150	150
2219	16	23			150	150
2220	0	0			150	150
2221	20	7			150	150
2222	0	1			150	150
2223	99	1			150	150
2224	1	0			150	125
2225	32	41			150	150
2226	0	0			150	150
2227	35	0			150	150
2228	35	0			150	150
2229	45	110			150	150
2230	14	70			147	150
2231	0	0			150	98
2232	0	0			150	98
2233	0	0			150	150
2234	0	0			150	150
2235	0	1			150	150
2236	0	0			150	150
2237	1	0			150	150
2238	0	0			150	114
2239	0	32			150	150
2240	0	0			123	150
2241	114	116			150	150
2242	0	0			96	99
2243	1	0			150	150
2244	1	0			150	125
2245	21	40			150	150
2246	28	32			150	150
2247	28	37			150	150
2248	0	1			147	147
2249	0	1			147	147
2250	0	0			150	150
2251	22	25			150	150
2252	3	0			150	150
2253	4	0			150	150
2254	0	3			94	94
2255	0	0			87	87
2256	0	0			87	87
2257	0	0			87	87
2258	0	0			150	150
2259	6	12			150	150
2260	57	2			150	150
2261	33	53			138	150
2262	5	1			150	150
2263	5	1			150	150
2264	0	0			150	150
2265	0	0			141	150
2266	0	0			141	150
2267	19	28			150	150
2268	13	15			150	144
2269	82	0			150	150
2270	1	1			150	150
2271	1	22			150	146
2272	1	17			150	137
2273	1	22			150	146
2274	1	17			150	137
2275	13	17			150	147
2276	107	51			136	98
2277	0	0			123	150
2278	13	3			138	150
2279	1100	1304			150	150
2280	19	28			150	150
2281	0	9			150	150
2282	0	2			150	150
2283	9	2			150	150
2284	38	37			150	150
2285	291	7			145	147
2286	75	286			150	147
2287	75	38			150	150
2288	2	416			146	147
2289	0	0			150	150
2290	39	6			150	150
2291	2	0			150	150
2292	2	0			150	150
2293	0	0			150	150
2294	30	41			150	150
2295	30	24			150	150
2296	31	270			129	150
2297	661	990			150	150
2298	0	990			144	150
2299	661	991			150	150
2300	483	689			131	150
2301	2	368			125	122
2302	111	239			150	150
2303	1	5			150	150
2304	0	0			109	143
2305	0	0			150	150
2306	1	1			150	150
2307	1	1			150	150
2308	3	5			126	148
2309	8	4			126	148
2310	8	39			126	148
2311	4	39			148	148
2312	5	20			148	148
2313	37	19			150	104
2314	24	31			150	150
2315	3885	6185			150	150
2316	3641	5494			150	150
2317	1	1			150	150
2318	12	0			150	150
2319	20	52			150	150
2320	175	105			150	120
2321	167	2			150	120
2322	63	182			120	117
2323	19	49			150	150
2324	0	0			150	150
2325	0	0			150	150
2326	2	3			150	150
2327	682	610			150	123
2328	7	138			150	150
2329	157	125			150	123
2330	157	116			150	118
2331	9	9			150	127
2332	0	46			150	150
2333	13	26			150	150
2334	12	22			150	150
2335	0	2			140	150
2336	0	0			123	140
2337	0	3			150	150
2338	44	65			150	150
2339	0	0			123	150
2340	5	4			150	150
2341	43	88			150	150
2342	406	442			150	138
2343	387	444			150	150
2344	236	338			145	136
2345	0	85			147	150
2346	410	1367			134	150
2347	4	1			150	150
2348	1	1			150	150
2349	3	1			150	150
2350	0	1			130	150
2351	102	1			150	150
2352	102	3			150	150
2353	102	0			150	130
2354	129	1			150	103
2355	0	39			150	150
2356	1	1			150	150
2357	0	6			142	116
2358	0	0			150	150
2359	11	29			110	150
2360	11	12			150	122
2361	0	0			150	148
2362	22	51			150	150
2363	22	0			150	150
2364	471	131			150	137
2365	15	3			150	120
2366	1	0			150	150
2367	19	23			150	150
2368	17	7			126	150
2369	48	113			150	150
2370	29	69			150	150
2371	37	46			150	139
2372	15	52			150	150
2373	0	0			96	102
2374	0	0			96	96
2375	560	39			150	150
2376	260	2			87	87
2377	21	17			150	150
2378	2	5			150	150
2379	0	1			150	150
2380	0	0			150	150
2381	0	0			132	150
2382	0	3			150	150
2383	0	5			150	121
2384	1	13			109	150
2385	0	6			150	150
2386	0	6			150	150
2387	3	6			150	150
2388	0	6			150	150
2389	0	0			150	150
2390	3	0			150	150
2391	0	0			150	150
2392	3	0			150	150
2393	0	0			150	150
2394	0	3			150	150
2395	0	0			123	150
2396	43	75			136	150
2397	114	119			150	150
2398	0	0			90	150
2399	0	0			129	129
2400	6	71			150	150
2401	0	0			78	78
2402	0	0			78	78
2403	0	0			78	78
2404	7	0			150	150
2405	0	0			150	150
2406	3	0			150	150
2407	42	57			150	150
2408	0	0			96	150
2409	0	0			150	147
2410	37	5			150	150
2411	0	1			150	147
2412	2	2			141	135
2413	101	170			128	146
2414	14	2			150	150
2415	40	0			150	108
2416	1	0			150	150
2417	12	29			150	150
2418	13	11			150	150
2419	1	0			150	150
2420	134	160			150	150
2421	58	11			150	105
2422	26	11			117	105
2423	5	13			150	148
2424	73	127			150	150
2425	7	7			150	143
2426	5	7			101	130
2427	14	33			150	150
2428	5	33			150	150
2429	22	17			150	150
2430	21	35			150	150
2431	36	0			150	150
2432	22	46			133	150
2433	0	123			119	150
2434	0	0			150	150
2435	0	0			123	150
2436	4	1			150	150
2437	6	0			150	132
2438	7	6			138	150
2439	1	138			101	150
2440	0	0			150	150
2441	0	0			150	150
2442	0	0			150	150
2443	0	0			148	150
2444	0	0			150	150
2445	0	0			138	140
2446	0	0			150	150
2447	0	0			128	150
2448	0	0			150	150
2449	6	1			150	98
2450	6	4			150	98
2451	10	9			150	150
2452	31	23			150	150
2453	127	186			150	150
2454	127	2			150	150
2455	150	203			150	150
2456	19	6			147	141
2457	20	43			150	150
2458	5	43			150	150
2459	25	43			150	150
2460	12	5			150	129
2461	0	0			96	96
2462	7	3			150	150
2463	0	99			150	128
2464	268	252			150	121
2465	33	55			123	146
2466	22	26			141	123
2467	0	11			129	149
2468	0	5			150	139
2469	2	1			150	150
2470	235	108			140	150
2471	50	72			150	150
2472	0	0			147	141
2473	1	1			150	150
2474	16	1			150	150
2475	15	19			150	150
2476	0	0			150	130
2477	6	10			150	150
2478	0	0			150	150
2479	227	52			136	150
2480	227	159			136	150
2481	0	0			150	150
2482	1	0			110	150
2483	0	0			150	150
2484	0	2			150	114
2485	0	0			102	132
2486	1	19			150	150
2487	0	0			150	150
2488	88	102			150	150
2489	1	5			150	150
2490	0	0			150	150
2491	0	6			150	150
2492	11	0			150	116
2493	4	0			132	116
2494	1	14			150	150
2495	13	13			120	144
2496	0	34			81	150
2497	65	51			150	150
2498	3	8			150	135
2499	3	7			132	150
2500	3	0			150	147
2501	0	0			145	150
2502	0	0			150	150
2503	0	5			150	150
2504	1	0			116	150
2505	69	6			87	150
2506	0	0			150	103
2507	0	0			150	150
2508	0	0			150	150
2509	102	143			150	150
2510	2	2			150	150
2511	0	3			150	128
2512	0	0			150	150
2513	0	0			150	148
2514	1	4			150	150
2515	1	2			150	112
2516	0	0			150	150
2517	49	0			145	150
2518	0	0			105	147
