ID	IJC_SAMPLE_1	SJC_SAMPLE_1	IJC_SAMPLE_2	SJC_SAMPLE_2	IncFormLen	SkipFormLen
0	0	0			247	137
1	0	0			367	137
2	0	0			367	247
3	0	0			168	98
4	0	0			168	98
5	0	0			138	255
6	0	0			138	255
7	0	0			153	255
8	0	0			153	138
9	0	0			153	138
10	0	0			247	137
11	0	0			367	137
12	0	0			367	247
13	0	0			138	255
14	0	0			138	255
15	0	0			153	255
16	0	0			153	138
17	0	0			153	138
18	0	0			123	165
19	0	0			247	137
20	0	0			367	137
21	0	0			367	247
22	0	0			138	255
23	0	0			138	255
24	0	0			153	255
25	0	0			153	138
26	0	0			153	138
27	0	0			174	214
28	0	0			224	108
29	0	0			192	111
30	0	0			123	165
31	0	0			247	137
32	0	0			367	137
33	0	0			367	247
34	0	0			138	255
35	0	0			138	255
36	0	0			153	255
37	0	0			153	138
38	0	0			153	138
39	0	0			123	165
40	0	0			247	137
41	0	0			367	137
42	0	0			367	247
43	0	0			168	98
44	0	0			168	98
45	0	0			192	111
46	0	0			179	259
47	0	0			259	333
48	0	0			193	192
49	0	0			147	141
50	0	0			218	103
51	0	0			360	151
52	0	0			193	192
53	0	0			111	153
54	0	0			218	103
55	0	0			360	151
56	0	0			147	141
57	0	0			218	103
58	0	0			360	151
59	0	0			193	192
60	0	0			147	141
61	0	0			111	153
62	0	0			193	192
63	0	0			147	141
64	0	0			372	372
65	0	0			218	103
66	0	0			360	151
67	0	0			84	102
68	0	0			148	226
69	0	0			165	238
70	0	0			231	174
71	0	0			141	312
72	0	0			138	297
73	0	0			1374	252
74	0	0			99	126
75	0	0			99	102
76	0	0			102	126
77	0	0			102	129
78	0	0			170	186
79	0	0			206	217
80	0	0			230	203
81	0	0			403	121
82	0	0			182	177
83	0	0			284	177
84	0	0			172	246
85	0	0			172	153
86	0	0			232	211
87	0	0			232	170
88	0	0			190	183
89	0	0			166	291
90	0	0			160	108
91	0	0			126	179
92	0	0			218	103
93	0	0			360	151
94	0	0			173	173
95	0	0			372	372
96	12	3			210	165
97	0	0			123	165
98	0	0			106	170
99	0	0			420	238
100	62	295			138	297
101	18	34			170	186
102	0	0			193	192
103	0	0			192	111
104	2	7			164	172
105	0	0			231	231
106	0	0			194	457
107	0	46			115	205
108	1	0			111	105
109	0	0			217	183
110	0	0			193	114
111	0	5			213	123
112	0	3			184	222
113	37	31			206	217
114	108	0			175	121
115	76	23			175	117
116	76	1			175	121
117	1	23			121	117
118	81	1			1266	192
119	79	137			226	252
120	2	0			93	90
121	15	11			210	231
122	12	16			144	111
123	0	0			93	93
124	0	0			206	126
125	0	1			206	235
126	0	1			126	235
127	326	20			153	210
128	0	0			175	160
129	21	49			123	140
130	15	13			211	172
131	0	0			420	238
132	55	35			252	146
133	0	122			188	185
134	37	205			262	738
135	52	96			163	207
136	0	14			136	168
137	0	0			182	221
138	2	5			167	212
139	21	48			142	227
140	104	5			2424	234
141	2	2			167	195
142	13	0			215	169
143	68	5			175	147
144	14	1			115	118
145	48	12			154	146
146	67	0			223	434
147	48	0			223	113
148	67	0			223	113
149	22	2			282	254
150	518	719			219	268
151	5	60			146	229
152	44	81			146	153
153	1	0			153	119
154	1	80			153	130
155	53	0			153	119
156	0	80			119	130
157	0	218			154	255
158	146	114			255	130
159	10	80			121	204
160	6	81			121	204
161	24	81			175	204
162	26	81			180	204
163	24	6			175	121
164	26	6			180	121
165	5	16			147	144
166	0	0			175	215
167	0	0			185	133
168	3	0			129	148
169	38	73			148	194
170	0	2			1030	221
171	1	2			197	221
172	59	20			254	254
173	0	0			141	175
174	7	7			219	184
175	1229	157			243	132
176	29	67			191	294
177	64	55			179	156
178	8	10			300	144
179	42	138			117	243
180	148	62			585	456
181	148	70			585	318
182	1	0			222	207
183	1	0			645	198
184	1	0			123	182
185	14	55			193	225
186	56	117			255	318
187	1	126			155	164
188	14	59			232	266
189	3	0			357	155
190	193	164			148	230
191	46	185			218	204
192	27	42			184	151
193	0	21			151	192
194	80	229			148	123
195	13	122			131	206
196	2	0			141	139
197	0	0			163	118
198	450	17			161	222
199	450	31			161	278
200	0	0			183	168
201	0	0			150	222
202	1	0			319	319
203	12	0			192	122
204	3	4			193	193
205	13	0			106	226
206	3	14			106	216
207	0	0			97	97
208	0	0			111	153
209	0	0			218	103
210	0	0			360	151
211	4	5			247	177
212	0	0			249	373
213	0	0			136	229
214	0	0			147	229
215	20	30			133	243
216	155	117			207	143
217	99	130			210	230
218	219	58			210	175
219	123	197			171	210
220	63	121			119	136
221	39	8			451	197
222	890	1484			205	165
223	1471	2134			220	205
224	0	0			148	198
225	270	339			163	162
226	1001	1618			438	354
227	643	77			161	161
228	1360	11			156	141
229	0	0			268	366
230	0	0			314	366
231	4	0			204	120
232	6	3			240	240
233	41	33			164	136
234	43	0			213	120
235	242	2055			197	159
236	1020	9825			159	129
237	282	4609			159	129
238	325	5708			237	112
239	7283	5708			150	112
240	0	3			200	195
241	0	3			200	250
242	1	2			124	121
243	2	1			153	157
244	990	1066			192	207
245	677	796			168	117
246	0	80			122	119
247	31	48			185	255
248	97	549			151	260
249	39	96			237	269
250	169	184			202	195
251	0	0			171	118
252	15	0			328	174
253	35	4			85	85
254	1	1			173	206
255	0	0			143	143
256	0	0			103	143
257	1	7			183	273
258	4	4			299	249
259	34	989			163	393
260	0	0			172	172
261	56	63			200	155
262	71	0			138	193
263	140	228			243	285
264	833	10			192	265
265	3	9			164	202
266	7	21			137	236
267	2	15			230	202
268	0	0			157	265
269	1	0			269	265
270	1	0			269	157
271	11	14			162	230
272	14	4			206	187
273	11	4			202	187
274	5	0			133	102
275	203	204			311	299
276	203	235			311	302
277	0	0			248	173
278	92	140			238	242
279	360	479			238	276
280	80	238			192	306
281	0	0			163	132
282	25	54			158	158
283	75	130			144	243
284	0	0			166	291
285	0	0			190	183
286	0	0			232	170
287	0	0			232	211
288	115	38			397	200
289	3	0			202	226
290	0	0			166	226
291	0	0			125	143
292	3	0			202	204
293	0	1			223	202
294	0	3			166	202
295	0	3			207	202
296	1	4			373	300
297	0	0			167	136
298	0	1			116	199
299	0	0			123	232
300	0	0			204	213
301	30	50			199	141
302	43	3			153	270
303	1	0			194	190
304	2	0			216	190
305	4	0			241	190
306	0	0			199	190
307	2	0			241	211
308	2	1			216	194
309	4	1			241	194
310	0	1			199	194
311	4	2			241	216
312	0	2			199	216
313	0	4			199	241
314	0	2			199	241
315	23	34			145	172
316	17	27			185	159
317	0	1			150	174
318	0	0			158	189
319	0	0			202	121
320	39	161			117	205
321	21	32			160	108
322	11	45			108	180
323	35	81			122	165
324	21	88			117	149
325	0	6			131	125
326	134	1			185	173
327	81	1			160	173
328	12	7			174	165
329	7	21			149	180
330	8	4			148	154
331	0	0			174	214
332	987	676			214	179
333	8	50			168	144
334	3	5			165	155
335	1568	1038			241	172
336	5	6			168	193
337	119	36			184	179
338	29	55			138	158
339	2	0			120	120
340	2	3			133	150
341	7	0			183	114
342	65	64			224	165
343	86	10			268	138
344	86	9			268	134
345	8	3			127	126
346	10	8			184	252
347	29	917			649	649
348	25	74			129	204
349	2	1			268	123
350	2	5			150	215
351	0	1			201	170
352	1	1			129	153
353	144	85			188	144
354	60	198			137	212
355	76	129			143	166
356	27	51			195	196
357	47	49			204	196
358	179	398			156	230
359	0	132			100	100
360	32	128			119	180
361	47	0			127	119
362	7	0			230	95
363	0	0			174	96
364	57	145			124	225
365	0	0			135	177
366	3	7			167	155
367	0	0			198	187
368	0	0			166	295
369	48	9			334	260
370	26	49			155	224
371	24	15			224	187
372	0	0			176	142
373	8	0			250	176
374	4	0			199	138
375	4	1			199	147
376	0	1			138	147
377	24	85			123	227
378	0	0			167	167
379	40	28			243	177
380	19	28			219	177
381	21	15			250	229
382	5	127			195	291
383	5	159			195	280
384	42	71			151	196
385	52	30			165	167
386	8	309			117	271
387	321	401			171	171
388	0	0			450	651
389	49	1			176	133
390	0	0			108	135
391	13	66			172	209
392	3	3			337	200
393	3	3			337	196
394	104	135			302	148
395	3	2			202	159
396	12	24			171	198
397	58	1			140	178
398	188	261			114	246
399	199	108			135	102
400	98	73			181	181
401	16	8			189	249
402	7	1			179	249
403	8	1			182	249
404	16	11			189	189
405	7	4			179	189
406	8	4			182	189
407	6	4			284	192
408	0	0			430	150
409	2	2			163	366
410	1	0			197	104
411	9	2			182	151
412	0	7			197	273
413	83	81			188	148
414	35	24			211	157
415	73	50			198	191
416	8	66			95	156
417	2	1			177	177
418	11	23			220	221
419	11	23			201	221
420	0	3			84	84
421	46	35			211	168
422	0	1			328	200
423	260	246			231	220
424	102	771			102	201
425	12	24			128	243
426	11	12			187	128
427	70	107			200	199
428	100	146			234	171
429	9	107			156	135
430	16	28			150	129
431	1	28			147	147
432	6	18			214	278
433	5	18			212	278
434	5	6			212	214
435	4	0			286	133
436	231	209			160	180
437	8	5			244	174
438	274	412			189	228
439	77	94			319	308
440	37	25			284	146
441	297	6			215	159
442	3	0			226	197
443	29	3			197	167
444	20	21			197	207
445	5	120			166	166
446	24	3			168	168
447	843	3			363	168
448	843	24			363	168
449	1424	27			127	229
450	48	8			207	161
451	70	9			197	200
452	158	224			147	155
453	2	225			147	155
454	203	225			172	155
455	203	2			172	147
456	203	160			172	147
457	103	233			154	172
458	1	3			260	258
459	3	0			207	161
460	6	43			162	255
461	1621	39			147	245
462	13	0			321	84
463	21	0			516	84
464	4	18			205	462
465	8	18			173	340
466	0	2			191	195
467	1	38			146	440
468	0	1			145	220
469	0	1			145	671
470	6	65			200	227
471	26	38			160	218
472	9	28			160	255
473	117	116			205	172
474	89	98			143	143
475	1092	998			154	147
476	1	0			185	189
477	15	18			138	253
478	105	106			135	143
479	0	0			179	119
480	0	0			79	82
481	15	7			214	214
482	20	42			220	368
483	17	2			704	197
484	0	2			253	197
485	1	82			108	144
486	1	18			108	102
487	0	0			78	255
488	39	531			186	205
489	39	334			186	233
490	1	13			111	161
491	11	5			162	198
492	85	28			926	263
493	41	54			154	213
494	7	0			113	137
495	597	575			225	195
496	44	112			191	205
497	91	402			118	238
498	372	324			238	153
499	312	571			250	239
500	257	1804			153	510
501	1054	479			267	150
502	0	0			216	192
503	0	1			158	125
504	158	546			148	259
505	0	1			249	246
506	0	0			246	81
507	3	0			138	236
508	0	0			159	168
509	0	0			159	162
510	0	0			168	162
511	0	0			192	196
512	0	0			354	354
513	66	64			214	205
514	16	23			198	203
515	585	678			201	201
516	810	678			151	151
517	25	0			149	137
518	74	81			161	164
519	0	0			98	98
520	0	0			81	81
521	10	3			128	132
522	0	0			168	105
523	0	0			117	105
524	0	41			196	193
525	0	0			171	171
526	29	43			120	132
527	8	1			198	292
528	4	0			163	215
529	47	70			147	144
530	17	15			147	261
531	43	66			133	147
532	87	113			147	207
533	344	616			178	205
534	0	4			236	197
535	27	77			114	149
536	0	0			147	141
537	2	0			207	161
538	0	2			157	146
539	4	0			84	84
540	22	25			190	251
541	40	209			204	750
542	7	0			196	151
543	20	0			692	190
544	12	0			196	163
545	36	19			144	108
546	63	74			178	159
547	1	2			225	141
548	0	0			260	455
549	71	59			192	130
550	72	102			192	185
551	72	147			192	243
552	10	6			240	181
553	10	6			240	115
554	17	18			237	140
555	33	18			204	140
556	5	2			176	198
557	52	113			192	267
558	1	0			171	231
559	5	1			126	270
560	0	0			221	170
561	24	17			208	120
562	0	1			153	135
563	0	0			96	96
564	41	23			190	116
565	153	37			231	150
566	154	18			231	150
567	0	0			160	173
568	0	2			129	137
569	3	3			219	204
570	205	0			100	100
571	33	20			279	234
572	0	0			318	421
573	0	0			318	318
574	30	8			222	114
575	61	117			156	201
576	0	0			172	125
577	0	0			193	192
578	25	16			180	147
579	0	5			200	142
580	3	1			142	194
581	1	0			142	111
582	0	1			182	179
583	21	90			137	287
584	7	8			133	168
585	18	0			168	114
586	4	1			252	180
587	21	23			230	203
588	0	0			168	246
589	0	4			174	200
590	6	4			226	148
591	153	110			363	234
592	0	0			165	153
593	3	13			103	183
594	82	93			348	300
595	38	76			223	348
596	5	0			186	216
597	10	4			222	213
598	0	11			76	211
599	0	1			138	195
600	29	20			173	156
601	2	1			186	194
602	19	59			143	250
603	50	174			99	199
604	178	38			189	99
605	6	1			324	297
606	53	2288			243	352
607	12	0			163	138
608	83	0			243	138
609	83	12			243	163
610	0	0			110	127
611	0	0			126	180
612	77	45			245	162
613	1	1			125	195
614	0	0			530	142
615	5	8			251	242
616	9	3			245	189
617	9	14			196	300
618	0	0			143	284
619	0	0			141	255
620	0	0			123	99
621	0	22			211	214
622	0	0			198	131
623	0	0			193	192
624	8	19			155	179
625	5	213			191	732
626	29	28			166	178
627	48	70			166	178
628	183	454			224	304
629	50	53			126	170
630	14	52			203	506
631	39	38			210	234
632	39	42			225	210
633	9	10			182	148
634	0	0			594	412
635	2	14			290	256
636	2	13			290	255
637	303	3			193	149
638	100	89			211	166
639	0	1			120	208
640	2	0			147	354
641	0	1			168	202
642	0	0			135	237
643	0	1			211	151
644	0	0			169	126
645	0	27			121	144
646	65	59			227	189
647	134	73			243	110
648	88	1			154	131
649	90	23			154	131
650	3	28			92	183
651	1	14			141	136
652	35	14			360	136
653	55	74			262	317
654	1295	4			227	215
655	392	76			960	177
656	5302	16145			222	261
657	47	21			176	192
658	47	37			176	138
659	88	66			228	138
660	5	3			114	170
661	76	75			257	221
662	7	108			213	234
663	3	70			151	146
664	61	1			255	168
665	49	1			291	168
666	0	14			143	185
667	7	48			269	142
668	28	39			225	324
669	20	39			180	324
670	20	32			180	324
671	0	0			81	81
672	157	111			177	146
673	23	15			195	179
674	12	1			178	183
675	2	1			197	183
676	2	12			197	178
677	1	0			233	102
678	0	0			111	114
679	0	0			134	118
680	6	208			270	314
681	0	0			197	159
682	2	0			316	197
683	2	2			239	316
684	2	0			87	84
685	0	0			255	147
686	0	0			255	150
687	0	0			183	150
688	10	35			173	193
689	0	0			142	106
690	52	132			141	178
691	55	0			83	83
692	0	0			200	196
693	0	0			84	84
694	39	69			243	252
695	44	0			92	92
696	0	0			99	99
697	0	0			208	211
698	0	0			206	144
699	0	0			206	167
700	0	0			144	167
701	46	67			214	286
702	2	6			262	299
703	2	0			262	133
704	2	0			262	236
705	6	0			299	236
706	0	0			133	236
707	7	0			278	195
708	6	0			274	191
709	66	138			132	216
710	237	50			216	219
711	4	0			178	109
712	0	0			186	358
713	0	0			186	186
714	18	16			274	197
715	431	4			185	197
716	231	161			183	141
717	1	9			158	238
718	208	194			227	198
719	48	19			125	136
720	153	4			286	128
721	40	25			207	195
722	92	4			185	249
723	244	68			147	185
724	0	4			279	132
725	0	4			173	132
726	0	0			173	279
727	6	41			112	225
728	1208	23			178	173
729	1211	1			107	113
730	13	14			198	279
731	2	7			207	290
732	1	0			255	206
733	45	39			191	158
734	45	29			191	124
735	50	126			191	177
736	8	169			158	262
737	8	28			158	110
738	0	0			138	149
739	132	0			185	150
740	94	0			214	150
741	3991	4799			171	259
742	71	114			173	194
743	1	1			183	159
744	0	0			217	230
745	26	19			174	120
746	11	0			204	114
747	18	33			252	243
748	0	0			114	200
749	19	14			122	147
750	24	52			162	238
751	25	24			153	108
752	26	22			216	143
753	242	302			174	173
754	10	16			160	239
755	0	0			97	99
756	2	2			171	158
757	0	0			120	120
758	0	0			135	195
759	0	1			192	174
760	0	0			164	279
761	25	2			160	108
762	72	312			113	254
763	0	0			87	87
764	2	3			102	229
765	1	1			102	156
766	99	80			245	185
767	183	39			182	252
768	183	26			182	163
769	116	262			136	171
770	0	0			297	195
771	38	84			124	153
772	3	1			99	100
773	1	0			231	150
774	355	114			177	209
775	0	0			153	169
776	1	0			250	169
777	37	144			114	195
778	44	44			387	366
779	59	19			366	207
780	22	50			187	134
781	0	0			90	90
782	3	5			90	78
783	0	0			117	78
784	25	31			211	163
785	0	400			113	142
786	106	400			142	142
787	106	0			142	113
788	282	482			171	251
789	0	0			167	167
790	0	0			192	381
791	4	7			148	198
792	1	7			223	198
793	4	3			148	198
794	26	54			201	270
795	752	506			216	155
796	5	4			109	141
797	1	114			147	247
798	10	114			206	247
799	0	0			175	121
800	13	0			136	128
801	1	16			170	244
802	5	10			157	138
803	8	1			219	198
804	106	70			282	168
805	2	1			234	195
806	2	3			209	174
807	2	4			209	174
808	2	3			273	174
809	2	4			273	174
810	0	1			87	90
811	10	5			128	199
812	2117	12315			103	263
813	6306	12315			170	263
814	27	7			293	169
815	25	107			113	164
816	10	3			200	133
817	69	109			164	245
818	0	2			213	225
819	0	2			190	190
820	5	0			192	105
821	0	18			87	87
822	5	5			399	224
823	5	0			245	205
824	5	0			245	314
825	0	0			205	314
826	196	86			236	215
827	0	0			154	124
828	0	0			178	106
829	0	0			184	282
830	0	0			332	306
831	2	154			102	120
832	22	38			132	155
833	4	9			189	216
834	0	0			162	152
835	4	1			207	300
836	0	0			200	300
837	7	5			141	149
838	7	8			141	152
839	10	5			173	262
840	2	0			245	231
841	4	66			114	102
842	24	66			126	102
843	94	30			160	102
844	19	24			160	102
845	235	24			244	102
846	235	19			244	160
847	234	61			244	160
848	134	229			266	152
849	223	42			219	203
850	3	0			180	167
851	3	0			180	131
852	0	0			167	131
853	0	42			98	239
854	3	6			217	252
855	55	1			164	235
856	25	18			198	165
857	0	92			188	171
858	5	0			117	161
859	1	70			165	189
860	0	0			162	207
861	0	0			199	168
862	17	3			198	180
863	22	23			222	228
864	0	0			127	129
865	0	0			216	269
866	4	7			194	223
867	1	0			474	474
868	0	0			474	474
869	7	31			141	239
870	0	0			110	198
871	0	0			110	229
872	0	0			215	146
873	221	306			177	216
874	3	113			124	128
875	84	0			242	184
876	101	71			234	242
877	374	3			149	125
878	0	34			151	136
879	17	38			195	251
880	0	0			98	95
881	2	23			130	201
882	5	4			233	179
883	1	41			106	155
884	0	189			79	247
885	3	24			98	176
886	26	25			185	254
887	57	8			250	203
888	43	169			250	328
889	8	4			258	160
890	1	4			132	132
891	0	0			93	93
892	0	0			96	90
893	0	1			96	90
894	1	0			87	99
895	0	0			116	116
896	0	0			345	360
897	21	48			146	164
898	48	64			166	163
899	77	0			98	101
900	186	186			168	177
901	1838	982			267	150
902	642	963			193	249
903	111	48			301	162
904	397	313			274	209
905	21	569			283	274
906	20	36			180	222
907	1	14			173	173
908	0	4			282	211
909	20	13			204	204
910	3	6			138	179
911	54	57			266	278
912	56	5			223	220
913	3359	3782			351	345
914	592	744			261	315
915	0	32			167	235
916	2	0			250	220
917	706	680			205	192
918	8	105			136	193
919	0	0			181	171
920	0	0			181	136
921	0	0			171	136
922	5	12			146	183
923	1	94			134	222
924	8	269			158	473
925	138	149			273	262
926	137	52			273	146
927	24	123			171	188
928	9	107			207	122
929	6	5			360	135
930	12	5			849	135
931	0	4			141	177
932	21	2			159	141
933	17	2			159	141
934	2	0			138	204
935	42	0			87	87
936	2	0			165	155
937	36	6			220	220
938	1	0			140	95
939	14	29			164	202
940	12	1			443	98
941	14	10			443	279
942	0	1			146	135
943	2	3			249	162
944	10	82			130	270
945	10	19			130	121
946	68	57			270	179
947	9	19			204	264
948	28	93			107	134
949	61	41			268	204
950	0	183			173	236
951	0	0			81	81
952	16	7			225	243
953	72	90			232	240
954	0	0			281	172
955	0	0			281	187
956	0	0			281	237
957	0	0			213	281
958	0	0			84	84
959	0	24			123	219
960	18	0			203	162
961	1	0			173	172
962	0	0			205	131
963	9	10			143	119
964	17	10			212	119
965	1	0			220	190
966	0	0			138	169
967	33	15			169	137
968	0	0			211	163
969	76	99			141	143
970	0	0			251	190
971	0	0			254	174
972	0	1			204	156
973	54	88			137	194
974	291	54			329	138
975	2	54			107	138
976	1	0			194	162
977	0	0			174	279
978	0	0			174	127
979	0	0			279	127
980	0	0			96	90
981	0	5			157	210
982	0	5			157	210
983	0	0			254	157
984	0	3			254	157
985	3	5			194	157
986	3	0			194	254
987	8	0			209	95
988	8	1			209	137
989	0	1			95	137
990	0	2			147	141
991	1	2			152	141
992	1	0			152	147
993	0	0			108	245
994	2	6			148	167
995	0	1			188	244
996	0	5			188	319
997	0	1			188	244
998	0	1			162	244
999	0	5			162	319
1000	2	17			174	147
1001	0	0			81	81
1002	0	1			172	172
1003	2	95			81	144
1004	0	95			81	144
1005	0	2			81	81
1006	0	5			177	180
1007	0	0			241	183
1008	145	3			150	135
1009	0	0			175	154
1010	55	178			127	209
1011	2	0			148	172
1012	0	0			166	137
1013	0	1			153	343
1014	0	1			132	176
1015	10	30			148	165
1016	10	19			148	161
1017	22	4			138	97
1018	163	53			234	139
1019	163	5			234	121
1020	0	0			195	161
1021	0	0			161	211
1022	134	50			138	99
1023	90	112			249	221
1024	54	137			183	216
1025	0	1			218	177
1026	27	0			262	213
1027	0	0			351	348
1028	0	0			211	172
1029	63	63			190	174
1030	10	154			174	270
1031	15	10			364	153
1032	2	3			177	771
1033	0	3			173	199
1034	214	147			167	131
1035	3	0			160	206
1036	0	0			197	197
1037	107	18			249	162
1038	111	18			252	162
1039	21	0			90	93
1040	13	0			147	202
1041	50	74			181	226
1042	0	0			218	103
1043	0	0			360	151
1044	0	0			120	160
1045	0	0			168	160
1046	0	0			168	120
1047	0	0			160	120
1048	0	0			202	189
1049	0	143			165	1290
1050	6	0			111	114
1051	33	94			245	264
1052	88	998			311	147
1053	1092	9			154	167
1054	0	5			292	215
1055	0	5			159	215
1056	7	0			163	220
1057	0	12			121	135
1058	0	47			119	112
1059	78	73			154	125
1060	0	66			102	263
1061	0	0			90	87
1062	13	10			372	372
1063	10	0			96	96
1064	0	0			280	196
1065	127	84			357	276
1066	4	11			114	144
1067	0	0			147	141
1068	29	48			230	214
1069	1078	34			151	151
1070	0	2			214	169
1071	23	6			438	208
1072	26	113			136	245
1073	3	6			126	123
1074	3	8			126	186
1075	0	0			129	135
1076	0	4			111	135
1077	0	0			111	262
1078	0	0			129	231
1079	11	49			199	213
1080	21	19			193	199
1081	0	0			110	93
1082	0	0			267	270
1083	0	0			270	190
1084	0	0			270	187
1085	0	0			211	182
1086	0	5			296	173
1087	0	5			183	173
1088	32	19			251	190
1089	0	5			205	114
1090	24	8			206	126
1091	1	2			132	226
1092	0	0			201	184
1093	109	220			184	253
1094	80	202			172	246
1095	146	0			172	153
1096	0	101			248	308
1097	93	0			241	169
1098	83	70			168	206
1099	10	72			286	135
1100	0	0			140	234
1101	3	4			142	161
1102	1	0			90	105
1103	41	49			160	176
1104	102	19			269	269
1105	0	0			256	242
1106	1	5			151	136
1107	6	31			120	140
1108	25	34			197	181
1109	3	24			158	158
1110	4	53			158	158
1111	3	5			158	268
1112	0	5			153	268
1113	1	5			258	268
1114	0	5			181	268
1115	0	3			153	158
1116	1	3			258	158
1117	0	3			181	158
1118	1	0			258	153
1119	0	0			181	153
1120	0	12			121	162
1121	1	0			121	133
1122	0	0			177	133
1123	0	1			177	121
1124	7	1			141	163
1125	28	38			270	198
1126	24	44			270	249
1127	5	30			195	270
1128	0	0			217	208
1129	10	30			160	254
1130	0	0			153	298
1131	0	1			170	205
1132	3	10			205	193
1133	15	3			193	154
1134	0	24			102	177
1135	3	4			246	220
1136	26	30			149	159
1137	0	2			164	100
1138	254	190			226	185
1139	0	0			209	114
1140	55	70			219	302
1141	1	0			222	98
1142	47	74			144	231
1143	4	0			213	219
1144	0	3			159	342
1145	0	3			159	264
1146	0	0			186	196
1147	1	9			155	213
1148	110	214			126	139
1149	0	0			151	175
1150	0	0			84	96
1151	0	0			144	93
1152	2	1			102	117
1153	0	0			133	117
1154	0	0			168	109
1155	0	0			231	109
1156	6	0			708	168
1157	57	67			144	132
1158	1	2			135	168
1159	112	116			159	171
1160	32	18			265	192
1161	3	1			221	106
1162	4	9			124	222
1163	0	0			195	171
1164	0	0			176	171
1165	3	9			111	194
1166	62	75			239	326
1167	62	46			239	176
1168	75	46			326	176
1169	2	0			423	189
1170	0	0			123	192
1171	1271	896			433	259
1172	18	20			198	170
1173	81	63			246	210
1174	47	96			198	246
1175	0	0			176	130
1176	0	0			176	149
1177	48	234			197	427
1178	48	11			197	275
1179	48	11			197	121
1180	227	12			427	121
1181	234	11			427	275
1182	234	11			427	121
1183	243	11			427	121
1184	6	84			226	220
1185	0	0			353	330
1186	6	1			147	137
1187	0	0			114	170
1188	0	0			133	199
1189	25	0			198	87
1190	60	89			181	164
1191	16	5			674	262
1192	0	0			182	184
1193	1	5			184	215
1194	0	2			249	461
1195	0	2			249	461
1196	0	0			84	93
1197	0	81			173	3082
1198	0	0			110	223
1199	67	145			212	425
1200	1	6			225	193
1201	15	5			459	193
1202	1	0			137	173
1203	1	1			209	158
1204	65	4			163	158
1205	34	4			186	166
1206	17	2			202	156
1207	76	116			196	215
1208	1	0			153	163
1209	0	0			78	78
1210	0	0			154	207
1211	186	502			166	219
1212	53	73			179	215
1213	79	151			137	379
1214	82	63			187	139
1215	152	121			404	216
1216	10	121			139	216
1217	51	121			139	216
1218	63	0			238	192
1219	0	0			294	99
1220	0	5			155	81
1221	1	2			128	278
1222	92	64			271	217
1223	288	211			208	161
1224	327	176			222	194
1225	8	6			172	183
1226	2	7			153	180
1227	0	0			134	302
1228	0	4			114	180
1229	19	0			152	92
1230	16	33			201	173
1231	4	3			266	127
1232	0	0			185	156
1233	93	457			162	280
1234	15	567			226	280
1235	0	2			148	226
1236	130	44			209	138
1237	1	0			163	220
1238	1	0			198	159
1239	1	0			198	292
1240	0	0			166	291
1241	0	0			190	183
1242	0	0			232	170
1243	0	0			232	211
1244	0	0			218	103
1245	0	0			360	151
1246	1	4			173	224
1247	1	146			144	252
1248	2	0			210	133
1249	4	2			159	210
1250	0	0			166	287
1251	5	0			149	149
1252	8	17			186	245
1253	1	9			105	133
1254	99	21			188	123
1255	3	0			173	193
1256	3	0			197	193
1257	2	0			214	193
1258	2	3			214	173
1259	2	3			214	197
1260	0	0			121	147
1261	0	0			165	173
1262	12	5			195	140
1263	0	0			194	227
1264	119	157			198	252
1265	23	25			161	169
1266	37	39			174	170
1267	61	239			153	263
1268	0	0			144	131
1269	484	266			175	166
1270	1	0			126	179
1271	264	120			190	131
1272	86	263			120	226
1273	86	121			120	131
1274	53	11			153	153
1275	221	368			214	217
1276	17	10			243	182
1277	8	10			182	121
1278	43	54			153	175
1279	116	277			254	597
1280	26	277			196	597
1281	2	0			166	198
1282	759	20			151	151
1283	0	2			180	201
1284	3	0			99	99
1285	4	5			134	154
1286	7	5			160	154
1287	1	0			226	169
1288	18	57			129	237
1289	59	5			125	115
1290	12	6			160	138
1291	11	25			138	185
1292	68	237			180	330
1293	4	20			258	438
1294	4	25			258	438
1295	0	0			141	259
1296	0	0			152	130
1297	0	0			150	130
1298	0	0			152	156
1299	0	0			150	156
1300	0	0			150	152
1301	0	0			150	152
1302	0	0			186	136
1303	3	0			138	167
1304	1	1			174	206
1305	67	73			141	143
1306	56	87			143	146
1307	78	63			146	133
1308	55	240			239	284
1309	69	240			236	284
1310	130	168			170	182
1311	84	144			156	199
1312	4	45			146	183
1313	0	0			134	581
1314	36	30			231	239
1315	0	0			96	96
1316	218	49			273	159
1317	118	103			159	186
1318	43	57			247	334
1319	0	0			147	141
1320	71	238			173	164
1321	69	120			187	140
1322	0	0			123	284
1323	0	0			123	273
1324	0	0			123	78
1325	0	0			284	78
1326	0	0			273	78
1327	162	22			167	157
1328	167	0			79	79
1329	46	86			304	291
1330	0	0			179	169
1331	2	0			243	252
1332	2	0			309	205
1333	6	0			275	205
1334	41	20			256	211
1335	162	16			113	136
1336	0	0			194	457
1337	0	0			115	205
1338	0	0			139	128
1339	0	0			108	123
1340	74	62			222	188
1341	4	3			140	185
1342	72	0			128	79
1343	0	4			164	184
1344	0	10			164	216
1345	4	10			184	216
1346	76	158			242	144
1347	123	0			178	76
1348	2	16			238	136
1349	13	0			173	270
1350	15	11			185	173
1351	0	0			201	219
1352	0	19			191	131
1353	0	19			173	131
1354	0	1			170	212
1355	0	0			456	122
1356	100	56			240	231
1357	30	19			129	124
1358	0	0			195	153
1359	151	229			114	132
1360	0	12			223	122
1361	0	0			215	267
1362	0	0			196	267
1363	73	313			227	603
1364	0	0			81	81
1365	20	118			130	288
1366	0	9			96	96
1367	0	14			96	93
1368	80	346			118	174
1369	93	69			133	155
1370	39	95			129	210
1371	0	0			395	168
1372	0	0			154	395
1373	2	2			142	150
1374	0	3			114	145
1375	0	4			166	193
1376	0	1			166	188
1377	0	2			166	212
1378	0	2			166	145
1379	4	1			193	188
1380	4	2			193	212
1381	4	2			193	145
1382	1	2			188	145
1383	2	2			212	145
1384	0	0			123	192
1385	297	313			247	233
1386	0	0			151	108
1387	1	0			126	99
1388	9	21			210	235
1389	2	10			159	177
1390	0	10			156	177
1391	0	0			209	155
1392	0	0			245	155
1393	0	0			96	90
1394	5	15			265	222
1395	10	19			172	247
1396	218	0			210	172
1397	129	150			269	230
1398	111	52			208	108
1399	29	0			1374	252
1400	53	45			243	201
1401	10	11			174	174
1402	15	27			223	345
1403	0	5			214	269
1404	0	3			144	162
1405	0	0			322	199
1406	274	19			248	306
1407	71	64			173	173
1408	0	0			87	87
1409	0	0			165	147
1410	0	0			159	147
1411	0	45			79	260
1412	22	33			278	234
1413	8	33			188	234
1414	0	0			139	194
1415	101	136			195	183
1416	0	164			84	309
1417	0	0			165	337
1418	17	31			123	165
1419	7	1			172	191
1420	23	28			165	135
1421	212	121			186	136
1422	0	17			98	98
1423	88	136			191	267
1424	78	121			216	210
1425	2	0			140	125
1426	0	0			438	107
1427	0	6			150	187
1428	8	28			106	202
1429	75	303			138	230
1430	8	1			180	90
1431	33	43			339	351
1432	1	3			111	169
1433	0	0			194	237
1434	14	92			207	161
1435	0	32			120	171
1436	0	0			153	153
1437	24	18			191	140
1438	2	312			132	290
1439	0	0			152	194
1440	0	0			105	194
1441	0	0			105	152
1442	0	1			354	354
1443	405	332			239	213
1444	87	153			152	177
1445	85	287			126	245
1446	264	141			245	175
1447	0	143			82	163
1448	0	2			210	231
1449	14	1			309	240
1450	580	439			1063	165
1451	5	0			198	292
1452	5	0			198	159
1453	22	0			163	220
1454	69	4782			200	183
1455	2154	4782			111	183
1456	15	25			110	125
1457	77	25			158	125
1458	11	1			147	209
1459	45	50			152	202
1460	50	34			169	126
1461	1	65			147	147
1462	0	0			208	237
1463	18	30			131	180
1464	0	0			241	214
1465	0	1			193	215
1466	0	0			193	295
1467	1	0			215	295
1468	1	92			215	226
1469	1	67			215	364
1470	0	0			106	106
1471	0	0			100	100
1472	301	0			177	174
1473	593	0			156	174
1474	3	0			219	157
1475	438	739			214	240
1476	220	204			269	237
1477	410	1			267	175
1478	9	68			232	156
1479	9	108			232	191
1480	9	78			232	236
1481	0	0			159	239
1482	0	0			159	305
1483	0	0			131	159
1484	175	200			172	172
1485	32	61			156	213
1486	68	9			163	182
1487	72	0			84	87
1488	2037	210			163	119
1489	957	7			132	428
1490	1	0			138	115
1491	0	42			230	193
1492	51	15			305	159
1493	0	0			258	240
1494	0	0			361	108
1495	6	9			124	192
1496	0	3			164	229
1497	8	0			215	164
1498	16	0			141	192
1499	6	0			247	137
1500	3	0			367	137
1501	3	6			367	247
1502	62	65			258	233
1503	0	0			123	192
1504	0	58			118	187
1505	129	64			197	135
1506	10	37			187	287
1507	0	0			93	126
1508	1	99			168	168
1509	0	0			193	251
1510	0	0			167	193
1511	2	7			218	292
1512	51	36			247	179
1513	72	1			183	129
1514	1	0			165	205
1515	24	2			490	143
1516	0	0			168	98
1517	0	0			168	98
1518	172	142			287	231
1519	11	0			219	128
1520	0	10			293	359
1521	27	94			150	194
1522	96	60			200	139
1523	6	264			3036	5337
1524	496	274			266	156
1525	9	9			207	161
1526	0	1			164	145
1527	35	5			235	176
1528	58	101			228	237
1529	0	0			247	255
1530	0	7			129	114
1531	62	376			400	235
1532	21	111			135	193
1533	58	189			142	252
1534	0	0			144	197
1535	0	0			144	157
1536	2	9			159	243
1537	6	9			150	132
1538	388	149			207	200
1539	866	274			342	204
1540	0	0			142	217
1541	1	15			96	93
1542	0	0			168	98
1543	0	0			168	98
1544	48	0			120	247
1545	57	2534			200	197
1546	111	2534			304	197
1547	0	0			156	207
1548	10	7			222	208
1549	10	2			188	231
1550	20	4			205	157
1551	1	0			99	132
1552	16	127			150	234
1553	16	70			150	135
1554	127	70			234	135
1555	81	102			203	226
1556	0	18			149	364
1557	0	2			149	152
1558	24	116			220	758
1559	10	17			168	217
1560	17	24			159	200
1561	45	74			198	241
1562	44	48			173	165
1563	62	234			156	263
1564	2	158			153	294
1565	0	0			77	401
1566	11	20			146	146
1567	158	358			156	252
1568	17	26			167	207
1569	26	0			167	80
1570	30	14			230	142
1571	7	63			153	653
1572	92	0			187	135
1573	74	30			155	155
1574	66	35			144	144
1575	114	308			172	245
1576	0	0			111	153
1577	40	73			236	236
1578	22	39			180	270
1579	44	38			316	270
1580	0	31			325	180
1581	0	7			167	167
1582	0	0			235	79
1583	10	2			234	159
1584	0	8			125	168
1585	2	9			125	168
1586	0	9			127	168
1587	0	8			125	168
1588	1	7			131	125
1589	1	2			243	228
1590	29	16			161	195
1591	0	0			116	158
1592	1	0			180	180
1593	0	0			180	180
1594	2	13			217	250
1595	36	52			173	189
1596	0	10			153	225
1597	2	5			177	156
1598	0	0			175	205
1599	0	0			159	152
1600	224	134			156	141
1601	78	99			231	238
1602	0	0			127	195
1603	4	29			133	178
1604	1	0			104	155
1605	0	0			132	169
1606	97	1			207	192
1607	0	0			93	93
1608	0	2			93	228
1609	1	1			167	141
1610	11	35			167	220
1611	12	16			167	220
1612	12	40			167	149
1613	16	40			220	149
1614	17	113			166	166
1615	0	0			171	114
1616	0	0			174	114
1617	3	0			194	173
1618	3	0			194	197
1619	1	5			194	196
1620	1	8			194	303
1621	2	0			134	173
1622	2	0			134	197
1623	0	7			134	196
1624	0	0			173	197
1625	5	8			196	303
1626	0	0			195	174
1627	0	0			247	137
1628	0	0			367	137
1629	0	0			367	247
1630	3	38			154	189
1631	45	42			189	205
1632	37	147			205	219
1633	37	145			205	216
1634	0	1			171	228
1635	3	0			196	122
1636	1	61			161	248
1637	23	17			189	220
1638	21	10			114	153
1639	0	6			135	117
1640	0	6			108	117
1641	0	0			108	135
1642	0	0			108	135
1643	54	6			148	148
1644	4	14			142	163
1645	4	14			120	163
1646	8	8			161	142
1647	0	8			120	142
1648	0	5			117	161
1649	4	5			120	161
1650	0	5			117	161
1651	0	5			120	161
1652	2	38			179	259
1653	27	60			259	333
1654	0	0			162	153
1655	0	0			135	147
1656	205	359			175	262
1657	0	10			115	130
1658	0	20			115	130
1659	14	40			159	159
1660	0	0			237	237
1661	0	0			133	122
1662	0	4			133	250
1663	0	4			122	250
1664	40	16			198	201
1665	0	2			93	93
1666	13	18			121	156
1667	27	4			199	121
1668	0	20			123	243
1669	21	9			156	117
1670	0	1			121	190
1671	0	3			190	199
1672	0	0			121	190
1673	2	0			84	84
1674	0	0			156	84
1675	0	2			156	84
1676	47	3			228	171
1677	6	2			147	147
1678	126	112			159	133
1679	22	18			249	244
1680	0	0			150	164
1681	14	14			139	231
1682	33	26			172	175
1683	0	4			251	525
1684	32	60			129	199
1685	3	0			165	179
1686	9	93			195	420
1687	196	155			251	247
1688	0	1			151	172
1689	6	4			165	129
1690	155	82			224	167
1691	104	169			227	224
1692	1	2			109	204
1693	6	12			171	202
1694	4	19			196	392
1695	7	10			126	150
1696	1	10			105	150
1697	1	4			152	187
1698	1	0			152	267
1699	4	0			187	267
1700	3	13			123	167
1701	0	5			93	93
1702	2	6			158	228
1703	6	17			142	136
1704	3	24			144	253
1705	0	0			211	198
1706	1	0			115	118
1707	15	9			197	123
1708	18	16			207	213
1709	29	17			207	213
1710	9	3			160	166
1711	16	9			143	166
1712	0	0			190	169
1713	11	30			181	191
1714	3	0			99	126
1715	0	0			99	102
1716	0	0			102	126
1717	0	0			102	129
1718	31	8			204	102
1719	0	0			180	201
1720	0	0			168	98
1721	0	0			168	98
1722	4	1			139	171
1723	18	28			186	199
1724	1	2			198	247
1725	2	6			153	169
1726	0	5			157	156
1727	102	46			135	141
1728	5	13			261	261
1729	0	0			147	127
1730	54	20			175	109
1731	47	21			142	175
1732	1	0			102	99
1733	20	19			160	162
1734	1	184			97	200
1735	391	698			183	288
1736	340	247			186	193
1737	99	403			173	209
1738	0	0			93	90
1739	1	67			102	245
1740	1	47			102	197
1741	91	157			173	201
1742	113	158			162	201
1743	0	0			206	99
1744	0	7			148	78
1745	4	0			123	99
1746	20	8			209	142
1747	11	8			237	195
1748	171	26			235	96
1749	3	0			144	81
1750	0	0			120	150
1751	206	8			171	156
1752	26	36			101	171
1753	14	429			184	915
1754	1	0			108	96
1755	8	0			189	96
1756	8	1			189	108
1757	0	0			192	111
1758	0	53			158	182
1759	0	99			158	208
1760	24	80			167	175
1761	7	10			150	209
1762	0	1			162	168
1763	0	11			125	231
1764	11	14			172	236
1765	15	13			327	185
1766	0	0			338	200
1767	72	0			151	97
1768	1	0			210	156
1769	4	0			189	117
1770	116	82			193	156
1771	0	5			336	192
1772	0	5			192	192
1773	2	5			243	192
1774	2	0			243	192
1775	0	0			336	192
1776	0	2			336	243
1777	0	0			177	336
1778	12	0			215	212
1779	0	0			193	192
1780	10	60			111	170
1781	52	186			165	238
1782	0	0			198	207
1783	0	0			87	87
1784	7	0			197	157
1785	30	1			162	157
1786	27	73			162	208
1787	50	29			218	151
1788	114	0			173	179
1789	136	122			219	201
1790	7	15			198	229
1791	33	52			249	159
1792	71	170			259	212
1793	151	176			212	211
1794	176	73			211	133
1795	180	938			166	327
1796	111	2			120	162
1797	29	1			167	131
1798	51	30			183	147
1799	0	2			176	231
1800	0	0			232	292
1801	3	4			165	146
1802	0	4			164	146
1803	0	3			164	165
1804	391	130			263	191
1805	65	95			246	285
1806	0	3			233	265
1807	0	3			210	247
1808	1	0			268	223
1809	35	13			226	147
1810	1	25			192	281
1811	1	29			192	249
1812	1	23			192	215
1813	39	18			231	174
1814	0	0			234	213
1815	110	0			263	183
1816	4	169			168	180
1817	0	0			138	255
1818	0	0			138	255
1819	0	0			153	255
1820	0	0			153	138
1821	0	0			153	138
1822	11	7			291	170
1823	99	183			181	217
1824	0	4			139	164
1825	14	13			273	270
1826	1	2			182	300
1827	324	199			279	198
1828	164	128			198	152
1829	0	2			108	194
1830	0	0			144	147
1831	0	0			660	304
1832	362	108			193	177
1833	69	51			226	220
1834	57	48			179	151
1835	0	0			83	77
1836	3	0			176	133
1837	0	0			157	196
1838	0	0			164	87
1839	0	0			87	222
1840	0	2			190	190
1841	104	157			149	191
1842	5433	8870			198	262
1843	47	100			162	200
1844	12	21			161	236
1845	32	14			205	150
1846	20	2			212	114
1847	13	24			299	229
1848	0	4			118	169
1849	45	51			192	198
1850	0	0			262	183
1851	224	157			189	168
1852	10	25			167	197
1853	0	3			168	191
1854	0	5			168	291
1855	0	0			168	183
1856	36	34			184	153
1857	36	39			184	196
1858	2	0			159	141
1859	5	4			163	164
1860	0	0			123	165
1861	20	1			219	213
1862	0	0			167	167
1863	0	0			164	129
1864	0	0			169	170
1865	0	0			125	212
1866	5	84			293	231
1867	0	0			190	129
1868	133	74			243	243
1869	1	0			177	133
1870	6	75			184	149
1871	9	155			184	149
1872	0	0			129	156
1873	136	74			180	126
1874	30	102			126	158
1875	0	0			130	159
1876	0	0			93	159
1877	84	298			156	221
1878	134	96			237	156
1879	0	1			199	169
1880	2	1			193	169
1881	2	0			193	199
1882	20	18			148	153
1883	15	17			156	148
1884	14	16			153	126
1885	2	2			120	90
1886	2	1			120	90
1887	2	1			90	90
1888	23	15			239	144
1889	10	20			112	142
1890	258	138			301	225
1891	274	105			212	211
1892	69	18			217	102
1893	0	0			168	98
1894	0	0			168	98
1895	29	151			490	166
1896	0	151			109	166
1897	0	29			109	490
1898	19	161			170	329
1899	19	75			170	227
1900	14	24			216	207
1901	14	7			216	183
1902	1	0			135	149
1903	1	1			187	135
1904	52	0			108	111
1905	0	1			143	134
1906	79	87			193	155
1907	89	85			208	183
1908	10	13			172	140
1909	208	128			235	150
1910	84	245			194	235
1911	16	0			176	149
1912	16	72			176	280
1913	0	39			149	249
1914	38	41			159	159
1915	28	137			128	218
1916	111	64			218	163
1917	36	88			151	164
1918	0	0			223	168
1919	7	130			165	208
1920	7	130			193	208
1921	7	130			198	208
1922	0	0			1325	189
1923	0	0			234	169
1924	0	0			234	189
1925	0	0			169	189
1926	1	1			189	213
1927	2	0			213	186
1928	1	1			213	274
1929	0	0			187	186
1930	0	2			186	274
1931	192	439			149	220
1932	0	0			174	134
1933	2	4			147	175
1934	5	4			217	175
1935	5	2			217	147
1936	1	0			221	255
1937	0	1			190	192
1938	53	0			150	87
1939	8	0			87	87
1940	0	2			138	255
1941	0	2			138	255
1942	0	2			153	255
1943	0	0			153	138
1944	0	0			153	138
1945	97	131			198	177
1946	128	328			135	193
1947	183	327			165	193
1948	0	0			220	664
1949	5	41			221	235
1950	10	0			206	210
1951	7	0			221	210
1952	344	0			206	77
1953	0	0			248	248
1954	0	0			127	127
1955	0	5			248	248
1956	0	2			127	127
1957	0	2			127	127
1958	0	0			127	127
1959	8	113			167	221
1960	0	0			169	126
1961	52	123			167	183
1962	523	1003			233	283
1963	0	2			156	150
1964	6	19			147	260
1965	0	0			135	154
1966	32	11			440	210
1967	2	0			198	230
1968	16	31			116	200
1969	39	1			87	87
1970	39	4			87	193
1971	129	178			221	199
1972	0	0			218	103
1973	0	0			360	151
1974	3	17			112	184
1975	20	10			157	116
1976	34	10			181	116
1977	20	54			157	169
1978	34	54			181	169
1979	602	551			231	219
1980	0	5			102	99
1981	7	58			220	428
1982	2	0			191	214
1983	28	4			197	106
1984	8	4			129	141
1985	561	505			276	246
1986	2	0			230	204
1987	2	0			217	204
1988	0	0			200	175
1989	4	0			150	178
1990	0	0			136	167
1991	0	0			207	218
1992	0	5			193	192
1993	107	29			226	114
1994	0	195			111	121
1995	82	215			141	312
1996	0	0			166	224
1997	56	106			141	165
1998	0	0			99	99
1999	0	0			134	99
2000	1	0			152	134
2001	1	0			152	134
2002	0	0			167	167
2003	0	3			83	83
2004	0	0			83	110
2005	0	0			83	83
2006	0	0			110	83
2007	4	0			132	141
2008	0	16			99	99
2009	1	8			120	117
2010	5	1			162	153
2011	0	0			92	95
2012	98	1951			242	242
2013	12	43			259	583
2014	97	36			194	92
2015	69	36			245	92
2016	0	0			111	274
2017	38	0			158	108
2018	0	0			147	207
2019	0	0			129	163
2020	0	0			129	213
2021	0	0			129	173
2022	0	0			129	209
2023	0	0			129	178
2024	0	0			213	173
2025	0	0			213	209
2026	0	0			213	178
2027	0	0			153	215
2028	0	0			173	209
2029	0	0			173	178
2030	0	0			173	215
2031	0	0			209	178
2032	0	0			181	178
2033	0	0			178	123
2034	17	8			166	152
2035	0	0			278	473
2036	0	0			166	234
2037	19	81			166	138
2038	0	0			163	146
2039	0	126			232	166
2040	14	36			109	143
2041	50	70			186	194
2042	0	130			139	148
2043	0	0			154	144
2044	0	0			200	274
2045	63	46			191	147
2046	124	206			186	233
2047	95	66			190	153
2048	0	0			163	111
2049	0	0			169	203
2050	0	0			196	203
2051	16	0			176	120
2052	0	0			196	220
2053	0	0			177	117
2054	197	181			390	198
2055	0	531			129	639
2056	2	5			177	243
2057	0	0			150	109
2058	0	3			94	94
2059	80	126			204	165
2060	4	12			183	183
2061	3	12			183	183
2062	103	12			204	183
2063	103	3			204	183
2064	0	0			121	133
2065	22	8			145	164
2066	14	25			145	208
2067	0	0			126	193
2068	258	271			197	213
2069	248	248			213	163
2070	0	0			119	326
2071	0	0			202	99
2072	0	0			116	99
2073	0	0			116	202
2074	0	0			173	205
2075	0	0			210	173
2076	19	0			237	306
2077	3	0			227	217
2078	6	6			285	278
2079	28	5			173	152
2080	0	215			186	358
2081	0	99			186	186
2082	131	148			189	252
2083	14	104			258	258
2084	113	92			230	198
2085	2	7			165	149
2086	0	3			179	179
2087	1	0			135	135
2088	2	4			159	159
2089	0	3			159	108
2090	2	0			288	180
2091	52	86			229	177
2092	0	0			193	192
2093	14	0			264	111
2094	0	2			174	138
2095	0	3			174	297
2096	29	15			423	357
2097	12	37			180	168
2098	0	0			123	192
2099	0	0			143	137
2100	0	0			151	220
2101	1901	2530			201	240
2102	0	6			78	78
2103	0	0			93	93
2104	32	37			198	207
2105	7	21			195	195
2106	379	0			163	198
2107	0	0			90	78
2108	0	0			117	78
2109	0	17			168	177
2110	46	132			130	186
2111	41	103			198	456
2112	18	0			169	215
2113	58	90			145	231
2114	9	52			240	231
2115	49	122			213	286
2116	81	1			213	210
2117	33	24			210	210
2118	60	62			270	258
2119	43	50			210	270
2120	0	7			127	340
2121	2	0			172	163
2122	0	0			204	162
2123	9	7			179	225
2124	110	103			189	171
2125	184	120			234	183
2126	1	120			132	183
2127	45	112			202	366
2128	34	10			171	169
2129	20	10			186	186
2130	7	1			198	192
2131	18	4			272	137
2132	28	6			256	113
2133	32	6			225	113
2134	28	5			256	113
2135	7	0			321	167
2136	0	0			464	228
2137	0	0			182	163
2138	6	46			125	411
2139	2	15			182	311
2140	28	41			164	151
2141	1	6			155	170
2142	1	10			155	257
2143	0	5			157	203
2144	67	91			273	297
2145	46	83			261	273
2146	2	8			124	117
2147	0	0			161	161
2148	3	0			132	120
2149	4	1			141	138
2150	0	3			93	93
2151	1	6			90	228
2152	0	4			131	141
2153	0	0			179	96
2154	7	0			816	211
2155	7	44			337	536
2156	7	8			261	213
2157	0	0			160	245
2158	0	0			160	188
2159	0	0			175	208
2160	0	0			158	175
2161	0	28			81	170
2162	3	29			117	170
2163	15	54			147	249
2164	0	0			163	390
2165	4	23			194	397
2166	1	5			145	226
2167	0	3			130	178
2168	180	223			219	206
2169	0	0			138	120
2170	52	9			208	127
2171	3	6			119	125
2172	0	0			368	152
2173	0	0			81	81
2174	82	27			206	111
2175	0	0			172	172
2176	32	531			206	392
2177	4	4			264	264
2178	134	206			165	184
2179	1	0			173	192
2180	0	0			307	192
2181	26	19			315	115
2182	125	94			225	164
2183	0	0			145	160
2184	156	95			189	189
2185	20	2			160	144
2186	2	14			147	173
2187	0	1			123	173
2188	0	0			93	93
2189	0	0			187	137
2190	5	1			240	240
2191	0	0			251	135
2192	0	0			191	133
2193	0	0			133	332
2194	506	491			156	144
2195	215	247			232	204
2196	57	29			180	121
2197	7	1			126	126
2198	3	5			126	138
2199	1	41			149	173
2200	3	35			184	173
2201	17	56			138	188
2202	30	11			162	149
2203	38	40			201	224
2204	0	3			355	269
2205	40	87			165	156
2206	40	27			165	153
2207	37	13			156	117
2208	77	90			197	210
2209	121	135			146	149
2210	23	189			171	247
2211	0	1			161	161
2212	117	101			188	150
2213	112	213			150	222
2214	0	0			198	152
2215	7	76			142	159
2216	26	4			142	113
2217	75	195			171	327
2218	197	102			327	204
2219	17	29			162	196
2220	0	0			189	199
2221	20	17			156	177
2222	7	3			947	255
2223	253	18			257	158
2224	1	0			193	125
2225	80	82			267	221
2226	2	0			178	308
2227	99	0			325	308
2228	99	2			325	178
2229	52	112			152	152
2230	14	95			147	172
2231	0	0			168	98
2232	0	0			168	98
2233	6	0			224	157
2234	4	0			218	157
2235	0	1			190	160
2236	0	0			190	168
2237	1	0			160	168
2238	0	0			157	114
2239	12	51			171	197
2240	0	0			123	192
2241	155	125			185	163
2242	0	0			96	99
2243	1	0			248	171
2244	1	0			184	125
2245	48	58			200	188
2246	30	54			153	185
2247	41	39			188	153
2248	0	1			147	147
2249	0	1			147	147
2250	0	5			155	192
2251	59	61			277	271
2252	7	0			218	180
2253	6	0			173	180
2254	0	3			94	94
2255	0	0			87	87
2256	0	0			87	87
2257	0	0			87	87
2258	0	0			172	172
2259	9	26			182	312
2260	82	3			234	196
2261	33	511			138	729
2262	11	3			268	297
2263	7	3			199	297
2264	0	0			219	210
2265	0	0			141	243
2266	0	0			141	243
2267	26	43			186	182
2268	35	15			273	144
2269	196	24			263	236
2270	1	1			154	187
2271	1	22			154	146
2272	1	17			154	137
2273	1	22			187	146
2274	1	17			187	137
2275	17	17			165	147
2276	107	51			136	98
2277	0	0			123	192
2278	13	9			138	168
2279	3340	1304			282	150
2280	31	54			174	214
2281	0	24			218	306
2282	0	2			218	226
2283	24	2			306	226
2284	89	78			226	199
2285	291	7			145	147
2286	75	286			150	147
2287	75	144			150	289
2288	2	416			146	147
2289	0	0			194	181
2290	48	6			207	161
2291	3	0			173	247
2292	4	0			186	247
2293	1	0			166	247
2294	34	74			159	221
2295	35	32			177	173
2296	31	580			129	292
2297	1208	1136			212	165
2298	0	1136			144	165
2299	1208	1437			212	197
2300	483	1236			131	212
2301	2	368			125	122
2302	190	441			199	237
2303	49	24			621	795
2304	0	0			109	143
2305	0	0			186	194
2306	5	1			219	189
2307	5	1			216	189
2308	3	5			126	148
2309	8	4			126	148
2310	8	39			126	148
2311	4	39			148	148
2312	5	20			148	148
2313	38	19			159	104
2314	38	53			173	204
2315	11707	14988			258	254
2316	6815	12937			188	261
2317	1	1			189	177
2318	18	0			196	160
2319	100	327			299	759
2320	433	105			258	120
2321	425	2			258	120
2322	63	182			120	117
2323	76	212			275	428
2324	0	0			387	366
2325	0	0			366	207
2326	7	6			276	202
2327	1328	610			206	123
2328	311	151			305	154
2329	170	125			154	123
2330	170	116			154	118
2331	15	9			201	127
2332	0	73			197	277
2333	15	48			160	248
2334	25	24			204	160
2335	0	2			140	213
2336	0	0			123	140
2337	7	30			232	460
2338	48	101			159	190
2339	0	0			123	192
2340	14	6			258	178
2341	69	243			165	291
2342	449	442			165	138
2343	559	487			174	165
2344	236	338			145	136
2345	0	85			147	150
2346	410	1701			134	170
2347	18	3			352	180
2348	3	3			223	180
2349	17	3			352	180
2350	0	3			130	180
2351	106	3			156	180
2352	106	17			156	352
2353	106	0			156	130
2354	211	1			215	103
2355	0	119			186	320
2356	1	2			208	219
2357	0	6			142	116
2358	0	0			195	386
2359	11	87			110	348
2360	69	12			348	122
2361	0	0			226	148
2362	42	161			180	279
2363	42	0			203	338
2364	492	131			161	137
2365	24	3			190	120
2366	1	0			192	228
2367	42	58			245	245
2368	17	10			126	212
2369	86	180			195	219
2370	33	105			169	202
2371	73	46			202	139
2372	39	65			204	177
2373	0	0			96	102
2374	0	0			96	96
2375	848	62			214	214
2376	260	2			87	87
2377	29	32			170	202
2378	12	8			296	341
2379	0	2			177	162
2380	0	0			205	177
2381	0	0			132	205
2382	3	4			241	273
2383	0	5			403	121
2384	1	14			109	165
2385	0	10			247	196
2386	0	10			173	196
2387	8	10			228	196
2388	1	10			197	196
2389	0	0			173	247
2390	8	0			228	247
2391	1	0			197	247
2392	8	0			228	173
2393	1	0			197	173
2394	1	8			197	228
2395	0	0			123	192
2396	43	109			136	178
2397	143	211			167	216
2398	0	2			90	198
2399	0	0			129	129
2400	53	165			184	192
2401	0	0			78	78
2402	0	0			78	78
2403	0	0			78	78
2404	8	0			220	220
2405	0	0			179	179
2406	3	0			159	159
2407	54	59			190	155
2408	0	0			96	213
2409	0	0			208	147
2410	59	17			206	203
2411	0	1			159	147
2412	2	2			141	135
2413	101	170			128	146
2414	17	2			198	171
2415	40	0			158	108
2416	2	0			209	155
2417	46	88			387	327
2418	31	12			243	154
2419	1	0			220	173
2420	322	237			240	189
2421	65	11			168	105
2422	26	11			117	105
2423	5	13			155	148
2424	122	134			186	156
2425	7	7			160	143
2426	5	7			101	130
2427	24	34			182	177
2428	16	34			284	177
2429	42	73			192	302
2430	69	55			315	192
2431	60	0			228	261
2432	22	64			133	176
2433	0	176			119	218
2434	0	0			159	159
2435	0	0			123	181
2436	5	1			190	152
2437	8	0			237	132
2438	7	8			138	195
2439	1	191			101	196
2440	0	0			192	221
2441	0	0			177	221
2442	0	0			177	192
2443	0	0			148	214
2444	0	0			187	214
2445	0	0			138	140
2446	0	0			261	386
2447	0	0			128	261
2448	0	0			246	261
2449	7	1			168	98
2450	7	4			168	98
2451	28	9			267	158
2452	37	36			168	193
2453	267	327			224	192
2454	267	174			224	338
2455	291	655			192	311
2456	19	6			147	141
2457	20	80			160	225
2458	5	80			155	225
2459	30	80			154	225
2460	15	5			165	129
2461	0	0			96	96
2462	8	5			161	230
2463	0	99			168	128
2464	427	252			188	121
2465	33	55			123	146
2466	22	26			141	123
2467	0	11			129	149
2468	1	5			221	139
2469	2	2			212	221
2470	235	199			140	177
2471	80	114			183	180
2472	0	0			147	141
2473	1	2			249	248
2474	23	1			233	173
2475	42	52			214	266
2476	0	0			173	130
2477	13	12			226	168
2478	0	0			184	219
2479	227	123			136	186
2480	227	1081			136	715
2481	0	0			168	153
2482	1	5			110	241
2483	0	0			168	184
2484	2	2			155	114
2485	0	0			102	132
2486	2	27			198	180
2487	1	0			223	168
2488	217	304			234	254
2489	2	15			178	250
2490	0	12			693	678
2491	1	34			173	339
2492	74	0			538	116
2493	4	0			132	116
2494	15	20			271	161
2495	13	13			120	144
2496	0	45			81	165
2497	113	64			192	177
2498	5	8			159	135
2499	3	9			132	159
2500	3	0			150	147
2501	0	0			145	159
2502	0	0			190	190
2503	0	5			208	164
2504	1	0			116	208
2505	69	7			87	151
2506	0	0			218	103
2507	0	0			360	151
2508	0	0			150	275
2509	130	306			162	234
2510	2	2			197	156
2511	0	3			194	128
2512	0	0			169	174
2513	0	0			152	148
2514	3	8			162	178
2515	3	2			162	112
2516	0	2			203	191
2517	49	0			145	214
2518	0	0			105	147
