ID	IJC_SAMPLE_1	SJC_SAMPLE_1	IJC_SAMPLE_2	SJC_SAMPLE_2	IncFormLen	SkipFormLen
0	0	0			150	137
1	0	0			150	137
2	0	0			150	150
3	0	0			150	98
4	0	0			150	98
5	0	0			138	150
6	0	0			138	150
7	0	0			150	150
8	0	0			150	138
9	0	0			150	138
10	0	0			150	137
11	0	0			150	137
12	0	0			150	150
13	0	0			138	150
14	0	0			138	150
15	0	0			150	150
16	0	0			150	138
17	0	0			150	138
18	0	0			123	150
19	0	0			150	137
20	0	0			150	137
21	0	0			150	150
22	0	0			138	150
23	0	0			138	150
24	0	0			150	150
25	0	0			150	138
26	0	0			150	138
27	0	0			150	150
28	0	0			150	108
29	0	0			150	111
30	0	0			123	150
31	0	0			150	137
32	0	0			150	137
33	0	0			150	150
34	0	0			138	150
35	0	0			138	150
36	0	0			150	150
37	0	0			150	138
38	0	0			150	138
39	0	0			123	150
40	0	0			150	137
41	0	0			150	137
42	0	0			150	150
43	0	0			150	98
44	0	0			150	98
45	0	0			150	111
46	0	0			150	150
47	0	0			150	150
48	0	0			150	150
49	0	0			147	141
50	0	0			150	103
51	0	0			150	150
52	0	0			150	150
53	0	0			111	150
54	0	0			150	103
55	0	0			150	150
56	0	0			147	141
57	0	0			150	103
58	0	0			150	150
59	0	0			150	150
60	0	0			147	141
61	0	0			111	150
62	0	0			150	150
63	0	0			147	141
64	0	0			150	150
65	0	0			150	103
66	0	0			150	150
67	0	0			84	102
68	0	0			148	150
69	0	0			150	150
70	0	0			150	150
71	0	0			141	150
72	0	0			138	150
73	0	0			150	150
74	0	0			99	126
75	0	0			99	102
76	0	0			102	126
77	0	0			102	129
78	0	0			150	150
79	0	0			150	150
80	0	0			150	150
81	0	0			150	121
82	0	0			150	150
83	0	0			150	150
84	0	0			150	150
85	0	0			150	150
86	0	0			150	150
87	0	0			150	150
88	0	0			150	150
89	0	0			150	150
90	0	0			150	108
91	0	0			126	150
92	0	0			150	103
93	0	0			150	150
94	0	0			150	150
95	0	0			150	150
96	0	0			150	150
97	0	0			123	150
98	0	0			106	150
99	0	0			150	150
100	12	15			138	150
101	10	19			150	150
102	12	20			150	147
103	0	0			150	150
104	0	0			150	111
105	0	0			150	150
106	15	24			117	150
107	1	1			150	150
108	0	462			115	150
109	6	0			111	105
110	0	0			150	150
111	28	253			124	150
112	0	0			150	114
113	1	4			150	123
114	0	0			150	150
115	20	22			150	150
116	102	1			150	121
117	72	1			150	121
118	25	0			150	150
119	3	0			93	90
120	10	15			150	150
121	1	16			144	111
122	0	0			93	93
123	0	0			150	126
124	0	0			150	150
125	0	0			126	150
126	11	17			150	150
127	69	117			150	150
128	293	2			150	150
129	108	48			150	120
130	0	0			150	150
131	4	67			150	150
132	23	52			123	140
133	1	5			150	150
134	0	0			150	150
135	97	110			150	150
136	75	108			150	150
137	33	46			150	146
138	0	93			150	150
139	1627	1829			150	150
140	22	44			150	150
141	5	3			150	150
142	0	0			136	150
143	0	0			150	150
144	1	44			150	150
145	185	159			150	150
146	0	4			150	150
147	17	24			142	150
148	8	1			150	150
149	0	7			150	150
150	3	13			150	150
151	9	0			150	150
152	34	1			115	118
153	226	227			150	146
154	6	16			150	150
155	20	0			150	150
156	16	0			150	113
157	20	0			150	113
158	5	0			150	150
159	90	101			150	150
160	11	101			150	150
161	35	53			105	150
162	29	107			150	150
163	1	18			150	146
164	1	5			150	150
165	12	18			150	146
166	12	5			150	150
167	18	5			146	150
168	1	2			146	150
169	0	4			150	119
170	0	2			150	130
171	4	2			150	119
172	4	2			119	130
173	0	7			150	150
174	2	5			150	130
175	12	85			121	150
176	5	99			121	150
177	2	99			150	150
178	14	99			150	150
179	2	5			150	121
180	14	5			150	121
181	3	17			147	144
182	0	2			150	150
183	0	0			150	133
184	7	3			129	148
185	0	3			150	150
186	0	3			150	150
187	20	11			150	150
188	2	32			150	150
189	0	0			141	150
190	1	4			150	150
191	251	73			150	132
192	97	179			150	150
193	27	35			150	150
194	4	87			150	150
195	70	87			150	150
196	1	4			150	144
197	10	3			117	150
198	41	14			150	150
199	41	24			150	150
200	44	32			150	150
201	31	41			150	150
202	0	0			150	150
203	2	0			150	150
204	0	0			123	150
205	5	58			150	150
206	65	76			150	150
207	0	188			150	150
208	4	11			150	150
209	17	24			150	150
210	18	24			150	150
211	0	6			150	150
212	383	3			148	150
213	39	115			150	150
214	33	32			150	150
215	13	27			150	150
216	1	11			150	150
217	73	144			148	123
218	0	0			141	139
219	2	0			150	118
220	574	6			150	150
221	574	12			150	150
222	0	0			150	150
223	0	0			150	150
224	0	0			150	150
225	204	138			150	150
226	2	5			150	122
227	2	361			150	150
228	323	454			150	150
229	82	115			150	150
230	0	0			150	150
231	19	0			106	150
232	50	46			150	150
233	1	14			97	97
234	0	0			111	150
235	0	0			150	103
236	0	0			150	150
237	9	5			150	150
238	26	52			150	150
239	36	66			147	150
240	0	0			150	150
241	1	0			136	150
242	0	0			147	150
243	45	0			133	150
244	76	104			150	143
245	30	0			150	150
246	0	6			148	150
247	1	9			150	150
248	156	222			150	150
249	71	74			150	138
250	120	135			150	143
251	1087	18			150	150
252	1836	22			150	141
253	4	5			150	150
254	0	5			150	150
255	0	0			150	150
256	37	28			150	136
257	27	0			150	120
258	27	268			150	150
259	93	2413			150	129
260	8	1168			150	129
261	0	0			150	150
262	0	0			150	150
263	3	6			124	121
264	4	5			150	150
265	887	726			150	150
266	702	1151			150	117
267	0	0			122	119
268	13	18			150	141
269	52	13			150	150
270	99	92			150	137
271	340	358			150	150
272	36	79			150	150
273	120	147			150	150
274	0	0			150	118
275	5	0			150	150
276	77	1			85	85
277	0	1			150	150
278	30	29			150	150
279	0	0			143	143
280	0	0			103	143
281	0	0			150	150
282	264	482			150	150
283	76	475			150	150
284	23	475			131	150
285	23	76			131	150
286	27	265			131	150
287	0	1			150	150
288	28	61			150	150
289	66	2			138	150
290	258	123			150	113
291	527	0			150	150
292	6	12			150	150
293	47	52			150	150
294	0	0			150	150
295	0	0			150	150
296	0	0			150	150
297	0	0			150	150
298	4	6			150	150
299	7	4			150	150
300	1	4			150	150
301	5	0			133	102
302	70	60			150	150
303	70	84			150	150
304	29	16			150	150
305	0	0			150	150
306	20	75			150	150
307	107	118			150	150
308	60	60			150	150
309	0	0			150	132
310	27	87			150	150
311	98	108			150	150
312	105	59			144	150
313	0	0			150	150
314	0	0			150	150
315	0	0			150	150
316	0	0			150	150
317	23	13			150	150
318	0	1			150	150
319	0	1			150	150
320	0	0			125	143
321	0	0			150	150
322	0	0			150	150
323	0	0			150	150
324	0	0			150	150
325	0	6			150	150
326	0	0			150	136
327	0	4			116	150
328	1	246			123	150
329	0	0			150	150
330	0	32			150	141
331	106	160			150	150
332	66	5			150	150
333	129	112			150	150
334	5	0			150	150
335	0	0			150	150
336	5	0			150	150
337	4	0			150	150
338	3	0			150	150
339	0	5			150	150
340	5	5			150	150
341	4	5			150	150
342	5	0			150	150
343	4	0			150	150
344	4	5			150	150
345	1	2			150	150
346	54	56			145	150
347	48	40			150	150
348	3	47			150	150
349	3	23			150	150
350	23	57			150	150
351	13	23			150	150
352	0	0			150	150
353	0	0			150	150
354	0	0			150	121
355	81	81			150	150
356	8	76			150	150
357	54	76			117	150
358	54	8			117	150
359	54	92			117	150
360	16	15			150	108
361	18	24			108	150
362	44	93			122	150
363	95	397			150	135
364	130	173			150	150
365	36	74			117	149
366	0	3			131	125
367	80	0			150	150
368	40	0			150	150
369	8	210			150	150
370	132	210			150	150
371	2	3			149	150
372	3	74			124	150
373	4	4			148	150
374	0	0			150	150
375	21	15			150	150
376	2	47			150	144
377	6	9			150	150
378	744	887			150	150
379	2	1			150	150
380	15	36			138	150
381	0	0			120	120
382	7	3			133	150
383	16	0			150	114
384	81	133			150	150
385	42	14			150	134
386	4	13			127	126
387	2	3			150	150
388	24	45			129	150
389	80	58			150	150
390	0	3			150	123
391	5	3			150	150
392	7	226			150	143
393	12	226			150	143
394	0	0			150	150
395	0	0			129	150
396	132	110			150	144
397	44	48			150	150
398	32	47			150	150
399	159	90011			150	150
400	0	78			100	100
401	44	102			119	150
402	46	1			127	119
403	0	2			150	95
404	451	643			150	150
405	1	0			150	96
406	33	19			150	148
407	16	13			148	139
408	502	499			150	150
409	0	0			135	150
410	2	0			150	150
411	0	0			150	150
412	24	33			150	150
413	0	0			150	150
414	40	58			150	150
415	30	15			150	150
416	58	18			150	150
417	6	0			150	142
418	8	4			150	150
419	39	45			136	150
420	2	0			150	138
421	2	2			150	147
422	0	2			138	147
423	22	53			123	150
424	6	37			150	147
425	19	37			150	147
426	0	0			150	150
427	58	59			150	150
428	7	59			150	150
429	0	0			150	150
430	52	67			150	150
431	119	23			150	150
432	16	129			117	150
433	253	1			150	150
434	255	287			150	150
435	192	265			150	150
436	0	0			150	150
437	1	0			150	133
438	0	0			108	135
439	9	83			150	150
440	0	4			150	150
441	0	3			150	150
442	4	85			150	148
443	1	5			150	150
444	2	3			150	150
445	70	1			140	150
446	21	20			114	150
447	14	15			135	102
448	154	166			150	150
449	6	8			150	150
450	6	1			150	150
451	9	1			150	150
452	6	19			150	150
453	6	12			150	150
454	9	12			150	150
455	7	9			150	150
456	103	85			150	150
457	0	0			150	150
458	0	0			150	150
459	0	0			150	104
460	21	0			150	150
461	0	1			150	150
462	41	39			150	150
463	17	52			95	150
464	12	1			150	150
465	12	21			150	150
466	12	21			150	150
467	0	11			84	84
468	19	23			150	150
469	48	40			150	150
470	0	1			150	150
471	106	126			150	150
472	171	154			150	150
473	171	1			150	150
474	87	372			102	150
475	12	27			128	150
476	24	9			150	128
477	2	96			150	137
478	61	118			150	150
479	42	60			150	150
480	11	218			150	135
481	12	33			150	129
482	3	35			147	147
483	13	24			150	150
484	28	24			150	150
485	28	13			150	150
486	9	1			150	133
487	0	0			150	150
488	21	20			150	150
489	10	13			150	146
490	10	8			150	150
491	71	20			150	150
492	127	13			150	150
493	7	6			150	148
494	0	0			150	150
495	14	9			150	150
496	3	86			150	150
497	1	2			150	150
498	142	2			150	150
499	142	1			150	150
500	51	60			141	150
501	1705	5			127	150
502	44	3			150	150
503	17	2			150	150
504	72	81			147	150
505	53	81			150	150
506	1	0			150	150
507	7	1			150	150
508	12	36			150	150
509	1257	0			147	150
510	4	1			150	84
511	4	1			150	84
512	0	4			150	150
513	13	9			150	150
514	1	5			150	136
515	0	6			150	150
516	0	0			145	150
517	0	0			145	150
518	48	40			150	141
519	13	18			126	150
520	0	45			150	150
521	13	19			150	150
522	51	60			150	150
523	1	0			150	150
524	101	123			143	150
525	134	113			135	143
526	0	0			150	119
527	0	0			79	82
528	26	1			150	150
529	12	9			150	150
530	5	1			150	150
531	1	1			150	150
532	0	57			108	144
533	0	10			108	102
534	0	0			78	150
535	51	781			150	150
536	51	331			150	150
537	9	15			111	150
538	9443	10516			150	150
539	9426	11178			150	150
540	9424	11178			150	150
541	8816	11103			150	150
542	8905	9789			150	150
543	8816	92			150	150
544	127	147			150	150
545	1	144			150	150
546	39	2			150	150
547	10	8			150	150
548	1	0			113	137
549	261	241			150	150
550	53	43			124	150
551	74	1			125	150
552	87	158			118	150
553	191	234			150	150
554	29	33			150	150
555	47	75			150	150
556	0	0			150	150
557	126	158			150	150
558	0	0			150	125
559	77	115			148	150
560	0	2			150	150
561	0	0			150	81
562	2	5			142	150
563	8	0			138	150
564	0	3			150	150
565	0	1			150	150
566	3	1			150	150
567	0	0			150	150
568	0	0			150	150
569	7	16			150	150
570	614	126			150	150
571	160	868			150	150
572	32	1			149	137
573	45	88			150	150
574	0	0			98	98
575	0	0			81	81
576	28	1			128	132
577	0	0			150	105
578	0	0			117	105
579	0	9			150	150
580	0	0			150	150
581	1	19			150	150
582	53	82			150	150
583	44	57			150	150
584	1	3			150	150
585	7	0			150	150
586	70	103			147	144
587	121	245			113	150
588	185	248			150	150
589	4	5			147	150
590	17	33			133	147
591	32	26			147	150
592	205	284			150	150
593	15	17			150	150
594	2	5			150	150
595	44	35			114	149
596	0	0			147	141
597	138	12			104	150
598	138	6			104	150
599	138	260			104	113
600	3	0			150	150
601	42	18			108	150
602	0	0			150	146
603	5	0			84	84
604	163	153			150	150
605	18	4			150	150
606	23	50			150	150
607	0	2			150	150
608	1	0			150	150
609	2	2			150	150
610	87	15			150	142
611	46	19			144	108
612	38	64			150	150
613	0	0			150	141
614	0	0			150	150
615	91	72			150	130
616	94	91			150	150
617	94	91			150	150
618	0	12			150	150
619	0	17			150	115
620	1	23			150	140
621	22	23			150	140
622	3	1			150	150
623	29	33			150	150
624	0	0			150	150
625	7	0			126	150
626	0	0			150	150
627	18	16			150	120
628	1	5			150	135
629	2	0			96	96
630	23	20			150	116
631	47	31			150	150
632	54	14			150	150
633	0	0			150	150
634	0	0			129	137
635	5	2			150	150
636	159	0			100	100
637	11	11			150	150
638	3	2			150	150
639	1	1			150	150
640	15	7			150	114
641	63	58			150	150
642	0	0			150	125
643	0	0			150	150
644	7	8			150	147
645	0	2			150	142
646	1	0			142	150
647	1	0			142	111
648	0	0			150	150
649	9	10			133	150
650	20	0			150	114
651	0	0			150	150
652	15	28			150	150
653	0	0			150	150
654	65	336			150	150
655	113	106			143	150
656	0	0			150	150
657	0	0			150	148
658	50	98			150	142
659	0	0			150	150
660	4	30			103	150
661	6	4			150	150
662	0	3			76	150
663	114	3			150	150
664	0	0			138	150
665	17	20			150	150
666	0	3			150	150
667	56	84			143	150
668	2	2			150	138
669	35	2			150	138
670	35	2			150	150
671	0	0			110	127
672	0	0			126	150
673	59	79			150	150
674	2	21			150	131
675	5	0			125	150
676	0	0			150	142
677	7	7			150	150
678	7	5			150	150
679	55	75			123	150
680	68	89			150	150
681	0	0			143	150
682	0	0			141	150
683	655	352			144	114
684	538	18			141	150
685	634	711			135	135
686	846	876			138	135
687	768	989			135	135
688	921	680			135	132
689	3	1			123	99
690	71	62			141	140
691	0	26			150	150
692	0	0			150	131
693	2	32			136	150
694	0	0			150	150
695	15	12			150	150
696	0	2			150	150
697	8	73			150	150
698	12	158			150	150
699	61	115			150	150
700	33	22			126	150
701	6	3			150	150
702	29	31			150	150
703	34	27			150	150
704	13	13			150	148
705	4	2			150	150
706	2	0			150	150
707	2	0			150	150
708	174	212			145	150
709	111	2			150	150
710	44	47			150	150
711	0	0			120	150
712	2	0			147	150
713	1	0			150	150
714	0	0			135	150
715	0	0			150	150
716	4	8			140	150
717	0	0			150	126
718	0	41			121	144
719	0	42			150	110
720	4	56			92	150
721	53	62			150	150
722	0	0			150	150
723	95	0			150	150
724	135	222			150	150
725	9	31			150	150
726	3284	9140			150	150
727	28	1			150	150
728	28	25			150	138
729	28	63			150	138
730	0	11			114	150
731	80	58			150	150
732	0	44			150	150
733	1	34			150	150
734	73	37			150	150
735	0	107			150	146
736	30	2			150	150
737	28	2			150	150
738	3	36			143	150
739	27	50			121	150
740	5	81			150	142
741	24	12			150	150
742	24	12			150	150
743	24	20			150	150
744	0	0			81	81
745	87	49			150	146
746	2	85			127	150
747	5	7			150	150
748	19	0			150	150
749	5	0			150	150
750	5	19			150	150
751	1	2			150	150
752	0	0			150	102
753	0	0			111	114
754	0	0			134	118
755	7	144			150	150
756	9	67			149	150
757	39	67			149	150
758	0	4			150	150
759	4	3			150	150
760	0	0			150	150
761	0	0			87	84
762	0	0			150	147
763	0	0			150	150
764	0	0			150	150
765	15	45			150	150
766	9	0			142	106
767	78	110			141	150
768	38	36			150	150
769	158	185			150	150
770	220	1			83	83
771	1392	2193			150	150
772	2	0			150	150
773	1	0			84	84
774	16	51			150	150
775	75	0			92	92
776	0	0			99	99
777	0	0			150	150
778	0	2			150	150
779	3	1			150	115
780	3	0			150	144
781	3	0			150	150
782	1	0			115	144
783	1	0			115	150
784	0	0			144	150
785	26	21			150	150
786	0	2			150	150
787	0	2			150	133
788	0	0			150	150
789	2	0			150	150
790	2	0			133	150
791	43	29			150	150
792	4	0			150	150
793	3	0			150	150
794	67	57			132	150
795	158	15			150	150
796	1	1			150	109
797	20	75			150	132
798	83	75			150	132
799	1	75			150	132
800	0	0			150	150
801	0	0			150	150
802	3	25			150	150
803	8	14			150	150
804	338	1			150	150
805	343	362			150	150
806	143	146			150	141
807	13	5			150	150
808	177	230			150	150
809	220	28			125	136
810	0	2			150	128
811	38	11			150	150
812	158	126			150	150
813	38	3			150	150
814	130	16			147	150
815	1	0			150	132
816	0	0			150	132
817	0	1			150	150
818	1676	91			150	150
819	10	24			112	150
820	1270	19			150	150
821	1929	4			107	113
822	70	76			150	150
823	1	1			150	150
824	682	726			136	150
825	17	4757			150	150
826	299	174			150	150
827	0	0			150	150
828	26	26			150	150
829	26	17			150	124
830	33	55			150	150
831	12	39			150	150
832	12	13			150	110
833	0	0			138	149
834	153	0			150	150
835	79	0			150	150
836	49	66			150	150
837	4183	1618			147	131
838	0	2			150	150
839	1	4			150	150
840	5	1			150	120
841	20	0			150	114
842	14	24			150	150
843	0	0			114	150
844	20	19			122	147
845	20	47			150	150
846	25	44			150	108
847	19	19			150	150
848	3	11			150	143
849	72	106			150	150
850	0	0			97	99
851	172	190			150	150
852	10	15			150	150
853	9	2			150	150
854	1	0			120	120
855	0	0			135	150
856	0	2			150	150
857	0	0			150	150
858	11	4			150	108
859	76	93			150	150
860	47	69			113	150
861	199	93			150	101
862	3	176			101	150
863	106	177			101	150
864	0	0			87	87
865	0	0			102	150
866	7	74			150	150
867	15	59			150	150
868	21	77			150	150
869	43	68			136	150
870	50	62			150	150
871	70	63			150	150
872	0	0			150	150
873	41	90			124	150
874	2	10			99	100
875	0	1			150	150
876	121	17			150	150
877	24	13			150	142
878	94	36			150	130
879	2	1			150	150
880	2	1			150	150
881	25	14			150	128
882	23	32			114	150
883	9	10			150	150
884	32	23			150	150
885	37	22			150	150
886	0	0			90	90
887	0	14			90	78
888	0	0			117	78
889	14	18			150	150
890	0	404			113	142
891	91	404			142	142
892	91	0			142	113
893	166	181			150	150
894	99	123			134	150
895	124	150			150	148
896	0	0			150	150
897	6	5			150	150
898	7	5			148	150
899	1	5			150	150
900	6	2			148	150
901	27	19			150	150
902	193	203			150	150
903	3	8			109	141
904	16	32			150	142
905	2	58			147	150
906	3	58			150	150
907	6	0			150	121
908	5	1			136	128
909	1	6			150	150
910	4	11			150	138
911	4	3			150	150
912	39	61			150	150
913	77	21			140	87
914	0	0			150	150
915	0	1			150	150
916	0	0			150	150
917	0	1			150	150
918	0	0			150	150
919	0	0			87	90
920	4	1			128	150
921	2489	6035			103	150
922	5562	6035			150	150
923	2	0			150	150
924	22	64			113	150
925	3	0			150	133
926	42	1			150	150
927	2	0			150	150
928	26	27			150	150
929	0	0			150	150
930	286	382			150	131
931	384	351			150	147
932	5	0			150	105
933	0	26			87	87
934	3	12			129	150
935	1	1			150	150
936	0	0			150	150
937	0	0			150	150
938	0	0			150	150
939	99	86			150	150
940	0	0			150	124
941	1	0			150	106
942	24	29			150	144
943	0	0			150	150
944	0	0			150	150
945	14	145			102	120
946	21	55			132	150
947	11	3			150	150
948	0	0			150	150
949	6	1			150	150
950	6	5			150	150
951	0	1			150	150
952	80	81			150	150
953	62	2			150	150
954	7	2			141	149
955	7	1			141	150
956	2	4			150	150
957	10	5			150	150
958	3	0			114	102
959	0	0			126	102
960	14	4			150	102
961	9	0			150	102
962	2	6			150	150
963	413	360			150	138
964	18	142			150	150
965	108	1			150	150
966	216	226			138	150
967	0	0			150	150
968	0	0			150	131
969	0	0			150	131
970	2	55			98	150
971	3	1			150	150
972	71	2			150	150
973	17	25			150	150
974	0	57			150	150
975	0	0			117	150
976	2	70			150	150
977	0	0			150	150
978	0	0			150	150
979	4	0			150	150
980	22	9			150	150
981	0	0			127	129
982	0	0			150	150
983	6	8			150	150
984	62	42			150	150
985	0	0			150	150
986	0	0			150	150
987	5	6			141	150
988	0	0			110	150
989	0	0			110	150
990	0	0			150	146
991	1	99			124	128
992	75	152			128	150
993	133	103			150	131
994	6	103			148	131
995	51	0			150	150
996	0	24			150	136
997	15	39			150	150
998	0	0			98	95
999	2	29			130	150
1000	1	10			120	150
1001	6	8			128	120
1002	0	12			150	150
1003	0	58			106	150
1004	0	117			79	150
1005	3	15			98	150
1006	6	15			150	150
1007	25	1			150	150
1008	14	66			150	150
1009	3	3			150	150
1010	5	0			132	132
1011	26	23			125	150
1012	5	0			93	93
1013	6	0			96	90
1014	6	0			96	90
1015	17	0			87	99
1016	2	0			87	94
1017	1	33			116	116
1018	0	0			150	150
1019	27	39			146	150
1020	35	54			150	150
1021	45	0			98	101
1022	109	101			150	150
1023	956	836			150	150
1024	14	33			150	150
1025	21	18			150	150
1026	0	30			150	150
1027	36	37			150	150
1028	12	40			150	150
1029	1	7			150	150
1030	11	15			137	150
1031	0	0			150	150
1032	9	13			150	150
1033	13	19			138	150
1034	21	20			150	150
1035	59	2			150	150
1036	161	291			150	150
1037	242	352			150	150
1038	424	519			150	150
1039	0	4			150	150
1040	2	0			150	150
1041	138	334			120	150
1042	223	188			150	123
1043	12	144			136	150
1044	0	0			150	150
1045	0	0			150	136
1046	0	0			150	136
1047	35	84			133	150
1048	5	5			146	150
1049	8	60			150	150
1050	10	1			150	150
1051	30	6			150	150
1052	14	22			150	150
1053	5	26			150	150
1054	2	52			150	122
1055	1	0			150	135
1056	1	0			150	135
1057	0	1			141	150
1058	13	3			150	150
1059	4	0			138	150
1060	3	7			150	150
1061	228	0			87	87
1062	0	0			150	150
1063	49	4			150	150
1064	31	32			150	150
1065	7	4			150	98
1066	0	0			146	135
1067	0	0			150	150
1068	26	21			150	144
1069	53	134			130	150
1070	53	80			130	121
1071	53	201			150	150
1072	6	9			150	150
1073	13	10			150	150
1074	30	72			107	134
1075	35	37			150	150
1076	2	62			150	150
1077	0	0			81	81
1078	67	62			150	150
1079	7	66			150	150
1080	30	18			150	120
1081	18	12			150	150
1082	0	0			150	150
1083	0	0			150	150
1084	0	0			150	150
1085	0	0			150	150
1086	0	0			84	84
1087	0	0			123	150
1088	5	1			150	150
1089	0	0			150	150
1090	0	0			150	131
1091	756	683			150	114
1092	69	15			143	119
1093	91	15			150	119
1094	2	2			150	150
1095	0	0			138	150
1096	24	60			150	150
1097	76	111			127	150
1098	40	36			150	137
1099	144	146			150	140
1100	0	0			150	150
1101	47	30			150	110
1102	80	185			141	143
1103	0	0			150	150
1104	5	0			108	150
1105	0	0			150	150
1106	0	2			150	150
1107	112	136			150	150
1108	125	238			137	150
1109	148	130			150	150
1110	0	6			150	150
1111	127	76			150	150
1112	0	5			150	150
1113	0	0			150	127
1114	5	0			150	127
1115	0	0			96	90
1116	2	8			150	150
1117	6	8			150	150
1118	1	6			150	150
1119	1	10			150	150
1120	0	9			150	150
1121	5	1			150	150
1122	4	0			150	95
1123	4	0			150	137
1124	0	0			95	137
1125	0	4			147	141
1126	3	4			150	141
1127	3	0			150	147
1128	0	0			108	150
1129	4	0			148	150
1130	0	1			150	150
1131	0	1			150	150
1132	0	1			150	150
1133	0	1			150	150
1134	0	1			150	150
1135	1	7			150	147
1136	0	0			81	81
1137	0	0			150	150
1138	1	51			81	144
1139	2	51			81	144
1140	2	1			81	81
1141	0	7			150	150
1142	0	0			150	150
1143	91	38			150	135
1144	0	0			150	150
1145	5	10			148	150
1146	0	0			150	137
1147	13	7			150	150
1148	60	12			150	150
1149	60	57			150	150
1150	1	1			132	150
1151	37	53			148	150
1152	37	30			148	150
1153	29	36			121	150
1154	172	178			150	150
1155	132	28			138	97
1156	27	21			150	150
1157	27	119			150	150
1158	21	119			150	150
1159	54	37			150	150
1160	11	26			150	150
1161	37	26			150	150
1162	1	1			150	150
1163	0	2			150	150
1164	350	145			138	99
1165	47	22			150	150
1166	47	4			150	150
1167	33	64			150	150
1168	72	125			150	150
1169	0	0			150	150
1170	497	561			150	150
1171	1	5			150	150
1172	146	0			150	150
1173	0	1			150	150
1174	0	0			150	150
1175	32	25			150	150
1176	2	3			150	150
1177	17	7			150	150
1178	0	1			150	150
1179	21	70			150	150
1180	199	136			150	131
1181	6	7			135	131
1182	5	2			150	150
1183	19	99			150	150
1184	0	0			150	150
1185	48	119			150	150
1186	68	119			150	150
1187	18	0			90	93
1188	4	11			150	150
1189	10	4			147	150
1190	48	93			150	150
1191	57	60			150	150
1192	23	30			150	150
1193	0	0			150	103
1194	0	0			150	150
1195	2	240			150	145
1196	0	0			120	150
1197	0	0			150	150
1198	0	0			150	120
1199	0	0			150	120
1200	0	0			150	150
1201	0	5			150	150
1202	7	0			111	114
1203	0	1			150	150
1204	0	1			150	150
1205	12	0			150	150
1206	1	27			121	135
1207	0	82			119	112
1208	0	34			102	150
1209	0	0			90	87
1210	1	0			150	150
1211	0	0			96	96
1212	0	0			150	150
1213	17	17			150	150
1214	14	4			150	150
1215	17	21			150	150
1216	5	24			150	150
1217	5	24			150	150
1218	15	21			114	144
1219	0	0			147	141
1220	5	2			150	150
1221	2338	105			150	150
1222	5	13			150	150
1223	113	265			150	150
1224	0	0			150	150
1225	17	61			150	150
1226	29	52			136	150
1227	404	667			126	123
1228	404	589			126	150
1229	180	256			129	135
1230	64	272			129	135
1231	164	272			111	135
1232	33	234			111	135
1233	863	234			126	135
1234	87	2			129	150
1235	141	2			111	150
1236	206	0			129	150
1237	164	64			111	129
1238	141	87			111	129
1239	863	33			126	111
1240	442	16			126	111
1241	418	94			126	111
1242	63	40			150	150
1243	4	2			150	150
1244	0	0			110	93
1245	0	0			150	150
1246	0	0			150	150
1247	0	0			150	150
1248	1	0			150	150
1249	5	3			150	150
1250	5	3			150	150
1251	32	14			150	150
1252	0	11			150	114
1253	22	22			150	126
1254	1	3			132	150
1255	0	0			150	150
1256	57	98			150	150
1257	127	0			150	150
1258	1	62			150	150
1259	43	2			150	150
1260	81	38			150	150
1261	0	61			150	135
1262	0	0			140	150
1263	8	6			142	150
1264	9	0			90	105
1265	21	25			150	150
1266	67	28			150	150
1267	0	0			150	150
1268	0	0			150	136
1269	4	17			150	150
1270	1	17			150	150
1271	18	39			120	140
1272	4	32			150	150
1273	0	0			150	150
1274	0	0			150	150
1275	0	0			150	150
1276	0	0			150	150
1277	0	0			150	150
1278	0	0			150	150
1279	0	0			150	150
1280	0	0			150	150
1281	0	0			150	150
1282	0	13			121	150
1283	0	0			121	133
1284	0	0			150	133
1285	0	0			150	121
1286	4	0			141	150
1287	0	74			150	150
1288	0	0			150	150
1289	10	70			150	150
1290	0	0			150	150
1291	2	0			150	150
1292	5	9			150	150
1293	8	2			150	150
1294	36	82			150	150
1295	0	2			102	150
1296	0	4			150	150
1297	35	92			150	150
1298	66	76			149	150
1299	1	8			150	100
1300	109	71			150	150
1301	109	67			150	150
1302	167	135			150	150
1303	0	1			150	114
1304	31	28			150	150
1305	0	0			150	98
1306	344	393			149	150
1307	3	297			150	150
1308	186	297			150	150
1309	3	10			150	150
1310	13	18			150	150
1311	0	17			150	150
1312	0	20			150	150
1313	30	39			150	150
1314	0	3			150	150
1315	0	5			150	150
1316	0	0			150	150
1317	0	0			84	96
1318	0	0			144	93
1319	0	0			102	117
1320	23	250			129	150
1321	1	0			133	117
1322	0	0			150	109
1323	0	1			150	109
1324	1	0			150	150
1325	25	27			144	132
1326	1	0			135	150
1327	77	81			150	150
1328	20	23			150	150
1329	4	0			150	106
1330	0	0			150	150
1331	0	0			150	150
1332	203	244			150	150
1333	3	50			150	147
1334	5	83			150	147
1335	3	11			111	150
1336	191	307			150	141
1337	23	1			150	150
1338	23	39			150	150
1339	1	39			150	150
1340	0	0			150	150
1341	0	0			123	150
1342	129	150			150	150
1343	23	33			150	150
1344	0	0			150	150
1345	0	0			150	150
1346	0	0			150	130
1347	0	0			150	149
1348	11	40			150	150
1349	11	13			150	150
1350	11	13			150	121
1351	24	15			150	121
1352	40	13			150	150
1353	40	13			150	121
1354	37	14			150	121
1355	1	35			150	143
1356	1	35			121	143
1357	6	57			121	143
1358	5	133			150	150
1359	0	0			150	150
1360	0	0			147	137
1361	0	0			114	150
1362	0	0			133	150
1363	14	0			150	87
1364	79	113			150	150
1365	3	0			150	150
1366	2	6			150	150
1367	2	4			150	150
1368	0	1			150	150
1369	0	1			150	150
1370	0	0			84	93
1371	0	5			150	150
1372	0	0			110	150
1373	46	68			150	150
1374	55	91			150	150
1375	1	0			150	150
1376	0	2			137	150
1377	11	1			143	150
1378	252	272			150	150
1379	1	5			150	150
1380	242	4			150	150
1381	5	2			150	150
1382	1	0			150	150
1383	13	1			150	150
1384	2	0			150	150
1385	0	0			78	78
1386	0	1			150	150
1387	119	207			150	150
1388	159	267			150	150
1389	141	203			150	150
1390	141	3			150	118
1391	43	51			150	150
1392	58	58			150	144
1393	75	60			150	139
1394	85	56			150	150
1395	15	56			139	150
1396	63	57			139	150
1397	18	0			150	150
1398	10	16			150	150
1399	0	0			150	99
1400	0	17			150	81
1401	0	0			128	150
1402	16	23			150	150
1403	84	73			150	150
1404	127	55			150	150
1405	1	2			150	150
1406	6	5			150	150
1407	0	0			134	150
1408	0	0			114	150
1409	18	0			150	92
1410	1	2			150	127
1411	1	0			150	150
1412	1	79			150	150
1413	0	1			148	150
1414	166	180			150	150
1415	118	186			150	150
1416	5	0			150	150
1417	2	0			150	150
1418	2	0			150	150
1419	0	0			150	150
1420	0	0			150	150
1421	0	0			150	150
1422	0	0			150	150
1423	0	0			150	103
1424	0	0			150	150
1425	1	0			150	150
1426	2	104			144	150
1427	0	2			150	133
1428	0	0			150	150
1429	2	0			150	150
1430	3	1			149	149
1431	6	65			150	150
1432	3	65			150	150
1433	3	0			150	121
1434	0	3			150	150
1435	0	29			105	133
1436	99	99			150	150
1437	53	58			150	132
1438	40	47			150	150
1439	81	95			150	150
1440	97	30			150	123
1441	0	0			150	150
1442	1	0			150	150
1443	0	0			150	150
1444	0	0			150	150
1445	0	1			150	150
1446	0	0			121	147
1447	111	141			150	150
1448	4	50			150	150
1449	0	0			150	150
1450	20	24			124	150
1451	15	21			150	150
1452	5	8			150	140
1453	69	83			150	150
1454	3	2			150	150
1455	138	146			150	150
1456	10	4			150	150
1457	11	196			150	150
1458	138	160			150	150
1459	50	56			150	128
1460	27	31			150	150
1461	55	109			150	150
1462	0	0			144	131
1463	582	165			150	150
1464	0	0			126	150
1465	119	120			150	150
1466	141	69			150	120
1467	142	3			150	120
1468	138	1			150	120
1469	138	106			150	131
1470	1	106			120	131
1471	61	126			120	150
1472	58	111			120	131
1473	94	91			150	150
1474	104	168			150	150
1475	3	3			150	150
1476	4	6			150	121
1477	0	0			150	150
1478	531	33			150	150
1479	0	0			150	150
1480	6	0			99	99
1481	10	13			134	150
1482	14	13			150	150
1483	1	0			150	150
1484	20	31			129	150
1485	36	3			125	115
1486	16	16			150	138
1487	1	3			150	150
1488	0	1			150	150
1489	0	2			150	150
1490	0	0			141	150
1491	0	0			150	130
1492	0	0			150	130
1493	0	0			150	150
1494	0	0			150	150
1495	0	0			150	150
1496	0	0			150	150
1497	0	0			150	136
1498	335	289			150	150
1499	1	0			150	150
1500	97	102			141	143
1501	57	119			143	146
1502	110	88			146	133
1503	24	158			150	150
1504	43	158			150	150
1505	94	117			150	150
1506	4	14			146	150
1507	0	0			134	150
1508	0	0			96	96
1509	102	41			150	150
1510	99	59			150	150
1511	105	63			150	150
1512	1	112			150	150
1513	42	126			150	150
1514	4	34			150	150
1515	12	16			150	150
1516	0	0			147	141
1517	149	163			150	150
1518	52	157			150	150
1519	9	32			150	140
1520	148	51			150	150
1521	0	0			123	150
1522	0	0			123	150
1523	0	0			123	78
1524	0	0			150	78
1525	0	0			150	78
1526	38	47			143	150
1527	0	72			150	150
1528	91	0			79	79
1529	0	14			150	150
1530	0	0			150	150
1531	1	2			150	150
1532	37	40			150	150
1533	62	125			150	150
1534	4	3			150	150
1535	6	3			150	150
1536	23	14			150	150
1537	304	27			113	136
1538	0	0			150	150
1539	0	0			115	150
1540	0	0			139	128
1541	14	94			145	150
1542	44	94			148	150
1543	3	94			150	150
1544	0	0			108	123
1545	66	64			150	150
1546	66	58			150	150
1547	72	0			128	79
1548	0	7			150	150
1549	0	6			150	150
1550	7	6			150	150
1551	77	246			150	144
1552	157	0			150	76
1553	0	0			150	136
1554	1	0			150	150
1555	0	0			150	150
1556	0	0			150	150
1557	0	34			150	131
1558	0	34			150	131
1559	0	1			150	150
1560	0	0			150	122
1561	108	4			150	150
1562	54	139			150	150
1563	21	139			150	150
1564	0	0			150	150
1565	92	125			114	132
1566	1	2			150	150
1567	389	462			150	150
1568	345	512			150	150
1569	0	33			150	122
1570	0	0			150	150
1571	0	0			150	150
1572	31	56			150	150
1573	15	24			150	150
1574	31	44			150	150
1575	0	0			81	81
1576	17	35			130	150
1577	149	148			150	129
1578	0	23			96	96
1579	0	17			96	93
1580	83	189			118	150
1581	71	35			133	150
1582	45	133			105	150
1583	7	10			129	150
1584	0	0			150	150
1585	0	0			150	150
1586	0	2			142	150
1587	0	8			114	145
1588	14	1			141	150
1589	0	4			150	150
1590	0	1			150	150
1591	0	0			150	150
1592	0	5			150	145
1593	4	2			150	150
1594	4	1			150	150
1595	4	0			150	150
1596	4	5			150	145
1597	1	5			150	145
1598	0	5			150	145
1599	0	0			123	150
1600	0	0			150	108
1601	4	0			126	99
1602	4	5			150	150
1603	7	3			150	150
1604	6	3			150	150
1605	0	0			150	150
1606	0	0			150	150
1607	1	1			150	150
1608	0	0			96	90
1609	18	21			150	150
1610	87	70			150	150
1611	9	9			150	150
1612	162	0			150	150
1613	25	18			150	150
1614	28	34			150	150
1615	83	72			150	108
1616	1	2			150	150
1617	2468	4893			150	150
1618	3	18			150	150
1619	5	2			150	150
1620	0	2			150	150
1621	0	0			144	150
1622	0	0			150	150
1623	150	2			150	150
1624	25	45			150	150
1625	16	27			150	150
1626	8	8			150	150
1627	0	0			87	87
1628	0	0			150	147
1629	0	0			150	147
1630	2	14			79	150
1631	7	19			150	150
1632	3	19			150	150
1633	165	127			150	150
1634	214	88			150	150
1635	92	145			150	150
1636	142	28			150	150
1637	2	4			139	150
1638	65	159			145	150
1639	12	535			150	150
1640	70	100			150	150
1641	0	3			84	150
1642	0	0			150	150
1643	286	295			150	150
1644	16	51			150	150
1645	13	26			123	150
1646	7	2			150	150
1647	52	70			150	135
1648	39	42			150	150
1649	163	145			150	136
1650	0	14			98	98
1651	1172	944			148	150
1652	14	35			150	150
1653	0	0			140	125
1654	7	9			150	150
1655	0	0			150	107
1656	0	4			150	150
1657	10	27			106	150
1658	69	1			150	138
1659	76	137			138	150
1660	15	5			150	90
1661	6	5			150	150
1662	0	2			111	150
1663	0	0			150	150
1664	2	32			150	150
1665	1	21			120	150
1666	0	1			150	150
1667	0	106			132	150
1668	0	7			150	150
1669	0	7			105	150
1670	0	0			105	150
1671	0	0			150	150
1672	79	73			150	150
1673	41	53			126	150
1674	59	59			150	150
1675	0	136			82	150
1676	0	0			150	150
1677	0	0			150	150
1678	61	76			150	150
1679	7	0			150	150
1680	7	0			150	150
1681	22	0			150	150
1682	68	142			150	150
1683	34	3646			150	150
1684	2307	3646			111	150
1685	58	82			109	125
1686	59	81			110	125
1687	160	81			150	125
1688	2	0			147	150
1689	4187	2064			150	150
1690	4204	3369			150	150
1691	25	15			150	150
1692	49	42			150	126
1693	1	42			147	147
1694	0	0			150	150
1695	137	146			150	150
1696	1	0			150	150
1697	0	0			150	150
1698	0	0			150	150
1699	0	0			150	150
1700	0	119			150	150
1701	0	59			150	150
1702	1	1			106	106
1703	0	1			100	100
1704	49	46			150	150
1705	49	1			150	150
1706	610	0			150	150
1707	1299	0			150	150
1708	0	0			150	150
1709	182	252			150	150
1710	44	66			150	150
1711	319	0			150	150
1712	2	80			150	150
1713	2	112			150	150
1714	2	78			150	150
1715	0	0			150	150
1716	0	0			150	150
1717	0	0			131	150
1718	17	58			132	150
1719	127	126			150	150
1720	35	18			150	150
1721	99	7			150	150
1722	118	0			84	87
1723	1383	307			150	119
1724	1102	0			132	150
1725	6	0			138	115
1726	17	22			150	150
1727	34	27			150	150
1728	0	51			150	150
1729	306	527			150	150
1730	1062	174			150	150
1731	0	0			150	150
1732	0	0			150	108
1733	2	4			124	150
1734	1	7			150	150
1735	5	5			150	150
1736	15	16			150	150
1737	20	0			141	150
1738	0	0			150	137
1739	0	0			150	137
1740	0	0			150	150
1741	18	28			150	150
1742	0	0			123	150
1743	1	28			118	150
1744	218	119			150	135
1745	0	0			93	126
1746	0	100			150	150
1747	0	0			150	150
1748	0	0			150	150
1749	33	44			150	150
1750	31	34			150	150
1751	0	13			150	150
1752	25	46			150	150
1753	61	3			150	129
1754	3	0			150	150
1755	4	3			150	143
1756	0	0			150	98
1757	0	0			150	98
1758	17	69			150	150
1759	216	325			147	135
1760	499	438			150	144
1761	11	4			150	128
1762	0	3			150	150
1763	56	46			150	150
1764	50	69			150	150
1765	32	43			150	139
1766	0	6			150	150
1767	274	477			150	150
1768	274	433			150	150
1769	4545	303			150	117
1770	7	11			150	150
1771	0	0			150	145
1772	33	0			150	150
1773	57	51			150	150
1774	39	71			150	150
1775	1	1			150	150
1776	0	1			129	114
1777	16	302			150	150
1778	17	58			135	150
1779	40	28			142	150
1780	0	0			144	150
1781	0	0			144	150
1782	0	0			150	150
1783	12	7			150	132
1784	472	353			150	150
1785	83	67			150	150
1786	11	0			142	150
1787	0	27			96	93
1788	8	6			150	150
1789	17	13			150	150
1790	0	0			150	98
1791	0	0			150	98
1792	119	0			120	150
1793	98	33			150	117
1794	76	104			150	150
1795	29	1192			150	150
1796	14	1192			150	150
1797	1	0			150	150
1798	2	6			150	150
1799	15	2			150	150
1800	39	13			150	150
1801	0	0			99	132
1802	24	64			150	150
1803	24	72			150	135
1804	64	72			150	135
1805	40	51			150	150
1806	0	4			149	150
1807	0	1			149	150
1808	18	20			150	150
1809	16	8			150	150
1810	16	2			150	150
1811	15	10			150	150
1812	1	16			150	150
1813	9	16			150	150
1814	11	79			150	150
1815	30	27			150	150
1816	34	46			150	150
1817	16	27			149	150
1818	28	17			150	150
1819	0	95			150	150
1820	0	0			77	150
1821	7	7			146	146
1822	121	125			150	150
1823	20	20			150	150
1824	32	1			150	80
1825	28	22			150	150
1826	174	157			150	150
1827	376	473			135	145
1828	536	456			145	150
1829	13	17			150	150
1830	106	2			150	135
1831	116	34			150	150
1832	209	54			144	144
1833	0	0			111	150
1834	61	44			145	150
1835	11	61			150	150
1836	8	4			150	150
1837	5	4			150	150
1838	154	215			137	150
1839	226	175			150	137
1840	4	7			150	150
1841	4	2			150	150
1842	0	9			150	150
1843	0	0			150	150
1844	0	0			150	79
1845	8	0			150	150
1846	2	0			125	150
1847	3	0			125	150
1848	0	0			127	150
1849	2	0			125	150
1850	3	1			131	125
1851	65	3			150	150
1852	0	0			116	150
1853	4	5			150	150
1854	2	0			150	150
1855	0	0			150	150
1856	0	2			150	150
1857	47	49			150	150
1858	11	11			150	150
1859	1	1			150	150
1860	0	0			150	150
1861	0	0			150	150
1862	108	122			150	150
1863	0	0			150	150
1864	306	235			150	141
1865	63	84			150	150
1866	2	0			127	150
1867	2	47			133	150
1868	1	0			104	150
1869	0	0			132	150
1870	42	0			150	150
1871	58	44			150	150
1872	0	0			93	93
1873	0	0			93	150
1874	7	14			150	141
1875	18	17			150	150
1876	13	0			150	150
1877	13	34			150	149
1878	0	34			150	149
1879	15	104			150	150
1880	0	0			150	114
1881	0	0			150	114
1882	3	2			150	150
1883	3	0			150	150
1884	0	2			150	150
1885	0	6			150	150
1886	4	2			134	150
1887	4	0			134	150
1888	1	14			134	150
1889	2	0			150	150
1890	2	6			150	150
1891	0	1			150	150
1892	0	0			150	137
1893	0	0			150	137
1894	0	0			150	150
1895	1	23			150	150
1896	38	11			150	150
1897	9	177			150	150
1898	9	175			150	150
1899	0	0			150	150
1900	4	0			150	122
1901	0	80			150	150
1902	5	95			150	150
1903	10	15			150	150
1904	228	275			150	150
1905	99	286			119	150
1906	74	87			150	150
1907	1	87			150	150
1908	17	18			150	150
1909	38	34			114	150
1910	0	2			135	117
1911	0	2			108	117
1912	0	0			108	135
1913	0	0			108	135
1914	37	0			148	148
1915	7	14			142	150
1916	17	15			120	150
1917	16	12			150	142
1918	0	11			120	142
1919	0	7			117	150
1920	18	7			120	150
1921	0	8			117	150
1922	0	8			120	150
1923	0	14			150	150
1924	5	16			150	150
1925	0	0			150	150
1926	3	0			135	147
1927	0	10			115	130
1928	0	35			115	130
1929	10	15			150	150
1930	0	0			150	150
1931	3	5			133	122
1932	3	5			133	150
1933	5	5			122	150
1934	23	2			150	150
1935	0	3			93	93
1936	6	13			121	150
1937	13	5			150	121
1938	2	27			123	150
1939	0	0			150	117
1940	1469	1454			150	150
1941	0	0			121	150
1942	0	0			150	150
1943	0	0			121	150
1944	0	0			84	84
1945	0	0			150	84
1946	0	0			150	84
1947	63	0			150	150
1948	31	20			147	147
1949	87	108			150	133
1950	12	23			150	150
1951	0	0			150	150
1952	3	6			139	150
1953	0	0			150	150
1954	29	11			129	150
1955	1	3			150	150
1956	314	384			150	146
1957	285	321			146	150
1958	5	12			150	150
1959	118	80			150	150
1960	0	1			150	150
1961	2	2			150	129
1962	667	1005			150	150
1963	133	131			150	150
1964	82	127			150	150
1965	0	0			109	150
1966	66	65			150	150
1967	10	3			150	150
1968	150	209			126	150
1969	79	205			105	150
1970	18	26			150	150
1971	16	43			150	150
1972	95	137			150	150
1973	0	0			150	150
1974	0	4			150	150
1975	0	4			150	150
1976	7	10			123	150
1977	0	2			93	93
1978	17	12			150	140
1979	0	0			150	150
1980	12	15			142	136
1981	182	322			139	150
1982	1	2			150	150
1983	0	0			115	118
1984	11	7			150	123
1985	42	13			150	150
1986	6	27			150	150
1987	6	0			150	150
1988	28	15			143	150
1989	0	0			150	150
1990	1	0			99	126
1991	0	0			99	102
1992	1	0			102	126
1993	1	0			102	129
1994	91	51			150	102
1995	65	77			150	150
1996	1	0			150	150
1997	223	64			150	150
1998	0	0			150	98
1999	0	0			150	98
2000	7	1			139	150
2001	6	5			150	150
2002	3	0			150	150
2003	0	3			150	150
2004	0	6			150	150
2005	164	49			135	141
2006	9	8			150	150
2007	0	0			147	127
2008	46	28			150	150
2009	61	47			150	109
2010	111	6			142	150
2011	65	25			150	142
2012	19	44			150	129
2013	0	0			102	99
2014	20	34			150	150
2015	0	0			97	150
2016	172	154			150	150
2017	0	0			93	90
2018	0	50			102	150
2019	0	49			102	150
2020	78	85			150	150
2021	0	0			150	99
2022	0	7			148	78
2023	15	0			123	99
2024	20	30			150	150
2025	16	18			150	150
2026	12	24			150	142
2027	7	14			150	150
2028	7	5			150	150
2029	1	0			144	81
2030	0	0			120	150
2031	247	3			150	150
2032	25	1			150	121
2033	14	29			150	150
2034	1	0			108	96
2035	1	0			150	96
2036	1	1			150	108
2037	0	0			150	111
2038	5	28			150	150
2039	5	76			150	150
2040	13	49			150	150
2041	4	10			150	150
2042	1	0			150	150
2043	0	0			125	150
2044	26	0			150	150
2045	0	0			150	150
2046	0	0			150	150
2047	16	0			150	97
2048	151	151			139	150
2049	1	1			150	150
2050	0	1			150	117
2051	37	43			150	149
2052	0	0			150	150
2053	0	0			150	150
2054	0	0			150	150
2055	0	0			150	150
2056	0	0			150	150
2057	0	0			150	150
2058	0	0			150	150
2059	14	0			150	150
2060	0	0			150	150
2061	9	64			111	150
2062	85	96			150	150
2063	3	5			150	150
2064	0	0			87	87
2065	2	0			150	150
2066	32	51			150	150
2067	17	70			150	150
2068	32	1			150	150
2069	32	40			150	150
2070	105	1			150	150
2071	82	85			150	150
2072	2	1			150	150
2073	1	46			150	150
2074	7	47			150	150
2075	45	55			150	150
2076	49	37			150	133
2077	45	46			150	150
2078	86	0			120	150
2079	97	78			150	150
2080	5	85			131	150
2081	0	0			150	150
2082	1	2			150	150
2083	1	0			150	150
2084	4	4			150	146
2085	2	4			150	146
2086	2	4			150	150
2087	1	38			150	150
2088	22	16			150	150
2089	23	30			150	150
2090	0	0			150	150
2091	0	1			150	150
2092	0	1			150	150
2093	28	19			150	147
2094	122	157			150	150
2095	23	12			150	150
2096	1	0			150	150
2097	80	1			150	150
2098	2	141			150	150
2099	0	0			138	150
2100	0	0			138	150
2101	0	0			150	150
2102	0	0			150	138
2103	0	0			150	138
2104	5	13			150	150
2105	57	112			150	150
2106	0	0			139	150
2107	15	10			150	150
2108	0	0			150	150
2109	94	143			150	150
2110	118	101			150	150
2111	0	1			108	150
2112	0	0			144	147
2113	0	0			150	150
2114	234	0			150	150
2115	196	7			150	150
2116	69	68			150	150
2117	0	0			83	77
2118	0	0			150	133
2119	0	0			150	150
2120	0	0			150	87
2121	0	0			87	150
2122	0	0			150	150
2123	95	96			149	150
2124	38	34			150	150
2125	85	86			150	150
2126	18	21			150	150
2127	30	21			150	150
2128	12	3			150	114
2129	522	1194			150	150
2130	2	9			150	150
2131	0	12			118	150
2132	43	47			150	150
2133	0	0			150	150
2134	32	20			150	124
2135	268	380			150	150
2136	115	94			150	150
2137	12	31			150	150
2138	0	11			150	150
2139	0	17			150	150
2140	0	0			150	150
2141	24	37			150	150
2142	24	45			150	150
2143	0	0			150	141
2144	2	2			150	150
2145	0	0			123	150
2146	6	1			150	150
2147	0	2			150	150
2148	1	1			150	129
2149	4	5			150	150
2150	0	0			125	150
2151	0	28			150	150
2152	0	2			150	129
2153	197	62			150	150
2154	0	0			150	133
2155	37	62			150	150
2156	3	80			150	149
2157	11	178			150	149
2158	0	0			129	150
2159	150	148			150	150
2160	53	96			126	150
2161	0	0			130	150
2162	0	0			93	150
2163	99	114			150	150
2164	0	3			150	150
2165	1	3			150	150
2166	1	0			150	150
2167	112	104			150	150
2168	15	11			148	150
2169	13	11			150	148
2170	13	7			150	126
2171	1	1			120	90
2172	1	1			120	90
2173	1	1			90	90
2174	11	14			150	144
2175	45	40			150	150
2176	23	10			150	102
2177	0	0			150	98
2178	0	0			150	98
2179	85	67			150	145
2180	0	56			150	150
2181	0	56			109	150
2182	0	0			109	150
2183	21	150			150	150
2184	21	67			150	150
2185	1	9			150	150
2186	2	3			150	150
2187	0	0			135	149
2188	0	0			150	135
2189	194	7			108	111
2190	4	1			143	134
2191	47	53			150	105
2192	43	68			105	141
2193	7	3			150	140
2194	88	0			150	149
2195	88	29			150	150
2196	0	37			149	150
2197	61	135			128	150
2198	108	154			150	150
2199	31	54			150	150
2200	0	0			150	150
2201	313	2476			150	149
2202	2706	2476			150	149
2203	2	38			150	150
2204	2	38			150	150
2205	2	38			150	150
2206	28	19			122	150
2207	0	0			150	150
2208	0	0			150	150
2209	0	0			150	150
2210	0	0			150	150
2211	0	0			150	150
2212	0	0			150	150
2213	0	0			150	150
2214	0	0			150	150
2215	0	0			150	150
2216	33	52			149	150
2217	84	82			150	150
2218	28	55			144	150
2219	0	0			150	134
2220	91	148			150	150
2221	5	3			147	150
2222	204	287			150	150
2223	1	0			150	150
2224	0	0			150	150
2225	37	2			150	87
2226	4	2			87	87
2227	0	1			138	150
2228	0	1			138	150
2229	0	1			150	150
2230	0	0			150	138
2231	0	1			150	138
2232	4	45			150	150
2233	78	108			150	150
2234	41	48			105	103
2235	170	160			150	150
2236	0	0			150	150
2237	1	53			150	150
2238	0	38			150	150
2239	16	0			150	150
2240	9	0			150	150
2241	321	3			150	150
2242	321	0			150	77
2243	3	0			150	77
2244	0	0			150	150
2245	0	0			127	127
2246	0	0			150	150
2247	0	2			127	127
2248	0	2			127	127
2249	0	0			127	127
2250	3	62			150	150
2251	0	0			150	126
2252	24	55			150	150
2253	0	1			150	150
2254	10	20			147	150
2255	5	0			135	150
2256	5	3			150	150
2257	2	1			150	150
2258	37	77			116	150
2259	60	180			150	150
2260	77	180			150	150
2261	96	144			150	150
2262	59	0			87	87
2263	59	0			87	150
2264	0	0			150	103
2265	0	0			150	150
2266	5	4			112	150
2267	143	55			150	130
2268	2	11			150	116
2269	13	11			150	116
2270	2	35			150	150
2271	13	35			150	150
2272	422	223			105	98
2273	450	238			129	150
2274	450	344			129	105
2275	379	345			129	105
2276	267	216			150	150
2277	1	108			138	150
2278	0	21			102	99
2279	380	149			144	111
2280	7	0			150	150
2281	14	3			150	106
2282	16	3			129	141
2283	0	1			150	150
2284	1	1			150	150
2285	0	0			150	150
2286	2	0			150	150
2287	0	0			136	150
2288	0	0			150	150
2289	0	6			150	150
2290	18	6			150	114
2291	7	8			150	150
2292	0	173			111	121
2293	69	58			141	150
2294	7	5			150	150
2295	0	0			150	150
2296	23	79			141	150
2297	22	51			141	135
2298	0	0			99	99
2299	2	0			134	99
2300	21	2			150	134
2301	10	0			150	134
2302	0	0			150	150
2303	0	1			83	83
2304	0	0			83	110
2305	0	0			83	83
2306	0	0			110	83
2307	1	0			132	141
2308	0	2			99	99
2309	0	8			120	117
2310	4	0			150	150
2311	143	97			150	150
2312	0	3			92	95
2313	168	2125			150	150
2314	12	5			150	150
2315	148	96			150	92
2316	72	96			150	92
2317	0	0			111	150
2318	74	58			144	142
2319	48	0			150	108
2320	0	0			147	150
2321	0	0			129	150
2322	0	0			129	150
2323	0	0			129	150
2324	0	1			129	150
2325	0	0			129	150
2326	0	0			150	150
2327	0	1			150	150
2328	0	0			150	150
2329	0	0			150	150
2330	0	1			150	150
2331	0	0			150	150
2332	0	0			150	150
2333	1	0			150	150
2334	0	0			150	150
2335	0	1			150	123
2336	4	3			150	150
2337	2	4			150	150
2338	3	8			150	150
2339	0	0			150	150
2340	0	0			150	150
2341	0	19			150	138
2342	0	0			150	146
2343	0	163			150	150
2344	34	66			150	150
2345	26	46			109	143
2346	58	54			150	150
2347	0	70			139	148
2348	0	0			150	144
2349	0	0			150	150
2350	52	99			150	147
2351	26	21			144	150
2352	28	38			150	149
2353	43	59			150	150
2354	0	0			150	111
2355	0	0			150	150
2356	0	0			150	150
2357	61	163			150	150
2358	13	0			150	120
2359	4	5			150	150
2360	7	5			150	144
2361	1	0			129	150
2362	13	2			150	117
2363	6	66			150	150
2364	1	45			129	150
2365	23	1			150	150
2366	8	193			150	150
2367	8	17			150	150
2368	0	0			150	109
2369	0	2			94	94
2370	3	2			150	150
2371	1	1			150	150
2372	82	1			150	150
2373	82	1			150	150
2374	0	2			121	133
2375	118	1			150	103
2376	27	6			145	150
2377	15	12			145	150
2378	0	0			126	150
2379	94	70			150	150
2380	0	0			119	150
2381	0	0			150	99
2382	0	0			116	99
2383	0	0			116	150
2384	0	0			150	150
2385	0	0			150	150
2386	30	5			150	150
2387	11	88			150	150
2388	100	88			150	150
2389	3	4			150	150
2390	6	0			150	150
2391	32	2			150	150
2392	6	9			150	150
2393	0	103			150	150
2394	0	101			150	150
2395	148	135			150	150
2396	1	7			150	150
2397	1	1			150	149
2398	10	9			150	150
2399	0	0			150	150
2400	4	0			135	135
2401	2	0			150	150
2402	3	2			150	108
2403	0	0			150	150
2404	2	29			109	150
2405	71	97			131	150
2406	25	81			150	150
2407	0	0			150	150
2408	7	1			150	111
2409	0	1			150	138
2410	0	1			150	150
2411	9	8			150	150
2412	23	11			150	150
2413	0	0			123	150
2414	0	0			143	137
2415	0	0			150	150
2416	3	2			150	150
2417	0	11			78	78
2418	0	0			93	93
2419	1	1			150	150
2420	407	2			150	150
2421	0	0			90	78
2422	0	0			117	78
2423	1	2			150	150
2424	12	28			130	150
2425	44	37			150	150
2426	28	1			150	150
2427	12	30			150	150
2428	58	49			150	150
2429	124	1			150	150
2430	18	0			150	150
2431	29	16			149	117
2432	14	18			150	150
2433	2	0			150	150
2434	3	4			150	150
2435	0	3			127	150
2436	1	0			150	150
2437	0	0			150	150
2438	3	1			150	150
2439	90	93			150	150
2440	0	0			150	150
2441	25	0			150	150
2442	1	3			150	150
2443	11	4			150	150
2444	1	15			137	150
2445	12	1			150	137
2446	18	5			150	113
2447	27	5			150	113
2448	15	12			150	113
2449	4	0			150	150
2450	0	0			150	150
2451	59	53			150	150
2452	0	1			150	150
2453	0	1			125	150
2454	10	7			150	150
2455	7	14			150	150
2456	34	25			150	150
2457	28	17			150	150
2458	2	59			150	150
2459	12	38			150	150
2460	11	154			150	150
2461	24	41			150	150
2462	5	6			150	150
2463	5	8			150	150
2464	0	14			150	150
2465	15	17			150	150
2466	27	46			150	150
2467	29	0			150	150
2468	16	17			150	150
2469	7	5			124	117
2470	49	78			150	150
2471	0	0			150	150
2472	4	2			132	120
2473	11	3			141	120
2474	7	16			141	138
2475	0	10			93	93
2476	3	2			90	150
2477	82	9			150	150
2478	0	0			131	141
2479	4	0			150	96
2480	193	300			150	150
2481	0	0			150	150
2482	1	8			150	150
2483	2	3			150	150
2484	0	11			150	150
2485	0	0			150	150
2486	2	0			150	150
2487	0	2			150	150
2488	2	4			81	150
2489	15	6			117	150
2490	11	29			147	150
2491	0	0			150	150
2492	0	1			150	150
2493	2	0			145	150
2494	1	1			130	150
2495	0	0			138	120
2496	75	9			150	127
2497	3	11			119	125
2498	0	0			150	150
2499	139	76			150	150
2500	0	0			81	81
2501	22	24			150	150
2502	0	0			150	150
2503	15	16			150	150
2504	5	5			150	150
2505	152	207			150	150
2506	1	0			150	150
2507	0	0			150	150
2508	1	30			150	115
2509	0	0			150	150
2510	0	0			145	150
2511	118	91			150	150
2512	47	1			150	144
2513	0	0			123	150
2514	0	0			93	93
2515	0	0			150	137
2516	0	0			150	150
2517	0	0			150	135
2518	0	0			150	133
2519	0	0			133	150
2520	166	248			128	150
2521	11	54			150	150
2522	102	203			150	150
2523	208	192			150	150
2524	44	26			150	121
2525	23	5			126	126
2526	7	20			126	138
2527	165	191			150	150
2528	2	72			149	150
2529	20	59			150	150
2530	34	28			150	150
2531	1	3			150	150
2532	26	27			150	150
2533	35	70			150	150
2534	35	23			150	150
2535	27	17			150	117
2536	24	34			150	150
2537	7	9			150	145
2538	35	46			150	150
2539	93	108			146	149
2540	15	86			150	150
2541	0	0			150	150
2542	175	259			150	150
2543	320	332			150	150
2544	0	0			150	150
2545	7	80			142	150
2546	25	21			142	113
2547	71	45			150	150
2548	67	70			150	150
2549	15	16			150	150
2550	18	17			150	150
2551	0	0			150	150
2552	27	20			150	150
2553	9	7			150	150
2554	90	3			150	150
2555	5	0			150	125
2556	56	72			150	150
2557	0	0			150	150
2558	32	0			150	150
2559	32	0			150	150
2560	134	135			150	150
2561	46	74			147	150
2562	0	0			150	98
2563	0	0			150	98
2564	0	0			150	150
2565	3	0			150	150
2566	105	149			150	150
2567	0	0			150	150
2568	0	0			150	150
2569	0	0			150	150
2570	0	0			150	114
2571	65	94			150	147
2572	50	45			150	125
2573	4	26			150	150
2574	16	16			150	150
2575	10	7			127	150
2576	0	0			123	150
2577	49	47			137	150
2578	424	385			150	150
2579	6	10			123	132
2580	289	543			150	150
2581	211	280			150	150
2582	0	0			96	99
2583	0	0			150	150
2584	0	0			150	125
2585	51	82			150	150
2586	31	58			150	150
2587	54	93			150	150
2588	0	2			147	147
2589	0	2			147	147
2590	0	3			150	150
2591	9	6			150	150
2592	4	0			150	150
2593	3	0			150	150
2594	0	0			94	94
2595	0	0			87	87
2596	0	0			87	87
2597	0	0			87	87
2598	0	0			150	150
2599	37	45			150	150
2600	36	26			150	150
2601	68	4			150	150
2602	556	242			150	150
2603	14	25			150	150
2604	17	5			138	150
2605	15	21			138	150
2606	584	273			150	150
2607	195	29			150	134
2608	8	0			150	150
2609	4	0			150	150
2610	2	0			150	150
2611	0	0			141	150
2612	0	0			141	150
2613	6	5			150	150
2614	20	15			150	144
2615	91	0			150	150
2616	1	4			150	150
2617	1	54			150	146
2618	1	30			150	137
2619	4	54			150	146
2620	4	30			150	137
2621	0	3			150	147
2622	0	0			123	150
2623	8	2			138	150
2624	3	1			150	150
2625	2	0			150	150
2626	2	1			150	150
2627	0	1			150	150
2628	22	35			150	150
2629	254	40			145	150
2630	323	12			145	150
2631	323	10			145	147
2632	323	108			145	147
2633	323	12			145	150
2634	12	108			150	147
2635	12	12			150	150
2636	34	147			150	147
2637	34	51			150	150
2638	10	108			147	147
2639	10	12			147	150
2640	0	142			146	147
2641	0	0			150	150
2642	32	7			150	150
2643	8	1			150	150
2644	4	1			150	150
2645	4	1			150	150
2646	15	22			150	150
2647	5	12			150	150
2648	29	27			150	150
2649	50	173			129	150
2650	41	77			150	150
2651	0	77			144	150
2652	41	80			150	150
2653	41	57			131	150
2654	0	23			125	122
2655	41	91			150	150
2656	0	11			150	150
2657	0	0			109	143
2658	0	0			150	150
2659	2	0			150	150
2660	2	0			150	150
2661	4	3			126	148
2662	10	7			126	148
2663	10	13			126	148
2664	7	13			148	148
2665	13	9			148	148
2666	92	168			128	150
2667	47	109			117	128
2668	25	11			150	104
2669	23	27			150	150
2670	54	64			150	150
2671	51	62			150	150
2672	0	0			150	150
2673	5	3			150	150
2674	20	40			150	150
2675	28	165			120	117
2676	94	81			146	131
2677	0	0			150	150
2678	0	0			150	150
2679	0	7			150	150
2680	23	23			150	123
2681	23	19			150	118
2682	6	15			150	127
2683	1	110			150	150
2684	3	5			150	150
2685	7	3			150	150
2686	0	0			140	150
2687	0	0			123	140
2688	0	1			150	150
2689	46	78			150	150
2690	0	0			123	150
2691	11	7			150	150
2692	56	95			150	150
2693	439	412			150	138
2694	401	443			150	150
2695	292	354			145	136
2696	4	48			150	150
2697	0	0			147	150
2698	1771	5946			134	150
2699	46	10			150	150
2700	39	10			150	150
2701	27	17			150	150
2702	13	17			130	150
2703	502	17			150	150
2704	502	27			150	150
2705	502	13			150	130
2706	96	0			150	103
2707	70	63			143	150
2708	0	111			150	150
2709	0	1			150	150
2710	0	1			142	116
2711	0	0			150	150
2712	13	29			110	150
2713	18	18			150	122
2714	0	0			150	148
2715	144	462			150	150
2716	248	463			150	150
2717	52	546			150	150
2718	49	546			150	150
2719	56	67			150	150
2720	50	0			150	150
2721	0	0			150	150
2722	0	11			150	150
2723	15	7			126	150
2724	41	38			150	150
2725	0	0			150	150
2726	55	95			150	150
2727	66	85			150	139
2728	14	9			150	150
2729	4	22			126	150
2730	12	28			150	150
2731	12	17			150	150
2732	0	0			96	102
2733	0	0			96	96
2734	226	36			150	150
2735	222	2			87	87
2736	25	21			150	150
2737	0	0			150	150
2738	0	0			150	150
2739	0	0			132	150
2740	0	0			150	150
2741	2	48			150	150
2742	0	5			150	121
2743	0	0			109	150
2744	0	20			150	150
2745	0	20			150	150
2746	4	20			150	150
2747	1	20			150	150
2748	0	0			150	150
2749	4	0			150	150
2750	1	0			150	150
2751	4	0			150	150
2752	1	0			150	150
2753	1	4			150	150
2754	0	0			123	150
2755	89	137			150	150
2756	90	165			136	150
2757	90	158			150	150
2758	8	7			150	150
2759	0	1			90	150
2760	10	13			145	136
2761	0	0			129	129
2762	20	107			150	150
2763	0	0			78	78
2764	0	0			78	78
2765	0	0			78	78
2766	7	2			150	111
2767	38	0			150	150
2768	0	0			150	150
2769	0	0			150	150
2770	56	47			150	150
2771	0	0			96	150
2772	0	0			150	147
2773	28	15			150	150
2774	0	3			150	147
2775	2	2			141	135
2776	7	6			150	150
2777	59	127			150	150
2778	43	40			128	146
2779	3	1			150	150
2780	28	0			150	108
2781	1	3			150	150
2782	0	1			150	150
2783	4	9			150	150
2784	48	4			150	150
2785	81	125			150	150
2786	5	13			150	150
2787	2	6			150	150
2788	26	80			111	150
2789	68	13			150	105
2790	29	14			117	105
2791	3	8			150	148
2792	76	136			150	150
2793	274	198			150	150
2794	41	35			150	150
2795	28	28			150	150
2796	6	16			101	130
2797	20	41			150	150
2798	5	41			150	150
2799	19	28			150	150
2800	43	0			150	150
2801	0	160			119	150
2802	0	0			150	150
2803	0	0			123	150
2804	0	0			150	150
2805	185	176			150	150
2806	2	0			150	132
2807	25	60			150	150
2808	65	60			150	150
2809	181	92			142	119
2810	102	200			119	150
2811	0	0			138	150
2812	1	0			150	150
2813	11	214			101	150
2814	0	0			150	150
2815	0	0			150	150
2816	0	0			150	150
2817	0	0			148	150
2818	0	0			150	150
2819	0	0			138	140
2820	0	0			150	150
2821	0	0			128	150
2822	0	0			150	150
2823	5	0			150	98
2824	5	1			150	98
2825	5	30			150	150
2826	73	104			150	150
2827	73	14			150	150
2828	84	120			150	150
2829	0	3			147	141
2830	23	42			150	150
2831	31	50			150	150
2832	43	16			150	129
2833	0	0			96	96
2834	24	19			150	150
2835	33	40			128	112
2836	0	79			150	128
2837	1006	1478			150	150
2838	86	67			149	150
2839	56	68			146	149
2840	42	82			123	146
2841	31	32			141	123
2842	0	13			129	149
2843	1	13			150	139
2844	3	3			150	150
2845	40	65			150	150
2846	394	379			150	150
2847	0	0			147	141
2848	2	1			150	150
2849	5074	6642			150	150
2850	41	3			150	150
2851	55	80			150	150
2852	0	3			150	130
2853	99	108			150	150
2854	10	19			150	150
2855	18	1			150	150
2856	18	12			150	150
2857	24	11			150	150
2858	15	3			130	150
2859	0	0			150	150
2860	1	0			150	150
2861	0	2			110	150
2862	1	35			110	150
2863	0	1			150	150
2864	0	5			150	114
2865	0	0			102	132
2866	3	17			150	150
2867	0	0			150	150
2868	10	4			150	150
2869	20	14			150	150
2870	14	15			150	150
2871	8	20			150	150
2872	2	4			150	150
2873	1	2			150	150
2874	12	0			150	116
2875	15	0			132	116
2876	0	12			150	150
2877	13	16			120	144
2878	311	351			150	150
2879	481	364			150	150
2880	4	52			81	150
2881	47	45			150	150
2882	6	4			132	150
2883	4	0			150	147
2884	0	0			145	150
2885	0	2			150	150
2886	46	110			120	150
2887	5	11			150	150
2888	1	5			116	150
2889	631	0			87	150
2890	0	0			150	103
2891	0	0			150	150
2892	0	0			150	150
2893	144	130			150	150
2894	2	0			150	150
2895	0	0			150	128
2896	1	2			150	150
2897	0	0			150	148
2898	4	3			150	150
2899	4	1			150	112
2900	2	0			150	150
2901	19	0			145	150
2902	0	0			105	147
