ID	IJC_SAMPLE_1	SJC_SAMPLE_1	IJC_SAMPLE_2	SJC_SAMPLE_2	IncFormLen	SkipFormLen
0	0	0			247	137
1	0	0			367	137
2	0	0			367	247
3	0	0			168	98
4	0	0			168	98
5	0	0			138	255
6	0	0			138	255
7	0	0			153	255
8	0	0			153	138
9	0	0			153	138
10	0	0			247	137
11	0	0			367	137
12	0	0			367	247
13	0	0			138	255
14	0	0			138	255
15	0	0			153	255
16	0	0			153	138
17	0	0			153	138
18	0	0			123	165
19	0	0			247	137
20	0	0			367	137
21	0	0			367	247
22	0	0			138	255
23	0	0			138	255
24	0	0			153	255
25	0	0			153	138
26	0	0			153	138
27	0	0			174	214
28	0	0			224	108
29	0	0			192	111
30	0	0			123	165
31	0	0			247	137
32	0	0			367	137
33	0	0			367	247
34	0	0			138	255
35	0	0			138	255
36	0	0			153	255
37	0	0			153	138
38	0	0			153	138
39	0	0			123	165
40	0	0			247	137
41	0	0			367	137
42	0	0			367	247
43	0	0			168	98
44	0	0			168	98
45	0	0			192	111
46	0	0			179	259
47	0	0			259	333
48	0	0			193	192
49	0	0			147	141
50	0	0			218	103
51	0	0			360	151
52	0	0			193	192
53	0	0			111	153
54	0	0			218	103
55	0	0			360	151
56	0	0			147	141
57	0	0			218	103
58	0	0			360	151
59	0	0			193	192
60	0	0			147	141
61	0	0			111	153
62	0	0			193	192
63	0	0			147	141
64	0	0			372	372
65	0	0			218	103
66	0	0			360	151
67	0	0			84	102
68	0	0			148	226
69	0	0			165	238
70	0	0			231	174
71	0	0			141	312
72	0	0			138	297
73	0	0			1374	252
74	0	0			99	126
75	0	0			99	102
76	0	0			102	126
77	0	0			102	129
78	0	0			170	186
79	0	0			206	217
80	0	0			230	203
81	0	0			403	121
82	0	0			182	177
83	0	0			284	177
84	0	0			172	246
85	0	0			172	153
86	0	0			232	211
87	0	0			232	170
88	0	0			190	183
89	0	0			166	291
90	0	0			160	108
91	0	0			126	179
92	0	0			218	103
93	0	0			360	151
94	0	0			173	173
95	0	0			372	372
96	0	0			210	165
97	0	0			123	165
98	0	0			106	170
99	0	0			420	238
100	12	63			138	297
101	12	21			170	186
102	18	20			169	147
103	0	0			193	192
104	0	0			192	111
105	0	0			231	231
106	15	55			117	214
107	1	6			194	457
108	0	629			115	205
109	6	0			111	105
110	0	0			217	183
111	28	342			124	197
112	0	0			193	114
113	1	4			213	123
114	0	0			184	222
115	39	48			206	217
116	128	1			175	121
117	98	1			175	121
118	256	0			1266	192
119	3	0			93	90
120	20	25			210	231
121	1	16			144	111
122	0	0			93	93
123	0	0			206	126
124	0	0			206	235
125	0	0			126	235
126	13	25			159	177
127	106	132			167	168
128	300	19			153	210
129	117	48			160	120
130	1	0			175	160
131	75	81			268	170
132	23	52			123	140
133	3	8			211	172
134	0	0			420	238
135	134	147			181	172
136	218	231			293	254
137	82	46			252	146
138	1	132			188	185
139	2887	3169			195	207
140	47	319			262	738
141	5	5			163	207
142	0	0			136	168
143	0	0			182	221
144	6	48			159	163
145	400	296			255	210
146	0	8			167	212
147	17	43			142	227
148	135	9			2424	234
149	0	7			167	195
150	11	26			263	215
151	22	0			215	169
152	34	1			115	118
153	269	227			154	146
154	9	35			162	239
155	27	0			223	434
156	23	0			223	113
157	27	0			223	113
158	14	1			282	254
159	233	175			242	186
160	155	175			245	186
161	35	152			105	288
162	51	167			195	212
163	4	18			267	146
164	4	20			267	229
165	14	18			190	146
166	14	20			190	229
167	18	20			146	229
168	1	2			146	153
169	0	4			153	119
170	0	2			153	130
171	4	2			153	119
172	4	2			119	130
173	0	19			154	255
174	14	5			255	130
175	12	158			121	204
176	5	172			121	204
177	28	172			175	204
178	40	172			180	204
179	28	5			175	121
180	40	5			180	121
181	3	17			147	144
182	0	6			175	215
183	0	0			185	133
184	7	3			129	148
185	9	5			1030	221
186	2	5			197	221
187	59	48			254	254
188	26	81			199	233
189	0	0			141	175
190	1	6			219	184
191	428	73			243	132
192	206	268			204	199
193	38	82			191	294
194	88	223			289	243
195	142	223			211	243
196	4	4			300	144
197	10	34			117	243
198	244	130			585	456
199	244	105			585	318
200	86	235			228	585
201	70	83			216	228
202	0	0			222	207
203	4	0			645	198
204	0	0			123	182
205	10	130			193	225
206	138	248			255	318
207	1	196			155	164
208	5	32			232	266
209	24	43			159	162
210	22	43			156	162
211	3	6			357	155
212	383	96			148	230
213	63	169			218	204
214	49	69			201	217
215	18	60			166	217
216	1	14			151	192
217	73	144			148	123
218	0	0			141	139
219	2	0			163	118
220	610	41			161	222
221	610	67			161	278
222	0	0			183	168
223	0	0			150	222
224	0	0			319	319
225	210	320			154	203
226	6	5			192	122
227	84	724			174	211
228	686	860			211	221
229	120	177			186	197
230	1	0			193	193
231	19	1			106	226
232	55	352			152	265
233	1	14			97	97
234	0	0			111	153
235	0	0			218	103
236	0	0			360	151
237	18	6			247	177
238	101	96			257	228
239	36	177			147	285
240	0	0			249	373
241	1	0			136	229
242	0	0			147	229
243	45	29			133	243
244	158	104			207	143
245	102	14			451	197
246	0	9			148	198
247	18	23			242	213
248	216	254			163	162
249	109	74			190	138
250	203	135			195	143
251	1205	19			161	161
252	1897	22			156	141
253	12	18			268	366
254	8	18			314	366
255	3	5			240	240
256	41	28			164	136
257	47	0			213	120
258	45	304			197	159
259	129	2413			159	129
260	44	1168			159	129
261	0	1			200	195
262	0	2			200	250
263	3	6			124	121
264	4	5			153	157
265	1413	1483			192	207
266	910	1151			168	117
267	0	0			122	119
268	22	18			182	141
269	86	14			186	151
270	533	92			554	137
271	491	740			176	228
272	82	235			237	269
273	206	257			202	195
274	0	0			171	118
275	22	0			328	174
276	77	1			85	85
277	0	2			173	206
278	47	92			208	281
279	0	0			143	143
280	0	0			103	143
281	0	0			299	249
282	291	1416			163	393
283	103	1409			163	393
284	23	1409			131	393
285	23	103			131	163
286	27	292			131	163
287	0	1			172	172
288	74	396			223	710
289	66	3			138	193
290	535	123			256	113
291	683	0			192	265
292	6	17			164	202
293	69	115			183	243
294	4	2			230	202
295	0	0			157	265
296	1	0			269	265
297	1	0			269	157
298	7	13			162	230
299	14	7			206	187
300	8	7			202	187
301	5	0			133	102
302	160	190			311	299
303	160	220			311	302
304	32	16			163	150
305	2	0			248	173
306	60	148			238	242
307	258	325			238	276
308	87	222			192	306
309	0	0			163	132
310	30	92			158	158
311	108	212			155	213
312	105	131			144	243
313	0	0			166	291
314	0	0			190	183
315	1	1			232	170
316	1	1			232	211
317	88	20			397	200
318	2	1			202	226
319	0	1			166	226
320	0	0			125	143
321	2	0			202	204
322	0	2			223	202
323	0	2			166	202
324	0	2			207	202
325	0	11			373	300
326	0	0			167	136
327	0	4			116	199
328	1	477			123	232
329	0	0			204	213
330	36	32			199	141
331	176	266			195	195
332	66	9			153	270
333	166	206			172	193
334	7	0			194	190
335	0	0			216	190
336	15	0			241	190
337	4	0			199	190
338	13	1			241	211
339	0	7			216	194
340	15	7			241	194
341	4	7			199	194
342	15	0			241	216
343	4	0			199	216
344	4	15			199	241
345	1	12			199	241
346	54	76			145	172
347	68	128			172	217
348	26	58			447	185
349	26	34			447	189
350	34	63			185	159
351	30	27			253	209
352	0	0			150	174
353	0	0			158	189
354	0	0			202	121
355	143	110			205	175
356	70	105			205	175
357	54	105			117	175
358	54	70			117	205
359	54	154			117	205
360	19	15			160	108
361	18	47			108	180
362	44	118			122	165
363	1240	397			461	135
364	146	303			154	212
365	36	74			117	149
366	0	3			131	125
367	102	1			185	173
368	52	1			160	173
369	83	703			225	543
370	192	703			191	543
371	2	10			149	180
372	3	119			124	180
373	4	8			148	154
374	0	0			174	214
375	35	15			214	179
376	9	47			168	144
377	7	9			165	155
378	1660	1170			241	172
379	2	1			168	193
380	15	40			138	158
381	0	0			120	120
382	7	3			133	150
383	21	0			183	114
384	171	163			224	165
385	89	14			268	134
386	4	13			127	126
387	2	5			184	252
388	24	69			129	204
389	194	206			257	275
390	5	3			268	123
391	5	6			150	215
392	180	226			209	143
393	166	226			185	143
394	1	0			201	170
395	0	0			129	153
396	191	110			188	144
397	88	77			195	196
398	61	76			204	196
399	169203	113234			255	158
400	0	78			100	100
401	44	145			119	180
402	46	1			127	119
403	6	2			230	95
404	497	970			156	185
405	1	0			174	96
406	36	19			164	148
407	16	13			148	139
408	5125	3112			609	499
409	0	0			135	177
410	2	0			167	155
411	1	0			198	187
412	41	59			183	211
413	0	0			166	295
414	41	94			155	224
415	66	30			224	187
416	73	26			187	176
417	7	0			176	142
418	14	5			250	176
419	39	60			136	166
420	4	0			199	138
421	4	2			199	147
422	0	2			138	147
423	22	113			123	227
424	16	37			169	147
425	29	37			174	147
426	0	0			167	167
427	135	92			243	177
428	67	92			219	177
429	3	1			250	229
430	52	91			151	196
431	299	143			217	211
432	16	237			117	271
433	357	138			171	171
434	359	424			171	171
435	433	462			229	190
436	0	2			450	651
437	1	0			176	133
438	0	0			108	135
439	13	138			172	209
440	6	9			337	200
441	6	8			337	196
442	57	85			302	148
443	4	5			202	159
444	3	4			171	198
445	70	4			140	178
446	21	22			114	246
447	14	15			135	102
448	187	198			181	181
449	9	19			189	249
450	11	12			179	249
451	14	12			182	249
452	9	28			189	189
453	11	21			179	189
454	14	21			182	189
455	224	19			653	166
456	272	148			284	192
457	0	0			430	150
458	0	0			163	366
459	0	0			197	104
460	34	0			182	151
461	1	2			197	273
462	68	62			198	191
463	17	56			95	156
464	14	3			177	177
465	37	41			220	221
466	36	41			201	221
467	0	11			84	84
468	29	26			186	174
469	75	51			211	168
470	1	1			328	200
471	228	255			231	220
472	287	407			204	258
473	287	259			204	325
474	87	632			102	201
475	12	52			128	243
476	37	9			187	128
477	2	96			169	137
478	149	229			200	199
479	84	75			234	171
480	11	218			156	135
481	12	33			150	129
482	3	35			147	147
483	24	62			214	278
484	42	62			212	278
485	42	24			212	214
486	12	1			286	133
487	1	0			244	174
488	38	42			189	228
489	26	13			284	146
490	26	12			284	218
491	100	139			195	280
492	204	13			215	159
493	10	6			173	148
494	0	1			226	197
495	23	13			197	207
496	3	101			166	166
497	3	3			168	168
498	358	3			363	168
499	358	3			363	168
500	51	170			141	265
501	1705	36			127	229
502	70	3			207	161
503	25	3			197	200
504	72	86			147	155
505	78	86			172	155
506	1	0			260	258
507	9	1			207	161
508	14	75			162	255
509	1257	33			147	245
510	6	1			321	84
511	10	1			516	84
512	1	10			205	462
513	14	19			173	340
514	12	5			183	136
515	0	6			191	195
516	0	0			145	220
517	0	1			145	671
518	71	40			185	141
519	13	26			126	177
520	1	59			200	227
521	15	43			160	255
522	98	80			205	172
523	1	0			185	189
524	101	233			143	210
525	134	113			135	143
526	0	0			179	119
527	0	0			79	82
528	35	4			214	214
529	29	72			220	368
530	50	11			704	197
531	5	11			253	197
532	0	57			108	144
533	0	10			108	102
534	0	0			78	255
535	88	1132			186	205
536	88	687			186	233
537	9	18			111	161
538	19725	25784			226	242
539	19708	24995			226	223
540	13211	24995			178	223
541	19937	24920			262	223
542	20026	20071			262	226
543	19937	3879			262	178
544	146	235			162	202
545	20	232			162	202
546	44	6			162	198
547	11	16			154	213
548	1	0			113	137
549	475	413			225	195
550	53	173			124	254
551	74	28			125	162
552	87	361			118	238
553	394	244			238	153
554	68	89			250	239
555	192	75			267	150
556	1	0			216	192
557	333	239			265	182
558	0	0			158	125
559	77	237			148	259
560	0	2			249	246
561	1	0			246	81
562	2	15			142	219
563	8	0			138	236
564	0	3			159	168
565	0	2			159	162
566	3	2			168	162
567	0	0			192	196
568	0	0			354	354
569	14	31			198	203
570	787	190			201	201
571	163	871			151	151
572	32	1			149	137
573	65	99			161	164
574	0	0			98	98
575	0	0			81	81
576	28	1			128	132
577	0	0			168	105
578	0	0			117	105
579	0	13			196	193
580	0	0			171	171
581	1	38			216	195
582	76	178			183	244
583	89	107			215	213
584	1	4			198	292
585	7	0			163	215
586	70	103			147	144
587	121	547			113	211
588	697	428			298	193
589	4	8			147	261
590	17	33			133	147
591	32	45			147	207
592	254	496			178	205
593	28	28			221	195
594	3	7			236	197
595	44	35			114	149
596	0	0			147	141
597	138	69			104	264
598	138	36			104	217
599	138	260			104	113
600	3	0			207	161
601	42	35			108	194
602	0	0			157	146
603	5	0			84	84
604	567	373			314	223
605	26	28			190	251
606	66	230			204	750
607	2	2			196	151
608	17	0			692	190
609	4	2			196	163
610	152	15			206	142
611	46	19			144	108
612	53	74			178	159
613	0	0			225	141
614	0	0			260	455
615	142	72			192	130
616	145	142			192	185
617	145	220			192	243
618	14	13			240	181
619	14	17			240	115
620	23	23			237	140
621	41	23			204	140
622	3	3			176	198
623	50	91			192	267
624	3	0			171	231
625	7	0			126	270
626	0	0			221	170
627	19	16			208	120
628	1	5			153	135
629	2	0			96	96
630	38	20			190	116
631	108	31			231	150
632	115	14			231	150
633	0	0			160	173
634	0	0			129	137
635	10	5			219	204
636	159	0			100	100
637	25	17			279	234
638	7	4			318	421
639	4	5			318	318
640	41	7			222	114
641	67	93			156	201
642	0	0			172	125
643	0	0			193	192
644	11	8			180	147
645	0	2			200	142
646	1	1			142	194
647	1	0			142	111
648	0	0			182	179
649	9	17			133	168
650	27	0			168	114
651	2	1			252	180
652	45	52			230	203
653	0	0			168	246
654	72	368			162	165
655	113	253			143	190
656	1	1			174	200
657	2	0			226	148
658	142	98			249	142
659	0	0			165	153
660	4	38			103	183
661	13	8			186	216
662	0	9			76	211
663	207	185			203	253
664	0	0			138	195
665	19	21			173	156
666	0	5			186	194
667	56	199			143	250
668	2	2			163	138
669	76	2			243	138
670	76	2			243	163
671	0	0			110	127
672	0	0			126	180
673	151	98			245	162
674	27	21			186	131
675	5	0			125	195
676	2	0			530	142
677	12	12			251	242
678	19	11			245	189
679	55	327			123	321
680	320	142			321	195
681	0	0			143	284
682	0	0			141	255
683	655	352			144	114
684	538	81			141	156
685	634	711			135	135
686	846	876			138	135
687	768	989			135	135
688	921	680			135	132
689	3	1			123	99
690	71	62			141	140
691	0	34			211	214
692	1	0			198	131
693	2	63			136	259
694	0	0			193	192
695	16	20			155	179
696	0	13			191	732
697	12	106			166	178
698	16	191			166	178
699	169	447			224	304
700	33	29			126	170
701	20	42			203	506
702	63	67			210	234
703	70	61			225	210
704	15	13			182	148
705	37	28			594	412
706	4	8			290	256
707	4	8			290	255
708	174	251			145	168
709	194	33			198	175
710	82	64			211	166
711	0	0			120	208
712	2	2			147	354
713	1	0			168	202
714	0	0			135	237
715	0	0			211	151
716	4	9			140	163
717	0	0			169	126
718	0	41			121	144
719	93	42			243	110
720	4	76			92	183
721	89	112			208	207
722	0	0			262	317
723	140	3			227	215
724	453	262			275	166
725	428	52			960	177
726	6848	20794			222	261
727	37	13			176	192
728	37	25			176	138
729	84	63			228	138
730	0	12			114	170
731	234	109			294	218
732	1	88			213	234
733	1	71			168	248
734	241	103			303	244
735	0	107			151	146
736	79	5			255	168
737	78	5			291	168
738	3	45			143	185
739	27	113			121	219
740	24	81			269	142
741	48	43			225	324
742	36	43			180	324
743	36	51			180	324
744	0	0			81	81
745	122	49			177	146
746	2	153			127	210
747	9	9			195	179
748	23	0			178	183
749	6	0			197	183
750	6	23			197	178
751	1	3			179	172
752	1	0			233	102
753	0	0			111	114
754	0	0			134	118
755	24	331			270	314
756	9	254			149	314
757	39	254			149	314
758	0	5			197	159
759	7	3			316	197
760	2	3			239	316
761	0	0			87	84
762	0	0			255	147
763	0	0			255	150
764	0	0			183	150
765	23	74			173	193
766	9	0			142	106
767	78	165			141	178
768	87	77			241	215
769	199	185			167	150
770	220	1			83	83
771	2463	3489			188	189
772	2	0			200	196
773	1	0			84	84
774	58	123			243	252
775	75	0			92	92
776	0	0			99	99
777	0	0			208	211
778	0	4			150	171
779	3	1			206	115
780	3	0			206	144
781	3	0			206	167
782	1	0			115	144
783	1	0			115	167
784	0	0			144	167
785	58	67			214	286
786	1	3			262	299
787	1	2			262	133
788	1	0			262	236
789	3	0			299	236
790	2	0			133	236
791	109	34			258	155
792	15	4			278	195
793	13	4			274	191
794	67	175			132	216
795	276	57			216	219
796	1	1			178	109
797	53	75			177	132
798	116	75			177	132
799	41	75			203	132
800	0	0			186	358
801	0	0			186	186
802	5	41			157	211
803	21	24			274	197
804	436	3			185	197
805	611	747			212	222
806	232	146			183	141
807	14	9			158	238
808	362	379			227	198
809	220	28			125	136
810	235	2			286	128
811	61	21			207	195
812	395	569			238	318
813	55	8			185	249
814	130	33			147	185
815	4	0			279	132
816	0	0			173	132
817	0	4			173	279
818	1676	247			150	231
819	10	54			112	225
820	1860	32			178	173
821	1929	4			107	113
822	74	196			152	252
823	1	7			198	279
824	682	952			136	171
825	2932	14703			207	290
826	369	430			173	202
827	0	0			255	206
828	48	30			191	158
829	48	17			191	124
830	55	76			191	177
831	16	113			158	262
832	16	13			158	110
833	0	0			138	149
834	206	0			185	150
835	136	0			214	150
836	96	186			206	273
837	4183	1618			147	131
838	0	2			186	189
839	1	5			217	230
840	9	1			267	120
841	22	0			204	114
842	43	44			252	243
843	0	2			114	200
844	20	19			122	147
845	31	110			162	238
846	28	44			153	108
847	30	36			189	205
848	8	11			216	143
849	104	143			174	173
850	0	0			97	99
851	380	334			229	199
852	12	16			171	179
853	11	2			171	158
854	1	0			120	120
855	0	1			135	195
856	0	3			192	174
857	0	0			164	279
858	15	4			160	108
859	183	152			254	184
860	47	176			113	254
861	379	93			183	101
862	3	764			101	304
863	106	765			101	304
864	0	0			87	87
865	0	0			102	229
866	516	80			1314	159
867	118	179			534	354
868	60	99			245	185
869	43	83			136	171
870	65	210			171	265
871	218	179			265	219
872	1	0			297	195
873	41	93			124	153
874	2	10			99	100
875	0	1			231	150
876	149	45			177	209
877	49	13			237	142
878	125	36			167	130
879	2	1			153	169
880	11	1			250	169
881	44	14			243	128
882	23	57			114	195
883	52	98			387	366
884	120	39			366	207
885	43	35			161	185
886	0	0			90	90
887	0	14			90	78
888	0	0			117	78
889	29	20			211	163
890	0	404			113	142
891	91	404			142	142
892	91	0			142	113
893	221	432			171	251
894	99	207			134	185
895	208	150			185	148
896	0	0			167	167
897	8	37			192	381
898	7	9			148	198
899	1	9			223	198
900	6	6			148	198
901	36	63			201	270
902	327	229			216	155
903	3	8			109	141
904	47	32			225	142
905	2	95			147	247
906	5	95			206	247
907	7	0			175	121
908	5	1			136	128
909	1	13			170	244
910	4	11			157	138
911	6	5			219	198
912	111	70			282	168
913	77	21			140	87
914	1	0			234	195
915	0	4			209	174
916	0	3			209	174
917	7	4			273	174
918	7	3			273	174
919	0	0			87	90
920	4	1			128	199
921	2489	14163			103	263
922	7329	14163			170	263
923	7	0			293	169
924	22	74			113	164
925	5	0			200	133
926	52	88			164	245
927	5	0			213	225
928	59	36			230	183
929	0	0			190	190
930	445	382			186	131
931	906	351			253	147
932	6	0			192	105
933	0	26			87	87
934	3	17			129	189
935	6	1			399	224
936	0	0			245	205
937	0	0			245	314
938	0	0			205	314
939	189	117			236	215
940	0	0			154	124
941	1	0			178	106
942	80	29			589	144
943	0	3			184	282
944	0	0			332	306
945	14	145			102	120
946	21	60			132	155
947	18	5			189	216
948	0	0			162	152
949	9	8			300	444
950	9	8			207	300
951	0	4			200	300
952	244	127			299	185
953	108	287			185	366
954	7	2			141	149
955	7	2			141	152
956	2	5			173	262
957	13	9			245	231
958	3	0			114	102
959	0	0			126	102
960	15	4			160	102
961	27	0			244	102
962	11	21			201	220
963	501	360			163	138
964	101	143			266	152
965	195	29			219	203
966	216	481			138	213
967	0	0			180	167
968	0	0			180	131
969	0	0			167	131
970	2	80			98	239
971	3	3			217	252
972	75	5			164	235
973	30	27			198	165
974	0	64			188	171
975	0	0			117	161
976	2	91			165	189
977	0	0			162	207
978	0	0			199	168
979	11	0			198	180
980	34	19			222	228
981	0	0			127	129
982	0	0			216	269
983	10	18			194	223
984	107	82			201	209
985	0	0			474	474
986	0	0			474	474
987	5	18			141	239
988	0	1			110	198
989	0	1			110	229
990	0	0			215	146
991	1	99			124	128
992	75	152			128	150
993	133	103			150	131
994	6	103			148	131
995	89	0			242	184
996	0	24			151	136
997	35	75			195	251
998	0	0			98	95
999	2	40			130	201
1000	1	89			120	693
1001	6	8			128	120
1002	1	14			233	179
1003	0	65			106	155
1004	0	191			79	247
1005	3	22			98	176
1006	15	28			185	254
1007	66	5			250	203
1008	55	165			250	328
1009	8	4			258	160
1010	5	0			132	132
1011	26	39			125	181
1012	5	0			93	93
1013	6	0			96	90
1014	6	0			96	90
1015	17	0			87	99
1016	2	0			87	94
1017	1	33			116	116
1018	0	0			345	360
1019	27	47			146	164
1020	46	65			166	163
1021	45	0			98	101
1022	125	145			168	177
1023	1536	2107			193	249
1024	55	36			301	162
1025	48	34			274	209
1026	2	57			283	274
1027	36	70			150	232
1028	21	73			180	222
1029	1	9			173	173
1030	11	20			137	165
1031	1	2			282	211
1032	12	23			204	204
1033	13	24			138	179
1034	64	75			266	278
1035	77	6			223	220
1036	848	1002			351	345
1037	953	522			345	192
1038	1245	1547			261	315
1039	0	8			167	235
1040	4	0			250	220
1041	138	614			120	273
1042	418	188			204	123
1043	12	191			136	193
1044	0	0			181	171
1045	0	0			181	136
1046	0	0			171	136
1047	35	720			133	796
1048	5	7			146	183
1049	8	203			158	473
1050	41	1			293	158
1051	61	6			293	158
1052	42	58			273	262
1053	14	47			171	188
1054	11	52			207	122
1055	1	0			360	135
1056	8	0			849	135
1057	0	1			141	177
1058	14	3			159	177
1059	4	0			138	204
1060	13	11			328	192
1061	228	0			87	87
1062	0	0			165	155
1063	77	6			220	220
1064	33	46			164	202
1065	36	4			443	98
1066	0	0			146	135
1067	0	0			249	162
1068	36	21			185	144
1069	53	299			130	270
1070	53	80			130	121
1071	218	244			270	179
1072	11	21			204	264
1073	23	11			237	177
1074	30	72			107	134
1075	101	66			268	204
1076	2	91			173	236
1077	0	0			81	81
1078	127	123			225	243
1079	104	155			232	240
1080	73	18			248	120
1081	25	213			219	990
1082	0	0			281	172
1083	0	0			281	187
1084	0	0			281	237
1085	0	0			213	281
1086	0	0			84	84
1087	0	0			123	219
1088	6	1			203	162
1089	0	0			173	172
1090	0	0			205	131
1091	1873	683			239	114
1092	69	15			143	119
1093	122	15			212	119
1094	3	2			220	190
1095	0	0			138	169
1096	82	63			226	155
1097	76	190			127	209
1098	48	36			169	137
1099	316	146			237	140
1100	0	0			211	163
1101	47	30			150	110
1102	80	185			141	143
1103	0	0			251	190
1104	5	2			108	180
1105	0	0			254	174
1106	0	2			204	156
1107	167	200			184	179
1108	125	347			137	194
1109	240	192			196	181
1110	1	7			194	162
1111	167	222			167	227
1112	0	16			174	279
1113	0	0			174	127
1114	16	0			279	127
1115	0	0			96	90
1116	5	13			157	210
1117	9	13			157	210
1118	2	9			254	157
1119	2	13			254	157
1120	5	12			194	157
1121	10	2			194	254
1122	8	0			209	95
1123	8	0			209	137
1124	0	0			95	137
1125	0	4			147	141
1126	3	4			152	141
1127	3	0			152	147
1128	0	0			108	245
1129	4	0			148	167
1130	1	7			188	244
1131	1	15			188	319
1132	1	7			188	244
1133	1	7			162	244
1134	1	15			162	319
1135	2	7			174	147
1136	0	0			81	81
1137	0	0			172	172
1138	1	51			81	144
1139	2	51			81	144
1140	2	1			81	81
1141	0	7			177	180
1142	0	0			241	183
1143	91	38			150	135
1144	0	0			175	154
1145	5	16			148	172
1146	0	0			166	137
1147	13	16			153	343
1148	64	105			155	281
1149	64	144			155	239
1150	1	1			132	176
1151	37	57			148	165
1152	37	32			148	161
1153	29	41			121	165
1154	322	402			216	216
1155	132	28			138	97
1156	54	123			263	204
1157	54	199			263	192
1158	123	199			204	192
1159	70	85			186	224
1160	51	65			246	236
1161	77	65			246	236
1162	2	2			195	161
1163	0	5			161	211
1164	350	145			138	99
1165	77	90			184	249
1166	77	72			184	249
1167	101	123			249	221
1168	88	213			183	216
1169	0	0			218	177
1170	570	1230			161	251
1171	6	9			309	258
1172	371	1			262	213
1173	1	4			351	348
1174	0	0			211	172
1175	46	30			190	174
1176	14	3			364	153
1177	27	14			232	260
1178	0	2			173	199
1179	87	136			218	212
1180	225	136			167	131
1181	6	7			135	131
1182	6	4			160	206
1183	69	196			240	228
1184	1	0			197	197
1185	175	128			249	162
1186	197	128			252	162
1187	18	0			90	93
1188	7	18			191	202
1189	10	4			147	202
1190	86	148			190	189
1191	103	101			213	217
1192	40	64			181	226
1193	0	0			218	103
1194	0	0			360	151
1195	5	240			196	145
1196	0	0			120	160
1197	0	0			168	160
1198	0	0			168	120
1199	0	0			160	120
1200	0	0			202	189
1201	1	57			165	1290
1202	7	0			111	114
1203	0	1			292	215
1204	0	1			159	215
1205	13	1			163	220
1206	1	27			121	135
1207	0	82			119	112
1208	0	61			102	263
1209	0	0			90	87
1210	3	0			372	372
1211	0	0			96	96
1212	0	0			280	196
1213	60	41			357	276
1214	31	16			184	200
1215	29	40			200	228
1216	24	25			228	154
1217	24	24			228	150
1218	15	21			114	144
1219	0	0			147	141
1220	14	9			230	214
1221	2400	108			151	151
1222	27	16			214	169
1223	216	326			213	175
1224	22	2			438	208
1225	92	62			226	159
1226	29	124			136	245
1227	404	667			126	123
1228	404	636			126	186
1229	180	256			129	135
1230	64	272			129	135
1231	164	272			111	135
1232	33	234			111	135
1233	863	234			126	135
1234	87	124			129	262
1235	141	124			111	262
1236	206	80			129	231
1237	164	64			111	129
1238	141	87			111	129
1239	863	33			126	111
1240	442	16			126	111
1241	418	94			126	111
1242	127	43			218	152
1243	7	4			193	199
1244	0	0			110	93
1245	0	0			267	270
1246	0	0			270	190
1247	0	0			270	187
1248	1	0			211	182
1249	8	4			296	173
1250	6	4			183	173
1251	73	23			251	190
1252	0	11			205	114
1253	40	22			206	126
1254	1	4			132	226
1255	0	0			201	184
1256	80	225			172	246
1257	150	0			172	153
1258	1	120			248	308
1259	88	2			241	169
1260	94	82			168	206
1261	5	61			286	135
1262	0	0			140	234
1263	8	7			142	161
1264	9	0			90	105
1265	30	42			160	176
1266	127	44			269	269
1267	0	0			256	242
1268	0	0			151	136
1269	74	26			406	181
1270	67	26			380	181
1271	18	39			120	140
1272	22	44			197	181
1273	0	2			158	268
1274	0	2			153	268
1275	0	2			258	268
1276	0	2			181	268
1277	0	0			153	158
1278	0	0			258	158
1279	0	0			181	158
1280	0	0			258	153
1281	0	0			181	153
1282	0	15			121	162
1283	0	0			121	133
1284	0	0			177	133
1285	0	0			177	121
1286	4	0			141	163
1287	12	178			195	270
1288	0	0			217	208
1289	15	133			160	254
1290	0	0			153	298
1291	2	1			170	205
1292	9	16			205	193
1293	15	2			193	154
1294	100	265			224	295
1295	0	24			102	177
1296	2	12			246	220
1297	70	109			205	161
1298	66	84			149	159
1299	2	8			164	100
1300	404	287			294	262
1301	404	288			294	274
1302	302	186			226	185
1303	0	1			209	114
1304	63	83			219	302
1305	6	0			222	98
1306	344	620			149	195
1307	77	319			177	163
1308	260	319			177	163
1309	10	27			287	298
1310	25	40			213	219
1311	0	43			159	342
1312	0	37			159	264
1313	99	52			285	177
1314	0	5			186	196
1315	0	6			155	213
1316	0	0			151	175
1317	0	0			84	96
1318	0	0			144	93
1319	0	0			102	117
1320	23	487			129	219
1321	1	0			133	117
1322	0	0			168	109
1323	1	1			231	109
1324	5	0			708	168
1325	25	27			144	132
1326	1	0			135	168
1327	83	100			159	171
1328	48	41			265	192
1329	4	0			221	106
1330	0	0			195	171
1331	0	0			176	171
1332	382	323			204	179
1333	10	50			194	147
1334	12	83			194	147
1335	3	18			111	194
1336	677	307			255	141
1337	61	81			239	326
1338	61	56			239	176
1339	81	56			326	176
1340	1	0			423	189
1341	0	0			123	192
1342	187	253			180	202
1343	39	43			198	170
1344	0	0			246	210
1345	0	0			198	246
1346	0	0			176	130
1347	0	0			176	149
1348	38	290			197	427
1349	38	13			197	275
1350	38	13			197	121
1351	274	15			427	121
1352	290	13			427	275
1353	290	13			427	121
1354	287	14			427	121
1355	1	35			275	143
1356	1	35			121	143
1357	6	57			121	143
1358	14	196			226	220
1359	0	0			353	330
1360	0	0			147	137
1361	0	0			114	170
1362	0	0			133	199
1363	26	0			198	87
1364	121	150			181	164
1365	117	16			674	262
1366	3	8			182	184
1367	4	9			184	215
1368	0	2			249	461
1369	0	2			249	461
1370	0	0			84	93
1371	0	124			173	3082
1372	0	0			110	223
1373	286	69			425	152
1374	114	331			212	425
1375	2	1			459	193
1376	0	2			137	173
1377	11	4			143	168
1378	366	551			170	209
1379	7	5			209	158
1380	253	4			163	158
1381	9	3			186	166
1382	1	0			172	164
1383	18	1			202	156
1384	2	0			153	163
1385	0	0			78	78
1386	0	1			154	207
1387	265	336			221	198
1388	179	486			166	219
1389	145	223			151	166
1390	145	3			151	118
1391	57	105			179	215
1392	95	58			192	144
1393	104	60			187	139
1394	179	138			404	216
1395	15	138			139	216
1396	63	139			139	216
1397	23	0			238	192
1398	167	41			1005	246
1399	0	0			294	99
1400	0	17			155	81
1401	0	0			128	278
1402	63	44			271	217
1403	168	84			208	161
1404	174	99			222	194
1405	5	6			172	183
1406	6	9			153	180
1407	0	0			134	302
1408	0	0			114	180
1409	18	0			152	92
1410	3	2			266	127
1411	1	0			185	156
1412	4	156			226	280
1413	0	2			148	226
1414	395	337			254	199
1415	162	415			173	254
1416	7	0			163	220
1417	2	0			198	159
1418	2	0			198	292
1419	0	0			166	291
1420	0	0			190	183
1421	0	0			232	170
1422	0	0			232	211
1423	0	0			218	103
1424	0	0			360	151
1425	1	2			173	224
1426	2	189			144	252
1427	3	2			210	133
1428	0	3			159	210
1429	2	0			166	287
1430	3	1			149	149
1431	11	94			212	237
1432	10	94			248	237
1433	5	0			289	121
1434	2	3			186	245
1435	0	29			105	133
1436	222	284			249	273
1437	107	58			229	132
1438	70	115			194	278
1439	188	193			243	223
1440	135	30			188	123
1441	0	0			173	193
1442	1	0			197	193
1443	0	0			214	193
1444	0	0			214	173
1445	0	1			214	197
1446	0	0			121	147
1447	206	141			189	150
1448	74	52			636	154
1449	0	0			165	173
1450	20	29			124	166
1451	46	26			262	171
1452	7	8			195	140
1453	136	129			217	221
1454	4	2			194	227
1455	227	306			198	252
1456	14	9			161	169
1457	148	299			303	188
1458	324	399			255	264
1459	51	56			153	128
1460	29	108			153	263
1461	63	281			164	333
1462	0	0			144	131
1463	682	187			175	166
1464	0	0			126	179
1465	272	233			232	190
1466	254	69			190	120
1467	255	3			190	120
1468	251	1			190	120
1469	251	106			190	131
1470	1	106			120	131
1471	61	258			120	226
1472	58	111			120	131
1473	101	103			153	153
1474	223	302			214	217
1475	10	3			243	182
1476	4	6			182	121
1477	0	0			166	198
1478	536	34			151	151
1479	0	0			180	201
1480	6	0			99	99
1481	10	15			134	154
1482	14	15			160	154
1483	3	0			226	169
1484	20	68			129	237
1485	36	3			125	115
1486	21	16			160	138
1487	3	7			180	330
1488	0	8			258	438
1489	0	9			258	438
1490	0	0			141	259
1491	0	0			152	130
1492	0	0			150	130
1493	0	0			152	156
1494	0	0			150	156
1495	0	0			150	152
1496	0	0			150	152
1497	0	0			186	136
1498	657	738			212	227
1499	1	0			174	206
1500	97	102			141	143
1501	57	119			143	146
1502	110	88			146	133
1503	157	427			239	284
1504	172	427			236	284
1505	106	179			156	199
1506	4	22			146	183
1507	0	0			134	581
1508	0	0			96	96
1509	256	53			273	159
1510	253	128			273	186
1511	117	132			159	186
1512	70	130			186	174
1513	111	144			186	174
1514	11	41			157	173
1515	35	65			247	334
1516	0	0			147	141
1517	350	476			236	302
1518	60	165			173	164
1519	24	32			187	140
1520	150	83			151	167
1521	0	0			123	284
1522	0	0			123	273
1523	0	0			123	78
1524	0	0			284	78
1525	0	0			273	78
1526	38	65			143	197
1527	46	179			192	243
1528	91	0			79	79
1529	27	56			304	291
1530	0	0			179	169
1531	1	3			243	252
1532	57	46			188	162
1533	125	1551			204	1431
1534	11	4			309	205
1535	13	4			275	205
1536	43	24			256	211
1537	304	27			113	136
1538	0	0			194	457
1539	0	0			115	205
1540	0	0			139	128
1541	14	141			145	194
1542	44	141			148	194
1543	4	141			167	194
1544	0	0			108	123
1545	112	105			222	188
1546	237	85			347	193
1547	72	0			128	79
1548	1	13			164	184
1549	1	22			164	216
1550	13	22			184	216
1551	112	246			242	144
1552	192	0			178	76
1553	0	0			238	136
1554	2	0			173	270
1555	1	1			185	173
1556	0	0			201	219
1557	0	34			191	131
1558	0	34			173	131
1559	0	1			170	212
1560	0	0			456	122
1561	170	8			240	231
1562	161	407			229	293
1563	70	407			181	293
1564	0	0			195	153
1565	92	125			114	132
1566	2	5			202	237
1567	584	608			180	175
1568	491	551			175	154
1569	0	33			223	122
1570	0	0			215	267
1571	0	0			196	267
1572	64	305			227	603
1573	40	84			213	304
1574	91	81			304	225
1575	0	0			81	81
1576	17	93			130	288
1577	281	148			193	129
1578	0	23			96	96
1579	0	17			96	93
1580	83	255			118	174
1581	71	45			133	155
1582	45	205			105	192
1583	7	25			129	210
1584	0	0			395	168
1585	0	0			154	395
1586	0	2			142	150
1587	0	8			114	145
1588	14	5			141	212
1589	0	5			166	193
1590	0	3			166	188
1591	0	4			166	212
1592	0	5			166	145
1593	5	4			193	188
1594	5	3			193	188
1595	5	4			193	212
1596	5	5			193	145
1597	3	5			188	145
1598	4	5			212	145
1599	0	0			123	192
1600	0	0			151	108
1601	4	0			126	99
1602	6	10			210	235
1603	9	5			159	177
1604	8	5			156	177
1605	1	0			209	155
1606	2	0			245	155
1607	4	63			272	407
1608	0	0			96	90
1609	39	30			265	222
1610	144	97			200	179
1611	15	28			172	247
1612	227	0			210	172
1613	48	37			220	221
1614	91	72			269	230
1615	181	72			208	108
1616	10	4			1374	252
1617	9176	8683			243	201
1618	3	26			174	174
1619	16	61			223	345
1620	0	5			214	269
1621	0	0			144	162
1622	0	0			322	199
1623	339	5			248	306
1624	91	55			349	178
1625	23	36			173	173
1626	16	17			201	218
1627	0	0			87	87
1628	1	0			165	147
1629	0	0			159	147
1630	2	40			79	260
1631	17	39			278	234
1632	9	39			188	234
1633	434	521			236	291
1634	608	270			291	465
1635	170	206			181	176
1636	203	293			176	271
1637	2	8			139	194
1638	65	200			145	168
1639	14	551			153	198
1640	109	146			195	183
1641	0	19			84	309
1642	0	0			165	337
1643	583	919			231	309
1644	22	85			177	224
1645	13	32			123	165
1646	7	2			172	191
1647	71	70			165	135
1648	217	197			363	354
1649	296	145			186	136
1650	0	14			98	98
1651	1172	1746			148	213
1652	46	85			216	210
1653	0	0			140	125
1654	9	11			175	170
1655	4	0			438	107
1656	0	4			150	187
1657	10	48			106	202
1658	107	1			190	138
1659	76	266			138	230
1660	22	5			180	90
1661	18	18			339	351
1662	0	2			111	169
1663	0	0			194	237
1664	4	34			207	161
1665	1	30			120	171
1666	0	1			153	153
1667	0	334			132	290
1668	0	9			152	194
1669	0	9			105	194
1670	0	0			105	152
1671	0	2			354	354
1672	169	124			239	213
1673	41	137			126	245
1674	143	81			245	175
1675	0	145			82	163
1676	0	0			210	231
1677	42	5			309	240
1678	176	99			1063	165
1679	10	1			198	292
1680	10	0			198	159
1681	26	0			163	220
1682	85	339			165	249
1683	51	5319			200	183
1684	2307	5319			111	183
1685	58	82			109	125
1686	59	81			110	125
1687	186	81			158	125
1688	2	0			147	209
1689	7818	3403			216	186
1690	6602	7000			186	216
1691	25	40			152	202
1692	59	42			169	126
1693	1	42			147	147
1694	0	0			208	237
1695	147	354			157	268
1696	2	0			241	214
1697	1	1			193	215
1698	1	8			193	295
1699	1	8			215	295
1700	1	183			215	226
1701	1	132			215	364
1702	1	1			106	106
1703	0	1			100	100
1704	80	349			181	812
1705	80	69			181	314
1706	706	1			177	174
1707	1335	1			156	174
1708	0	0			219	157
1709	358	588			214	240
1710	173	168			269	237
1711	455	3			267	175
1712	9	84			232	156
1713	9	141			232	191
1714	9	110			232	236
1715	0	2			159	239
1716	0	3			159	305
1717	0	0			131	159
1718	17	64			132	165
1719	163	140			172	172
1720	36	34			156	213
1721	111	14			163	182
1722	118	0			84	87
1723	2237	307			163	119
1724	1102	2			132	428
1725	6	0			138	115
1726	35	38			233	198
1727	57	55			194	186
1728	0	84			230	193
1729	1015	1042			204	193
1730	1577	828			193	288
1731	0	0			258	240
1732	0	0			361	108
1733	2	13			124	192
1734	2	15			164	229
1735	5	6			215	164
1736	44	56			265	244
1737	20	0			141	192
1738	1	0			247	137
1739	0	0			367	137
1740	0	1			367	247
1741	46	63			258	233
1742	0	0			123	192
1743	1	30			118	187
1744	338	119			197	135
1745	0	0			93	126
1746	3	107			168	168
1747	0	0			193	251
1748	0	0			167	193
1749	49	107			183	232
1750	39	49			164	205
1751	5	31			218	292
1752	78	63			247	179
1753	72	3			183	129
1754	3	0			165	205
1755	14	3			490	143
1756	0	0			168	98
1757	0	0			168	98
1758	90	137			287	231
1759	216	325			147	135
1760	530	438			156	144
1761	24	4			219	128
1762	0	8			293	359
1763	79	56			182	165
1764	50	116			150	194
1765	59	43			200	139
1766	4	138			3036	5337
1767	907	503			266	156
1768	907	476			266	245
1769	6753	303			178	117
1770	13	11			207	161
1771	0	0			164	145
1772	55	4			235	176
1773	112	93			233	228
1774	81	154			228	237
1775	1	2			247	255
1776	0	1			129	114
1777	98	459			400	235
1778	17	90			135	193
1779	40	79			142	252
1780	0	0			144	197
1781	0	0			144	157
1782	1	8			159	243
1783	12	7			150	132
1784	804	476			207	200
1785	165	173			224	253
1786	11	0			142	217
1787	0	27			96	93
1788	26	46			347	604
1789	23	20			186	190
1790	0	0			168	98
1791	0	0			168	98
1792	119	4			120	247
1793	256	33			266	117
1794	151	111			202	157
1795	63	1596			200	197
1796	127	1596			304	197
1797	1	0			156	207
1798	12	12			222	208
1799	18	2			188	231
1800	63	14			205	157
1801	0	0			99	132
1802	24	127			150	234
1803	24	72			150	135
1804	127	72			234	135
1805	72	102			203	226
1806	0	14			149	364
1807	0	1			149	152
1808	42	229			220	758
1809	18	16			168	217
1810	18	10			168	217
1811	23	24			220	261
1812	17	19			309	169
1813	23	19			261	169
1814	22	88			225	156
1815	34	39			159	200
1816	57	100			198	241
1817	16	31			149	151
1818	32	26			151	173
1819	0	188			153	294
1820	0	0			77	401
1821	7	7			146	146
1822	133	289			156	252
1823	26	36			167	207
1824	38	1			167	80
1825	56	68			227	286
1826	277	321			202	224
1827	376	473			135	145
1828	536	525			145	162
1829	14	105			153	653
1830	140	2			187	135
1831	121	38			155	155
1832	209	54			144	144
1833	0	0			111	153
1834	61	136			145	263
1835	19	96			236	236
1836	15	29			225	588
1837	12	29			235	588
1838	154	452			137	218
1839	362	175			183	137
1840	10	17			180	270
1841	26	12			316	270
1842	0	15			325	180
1843	0	0			167	167
1844	0	0			235	79
1845	13	0			234	159
1846	2	0			125	168
1847	3	0			125	168
1848	0	0			127	168
1849	2	0			125	168
1850	3	1			131	125
1851	81	17			161	195
1852	0	0			116	158
1853	12	8			294	204
1854	2	0			180	180
1855	0	0			180	180
1856	0	4			217	250
1857	141	61			265	174
1858	15	16			173	189
1859	1	2			153	225
1860	1	0			177	156
1861	1	0			175	205
1862	178	300			187	262
1863	0	0			159	152
1864	334	235			156	141
1865	124	195			231	238
1866	2	0			127	195
1867	2	61			133	178
1868	1	0			104	155
1869	0	0			132	169
1870	56	0			207	192
1871	63	55			157	158
1872	0	0			93	93
1873	0	0			93	228
1874	12	14			167	141
1875	22	27			167	220
1876	17	10			167	220
1877	17	34			167	149
1878	10	34			220	149
1879	17	118			166	166
1880	0	0			171	114
1881	0	0			174	114
1882	4	2			194	173
1883	4	2			194	197
1884	1	5			194	196
1885	1	18			194	303
1886	4	2			134	173
1887	4	2			134	197
1888	1	17			134	196
1889	2	2			173	197
1890	5	18			196	303
1891	0	3			195	174
1892	0	0			247	137
1893	0	0			367	137
1894	0	0			367	247
1895	9	114			154	189
1896	129	80			189	205
1897	78	439			205	219
1898	78	423			205	216
1899	0	0			171	228
1900	6	0			196	122
1901	0	126			161	248
1902	117	125			248	170
1903	24	33			189	220
1904	289	402			160	170
1905	99	347			119	160
1906	168	106			219	168
1907	99	106			244	168
1908	29	36			205	223
1909	38	35			114	153
1910	0	2			135	117
1911	0	2			108	117
1912	0	0			108	135
1913	0	0			108	135
1914	37	0			148	148
1915	7	22			142	163
1916	17	23			120	163
1917	20	12			161	142
1918	0	11			120	142
1919	0	11			117	161
1920	18	11			120	161
1921	0	12			117	161
1922	0	12			120	161
1923	0	30			179	259
1924	21	41			259	333
1925	0	0			162	153
1926	3	0			135	147
1927	0	10			115	130
1928	0	35			115	130
1929	11	18			159	159
1930	0	0			237	237
1931	3	5			133	122
1932	3	16			133	250
1933	5	16			122	250
1934	47	24			198	201
1935	0	3			93	93
1936	6	13			121	156
1937	19	5			199	121
1938	2	47			123	243
1939	0	0			156	117
1940	2953	3106			212	224
1941	0	0			121	190
1942	1	0			190	199
1943	0	1			121	190
1944	0	0			84	84
1945	0	0			156	84
1946	0	0			156	84
1947	110	1			228	171
1948	31	20			147	147
1949	97	108			159	133
1950	30	53			249	244
1951	0	0			150	164
1952	3	12			139	231
1953	0	3			251	525
1954	29	21			129	199
1955	1	3			165	179
1956	321	384			154	146
1957	285	371			146	161
1958	9	99			195	420
1959	301	159			251	247
1960	0	1			151	172
1961	2	2			165	129
1962	1836	1581			284	202
1963	303	171			224	167
1964	196	297			227	224
1965	0	0			109	204
1966	70	79			159	159
1967	12	32			196	392
1968	150	209			126	150
1969	79	205			105	150
1970	20	38			167	206
1971	215	54			563	191
1972	109	169			159	176
1973	0	0			152	187
1974	0	9			152	267
1975	0	9			187	267
1976	7	15			123	167
1977	0	2			93	93
1978	50	12			292	140
1979	0	0			158	228
1980	12	15			142	136
1981	182	610			139	228
1982	1	6			211	198
1983	0	0			115	118
1984	21	7			197	123
1985	61	22			207	213
1986	439	57			1874	251
1987	7	0			160	166
1988	28	16			143	166
1989	0	0			190	169
1990	1	0			99	126
1991	0	0			99	102
1992	1	0			102	126
1993	1	0			102	129
1994	172	51			204	102
1995	106	121			204	204
1996	3	0			180	201
1997	277	268			165	246
1998	0	0			168	98
1999	0	0			168	98
2000	7	1			139	171
2001	10	8			186	199
2002	4	0			198	247
2003	0	3			153	169
2004	0	6			157	156
2005	164	49			135	141
2006	17	18			261	261
2007	0	0			147	127
2008	75	64			210	213
2009	89	47			175	109
2010	111	34			142	175
2011	155	25			252	142
2012	25	44			174	129
2013	0	0			102	99
2014	23	46			160	162
2015	0	0			97	200
2016	230	252			186	193
2017	0	0			93	90
2018	0	101			102	245
2019	0	87			102	197
2020	95	141			162	201
2021	1	0			206	99
2022	0	7			148	78
2023	15	0			123	99
2024	41	74			216	259
2025	34	39			240	216
2026	32	24			209	142
2027	13	20			177	165
2028	20	12			237	195
2029	1	0			144	81
2030	0	0			120	150
2031	270	5			171	156
2032	30	1			159	121
2033	24	469			184	915
2034	1	0			108	96
2035	3	0			189	96
2036	3	1			189	108
2037	0	0			192	111
2038	6	48			158	182
2039	6	104			158	208
2040	27	60			167	175
2041	4	15			150	209
2042	1	0			162	168
2043	0	18			125	231
2044	30	37			172	236
2045	0	3			327	185
2046	2	0			338	200
2047	16	0			151	97
2048	151	286			139	212
2049	2	4			210	156
2050	1	1			189	117
2051	38	43			157	149
2052	0	0			336	192
2053	0	0			192	192
2054	0	0			243	192
2055	0	0			243	192
2056	0	0			336	192
2057	0	0			336	243
2058	0	0			177	336
2059	21	0			215	212
2060	0	0			193	192
2061	9	76			111	170
2062	115	259			165	238
2063	5	9			198	207
2064	0	0			87	87
2065	7	0			197	157
2066	34	87			162	208
2067	60	70			218	151
2068	34	44			162	218
2069	34	83			162	218
2070	117	3			173	179
2071	176	139			219	201
2072	4	5			198	229
2073	25	51			249	159
2074	82	89			259	212
2075	87	107			212	211
2076	101	37			211	133
2077	156	86			208	212
2078	86	0			120	162
2079	176	180			207	239
2080	5	89			131	153
2081	0	0			176	231
2082	1	2			156	337
2083	1	1			232	292
2084	4	4			165	146
2085	2	4			164	146
2086	2	4			164	165
2087	38	86			292	575
2088	40	52			246	285
2089	33	36			185	185
2090	0	3			233	265
2091	0	1			210	247
2092	1	3			268	223
2093	56	19			226	147
2094	232	381			182	232
2095	47	17			231	174
2096	2	0			234	213
2097	155	2			263	183
2098	3	171			168	180
2099	0	0			138	255
2100	0	0			138	255
2101	0	0			153	255
2102	0	0			153	138
2103	0	0			153	138
2104	26	24			291	170
2105	92	176			181	217
2106	0	3			139	164
2107	30	30			273	270
2108	0	1			182	300
2109	311	216			279	198
2110	191	107			198	152
2111	0	3			108	194
2112	0	0			144	147
2113	0	0			660	304
2114	342	91			193	177
2115	315	78			226	220
2116	99	68			179	151
2117	0	0			83	77
2118	1	0			176	133
2119	0	0			157	196
2120	0	0			164	87
2121	0	0			87	222
2122	0	0			190	190
2123	95	147			149	191
2124	41	47			165	188
2125	112	146			162	200
2126	19	47			161	236
2127	53	21			205	150
2128	19	3			212	114
2129	2244	2353			335	218
2130	10	31			299	229
2131	0	15			118	169
2132	69	79			192	198
2133	0	0			262	183
2134	47	20			191	124
2135	499	509			189	168
2136	169	191			187	221
2137	14	40			167	197
2138	0	13			168	191
2139	0	25			168	291
2140	0	1			168	183
2141	31	38			184	153
2142	31	68			184	196
2143	0	0			159	141
2144	2	3			163	164
2145	0	0			123	165
2146	13	2			219	213
2147	0	3			167	167
2148	2	1			164	129
2149	5	6			169	170
2150	0	0			125	212
2151	12	67			293	231
2152	2	2			190	129
2153	341	103			243	243
2154	6	0			177	133
2155	60	182			185	298
2156	10	80			184	149
2157	18	178			184	149
2158	0	0			129	156
2159	404	290			297	225
2160	53	108			126	158
2161	0	0			130	159
2162	0	0			93	159
2163	107	250			156	221
2164	1	3			199	169
2165	1	3			193	169
2166	1	1			193	199
2167	265	129			250	162
2168	15	12			148	153
2169	14	11			156	148
2170	15	7			153	126
2171	1	1			120	90
2172	1	1			120	90
2173	1	1			90	90
2174	38	14			239	144
2175	153	90			301	225
2176	52	10			217	102
2177	0	0			168	98
2178	0	0			168	98
2179	131	67			184	145
2180	25	66			490	166
2181	0	66			109	166
2182	0	25			109	490
2183	28	355			170	329
2184	28	156			170	227
2185	1	15			216	207
2186	2	4			216	183
2187	0	0			135	149
2188	0	0			187	135
2189	194	7			108	111
2190	4	1			143	134
2191	120	53			209	105
2192	43	68			105	141
2193	7	3			172	140
2194	120	0			176	149
2195	120	82			176	280
2196	0	105			149	249
2197	61	266			128	218
2198	239	183			218	163
2199	32	62			151	164
2200	0	0			223	168
2201	970	2476			172	149
2202	3355	2476			169	149
2203	5	64			165	208
2204	6	64			193	208
2205	6	64			198	208
2206	28	24			122	160
2207	0	1			1325	189
2208	0	0			234	169
2209	0	1			234	189
2210	0	1			169	189
2211	1	1			189	213
2212	1	0			213	186
2213	1	0			213	274
2214	0	0			187	186
2215	0	0			186	274
2216	33	83			149	220
2217	190	155			236	196
2218	28	95			144	228
2219	0	0			174	134
2220	141	203			180	170
2221	5	4			147	175
2222	265	381			168	178
2223	3	1			221	255
2224	0	0			190	192
2225	37	2			150	87
2226	4	2			87	87
2227	0	4			138	255
2228	0	4			138	255
2229	0	4			153	255
2230	0	0			153	138
2231	0	1			153	138
2232	221	109			444	215
2233	141	150			198	177
2234	41	48			105	103
2235	192	250			165	193
2236	0	0			220	664
2237	93	104			295	208
2238	4	69			221	235
2239	20	0			206	210
2240	13	0			221	210
2241	563	4			206	161
2242	563	0			206	77
2243	4	0			161	77
2244	0	0			248	248
2245	0	0			127	127
2246	0	0			248	248
2247	0	2			127	127
2248	0	2			127	127
2249	0	0			127	127
2250	3	87			167	221
2251	0	0			169	126
2252	35	78			167	183
2253	0	1			156	150
2254	10	38			147	260
2255	5	1			135	154
2256	47	12			440	210
2257	3	6			198	230
2258	37	133			116	200
2259	116	2030			200	999
2260	1927	474			999	258
2261	249	271			239	210
2262	59	0			87	87
2263	59	2			87	193
2264	0	0			218	103
2265	0	0			360	151
2266	5	10			112	184
2267	156	55			158	130
2268	2	11			157	116
2269	18	11			181	116
2270	2	43			157	169
2271	18	43			181	169
2272	422	223			105	98
2273	450	521			129	296
2274	450	344			129	105
2275	379	345			129	105
2276	931	703			231	219
2277	1	148			138	176
2278	0	21			102	99
2279	380	149			144	111
2280	10	4			191	214
2281	25	3			197	106
2282	16	3			129	141
2283	1	1			230	204
2284	2	1			217	204
2285	0	0			200	175
2286	2	0			150	178
2287	0	0			136	167
2288	0	0			207	218
2289	0	10			193	192
2290	39	6			226	114
2291	9	27			166	345
2292	0	173			111	121
2293	69	227			141	312
2294	9	7			185	159
2295	0	0			166	224
2296	23	112			141	182
2297	22	51			141	135
2298	0	0			99	99
2299	2	0			134	99
2300	21	2			152	134
2301	10	0			152	134
2302	0	0			167	167
2303	0	1			83	83
2304	0	0			83	110
2305	0	0			83	83
2306	0	0			110	83
2307	1	0			132	141
2308	0	2			99	99
2309	0	8			120	117
2310	4	0			162	153
2311	162	373			157	324
2312	0	3			92	95
2313	360	3614			242	242
2314	26	75			259	583
2315	211	96			194	92
2316	150	96			245	92
2317	0	0			111	274
2318	74	58			144	142
2319	50	0			158	108
2320	0	0			147	207
2321	0	0			129	163
2322	0	0			129	213
2323	0	0			129	173
2324	0	2			129	209
2325	0	0			129	178
2326	0	0			213	173
2327	0	2			213	209
2328	0	0			213	178
2329	0	0			153	215
2330	0	2			173	209
2331	0	0			173	178
2332	0	0			173	215
2333	2	0			209	178
2334	0	0			181	178
2335	0	1			178	123
2336	11	4			279	194
2337	2	4			174	174
2338	8	8			166	152
2339	0	0			278	473
2340	0	0			166	234
2341	2	19			166	138
2342	0	0			163	146
2343	2	183			232	166
2344	60	124			202	219
2345	26	46			109	143
2346	91	103			186	194
2347	0	70			139	148
2348	0	0			154	144
2349	0	0			200	274
2350	79	99			191	147
2351	26	33			144	196
2352	50	38			195	149
2353	82	59			190	153
2354	0	0			163	111
2355	0	0			169	203
2356	0	0			196	203
2357	71	328			159	364
2358	18	0			176	120
2359	5	8			196	220
2360	10	5			248	144
2361	1	0			129	156
2362	22	2			177	117
2363	114	109			390	198
2364	1	373			129	639
2365	26	3			177	243
2366	412	523			358	283
2367	72	25			482	179
2368	0	0			150	109
2369	0	2			94	94
2370	8	7			183	183
2371	6	6			183	183
2372	122	6			204	183
2373	122	6			204	183
2374	0	2			121	133
2375	153	1			193	103
2376	27	7			145	164
2377	15	29			145	208
2378	0	0			126	193
2379	153	141			197	213
2380	0	0			119	326
2381	0	0			202	99
2382	0	0			116	99
2383	0	0			116	202
2384	0	0			173	205
2385	0	0			210	173
2386	45	13			237	306
2387	85	184			247	194
2388	159	184			189	194
2389	3	5			227	217
2390	8	4			285	278
2391	35	3			173	152
2392	15	18			191	208
2393	0	423			186	358
2394	0	166			186	186
2395	217	245			189	252
2396	4	18			258	258
2397	1	1			165	149
2398	11	14			156	168
2399	0	0			179	179
2400	4	0			135	135
2401	3	0			159	159
2402	3	2			159	108
2403	0	0			288	180
2404	2	75			109	381
2405	71	178			131	202
2406	73	103			229	177
2407	0	0			193	192
2408	13	1			264	111
2409	0	1			174	138
2410	0	10			174	297
2411	37	27			423	357
2412	26	19			180	168
2413	0	0			123	192
2414	0	0			143	137
2415	0	0			151	220
2416	6	8			201	240
2417	0	11			78	78
2418	0	0			93	93
2419	9	13			195	195
2420	437	4			163	198
2421	0	0			90	78
2422	0	0			117	78
2423	4	11			168	177
2424	12	40			130	186
2425	74	173			198	456
2426	41	1			169	215
2427	22	53			240	231
2428	108	190			213	286
2429	174	4			213	210
2430	28	0			210	210
2431	29	16			149	117
2432	25	41			202	240
2433	10	4			270	258
2434	4	12			210	270
2435	0	5			127	340
2436	2	2			172	163
2437	0	0			204	162
2438	4	3			179	225
2439	153	131			189	171
2440	0	0			202	366
2441	35	19			171	169
2442	3	5			186	186
2443	15	9			198	192
2444	1	25			137	178
2445	31	1			272	137
2446	37	5			256	113
2447	43	5			225	113
2448	34	12			256	113
2449	11	0			321	167
2450	0	0			464	228
2451	71	84			174	200
2452	0	1			182	163
2453	0	5			125	411
2454	51	19			338	201
2455	13	42			182	311
2456	77	138			235	402
2457	57	23			222	174
2458	8	150			174	293
2459	18	129			174	293
2460	89	215			181	176
2461	31	41			164	151
2462	7	9			155	170
2463	7	18			155	257
2464	0	19			157	203
2465	27	20			202	172
2466	72	118			261	273
2467	107	6			260	222
2468	94	57			260	231
2469	7	5			124	117
2470	94	182			227	289
2471	0	0			161	161
2472	4	2			132	120
2473	11	3			141	120
2474	7	16			141	138
2475	0	10			93	93
2476	3	8			90	228
2477	171	14			286	248
2478	0	0			131	141
2479	5	0			179	96
2480	375	585			204	221
2481	11	0			816	211
2482	5	44			337	536
2483	9	11			261	213
2484	0	18			160	245
2485	0	0			160	188
2486	2	0			175	208
2487	0	2			158	175
2488	2	9			81	170
2489	15	11			117	170
2490	11	56			147	249
2491	0	0			163	390
2492	0	12			194	397
2493	2	0			145	226
2494	1	1			130	178
2495	0	0			138	120
2496	136	9			208	127
2497	3	11			119	125
2498	2	0			368	152
2499	313	241			247	220
2500	0	0			81	81
2501	36	36			218	162
2502	0	0			172	172
2503	19	40			165	245
2504	17	17			264	264
2505	183	296			165	184
2506	2	0			173	192
2507	0	0			307	192
2508	71	30			315	115
2509	0	1			225	164
2510	0	0			145	160
2511	148	108			189	189
2512	48	1			160	144
2513	0	0			123	173
2514	0	0			93	93
2515	1	0			187	137
2516	0	0			240	240
2517	0	0			251	135
2518	0	0			191	133
2519	0	4			133	332
2520	166	269			128	159
2521	16	99			176	250
2522	284	386			232	204
2523	466	392			237	210
2524	63	26			180	121
2525	23	5			126	126
2526	7	20			126	138
2527	411	292			255	183
2528	2	91			149	173
2529	22	78			184	173
2530	61	52			201	224
2531	7	8			355	269
2532	26	84			164	286
2533	40	74			165	156
2534	40	26			165	153
2535	31	17			156	117
2536	28	59			170	201
2537	10	9			171	145
2538	73	68			197	210
2539	93	108			146	149
2540	19	141			171	247
2541	0	0			161	161
2542	304	259			188	150
2543	320	662			150	222
2544	0	0			198	152
2545	7	82			142	159
2546	25	21			142	113
2547	86	189			171	327
2548	211	124			327	204
2549	32	19			242	186
2550	21	32			162	196
2551	0	0			189	199
2552	29	28			156	177
2553	79	20			947	255
2554	242	16			257	158
2555	5	0			193	125
2556	145	157			267	221
2557	1	3			178	308
2558	109	3			325	308
2559	109	1			325	178
2560	142	140			152	152
2561	46	107			147	172
2562	0	0			168	98
2563	0	0			168	98
2564	4	2			224	157
2565	6	2			218	157
2566	356	208			267	175
2567	0	0			190	160
2568	0	1			190	168
2569	0	1			160	168
2570	0	0			157	114
2571	103	94			183	147
2572	63	45			162	125
2573	7	42			171	197
2574	21	35			177	220
2575	10	23			127	184
2576	0	0			123	192
2577	49	85			137	185
2578	707	1439			193	338
2579	6	10			123	132
2580	681	888			226	218
2581	432	652			223	255
2582	0	0			96	99
2583	0	0			248	171
2584	2	0			184	125
2585	54	125			153	185
2586	68	61			188	153
2587	108	145			220	231
2588	0	2			147	147
2589	0	2			147	147
2590	0	9			155	192
2591	21	18			277	271
2592	4	0			218	180
2593	3	0			173	180
2594	0	0			94	94
2595	0	0			87	87
2596	0	0			87	87
2597	0	0			87	87
2598	0	0			172	172
2599	57	137			182	312
2600	97	73			275	258
2601	118	7			234	196
2602	957	288			213	165
2603	144	57			729	238
2604	17	135			138	729
2605	15	151			138	729
2606	584	341			169	171
2607	263	29			171	134
2608	13	0			268	297
2609	5	0			199	297
2610	3	1			219	210
2611	0	0			141	243
2612	0	0			141	243
2613	10	14			186	182
2614	47	15			273	144
2615	253	25			263	236
2616	1	7			154	187
2617	1	54			154	146
2618	1	30			154	137
2619	7	54			187	146
2620	7	30			187	137
2621	0	3			165	147
2622	0	0			123	192
2623	8	3			138	168
2624	5	6			174	214
2625	2	1			218	306
2626	2	1			218	226
2627	1	1			306	226
2628	62	60			226	199
2629	254	40			145	150
2630	323	12			145	150
2631	323	10			145	147
2632	323	108			145	147
2633	323	198			145	289
2634	12	108			150	147
2635	12	198			150	289
2636	34	147			150	147
2637	34	237			150	289
2638	10	108			147	147
2639	10	198			147	289
2640	0	142			146	147
2641	0	0			194	181
2642	43	7			207	161
2643	10	1			173	247
2644	6	1			186	247
2645	4	1			166	247
2646	20	43			159	221
2647	11	17			186	214
2648	40	39			177	173
2649	50	418			129	292
2650	86	94			212	165
2651	0	94			144	165
2652	86	116			212	197
2653	41	102			131	212
2654	0	23			125	122
2655	64	169			199	237
2656	66	45			621	795
2657	0	0			109	143
2658	0	0			186	194
2659	3	0			219	189
2660	3	0			216	189
2661	4	3			126	148
2662	10	7			126	148
2663	10	13			126	148
2664	7	13			148	148
2665	13	9			148	148
2666	92	203			128	166
2667	47	109			117	128
2668	27	11			159	104
2669	27	46			173	204
2670	149	163			258	254
2671	92	159			188	261
2672	1	0			189	177
2673	6	3			196	160
2674	72	303			299	759
2675	28	165			120	117
2676	94	81			146	131
2677	0	0			387	366
2678	0	0			366	207
2679	6	7			276	202
2680	23	23			154	123
2681	23	19			154	118
2682	12	15			201	127
2683	1	192			197	277
2684	5	10			160	248
2685	11	5			204	160
2686	0	0			140	213
2687	0	0			123	140
2688	2	9			232	460
2689	55	125			159	190
2690	0	0			123	192
2691	29	12			258	178
2692	71	288			165	291
2693	476	412			165	138
2694	592	480			174	165
2695	292	354			145	136
2696	57	102			296	265
2697	0	0			147	150
2698	1771	7611			134	170
2699	204	15			352	180
2700	105	15			223	180
2701	185	22			352	180
2702	13	22			130	180
2703	533	22			156	180
2704	533	185			156	352
2705	533	13			156	130
2706	144	0			215	103
2707	70	111			143	215
2708	1	329			186	320
2709	0	2			208	219
2710	0	1			142	116
2711	0	0			195	386
2712	13	90			110	348
2713	79	18			348	122
2714	0	0			226	148
2715	333	764			201	204
2716	465	887			189	207
2717	348	1759			177	279
2718	353	1759			180	279
2719	64	115			162	228
2720	70	3			203	338
2721	0	0			192	228
2722	1	22			245	245
2723	15	10			126	212
2724	62	136			179	283
2725	0	0			195	219
2726	76	141			169	202
2727	112	85			202	139
2728	22	22			190	210
2729	4	28			126	173
2730	40	41			204	177
2731	17	21			180	162
2732	0	0			96	102
2733	0	0			96	96
2734	370	63			214	214
2735	222	2			87	87
2736	38	36			170	202
2737	0	0			177	162
2738	0	0			205	177
2739	0	0			132	205
2740	0	0			241	273
2741	3	49			172	164
2742	0	5			403	121
2743	0	0			109	165
2744	0	29			247	196
2745	0	29			173	196
2746	8	29			228	196
2747	2	29			197	196
2748	0	0			173	247
2749	8	0			228	247
2750	2	0			197	247
2751	8	0			228	173
2752	2	0			197	173
2753	2	8			197	228
2754	0	0			123	192
2755	138	145			186	156
2756	90	221			136	178
2757	139	214			186	178
2758	10	16			167	216
2759	0	3			90	198
2760	10	13			145	136
2761	0	0			129	129
2762	84	217			184	192
2763	0	0			78	78
2764	0	0			78	78
2765	0	0			78	78
2766	7	2			150	111
2767	64	1			220	220
2768	0	0			179	179
2769	0	0			159	159
2770	87	50			190	155
2771	0	0			96	213
2772	0	0			208	147
2773	61	46			206	203
2774	0	3			159	147
2775	2	2			141	135
2776	10	13			207	273
2777	59	189			150	170
2778	43	40			128	146
2779	3	1			198	171
2780	31	0			158	108
2781	3	4			209	155
2782	2	1			242	213
2783	15	26			387	327
2784	69	63			174	250
2785	232	219			250	245
2786	21	48			228	259
2787	6	7			220	173
2788	26	86			111	168
2789	74	13			168	105
2790	29	14			117	105
2791	3	8			155	148
2792	135	146			186	156
2793	283	371			153	204
2794	225	78			411	214
2795	40	57			189	224
2796	6	16			101	130
2797	35	54			182	177
2798	25	54			284	177
2799	61	50			315	192
2800	70	0			228	261
2801	0	226			119	218
2802	0	0			159	159
2803	0	0			123	181
2804	1	0			190	152
2805	188	528			151	246
2806	5	0			237	132
2807	110	304			204	274
2808	450	304			463	274
2809	181	92			142	119
2810	102	318			119	217
2811	0	0			138	195
2812	11	0			194	160
2813	11	309			101	196
2814	0	0			192	221
2815	0	0			177	221
2816	0	0			177	192
2817	0	0			148	214
2818	0	0			187	214
2819	0	0			138	140
2820	0	0			261	386
2821	0	0			128	261
2822	0	0			246	261
2823	5	0			168	98
2824	5	1			168	98
2825	51	33			267	158
2826	160	190			224	192
2827	160	138			224	338
2828	170	411			192	311
2829	0	3			147	141
2830	26	69			154	225
2831	39	64			180	181
2832	45	16			165	129
2833	0	0			96	96
2834	32	48			161	230
2835	33	40			128	112
2836	1	79			168	128
2837	1300	2514			169	202
2838	86	111			149	177
2839	56	68			146	149
2840	42	82			123	146
2841	31	32			141	123
2842	0	13			129	149
2843	4	13			221	139
2844	4	6			212	221
2845	72	103			183	180
2846	884	389			234	154
2847	0	0			147	141
2848	3	3			249	248
2849	7599	11367			182	207
2850	52	4			233	173
2851	120	113			427	182
2852	0	3			173	130
2853	157	218			175	207
2854	21	24			226	168
2855	18	5			154	173
2856	18	37			154	230
2857	37	36			191	230
2858	15	16			130	191
2859	0	0			184	219
2860	1	0			168	153
2861	0	6			110	241
2862	1	74			110	254
2863	0	1			168	184
2864	0	5			155	114
2865	0	0			102	132
2866	16	27			198	180
2867	0	0			223	168
2868	21	4			233	175
2869	52	38			234	254
2870	24	25			173	163
2871	17	51			178	250
2872	16	31			693	678
2873	3	39			173	339
2874	88	0			538	116
2875	15	0			132	116
2876	29	18			271	161
2877	13	16			120	144
2878	510	527			187	171
2879	657	995			171	246
2880	4	76			81	165
2881	79	65			192	177
2882	6	4			132	159
2883	4	0			150	147
2884	0	0			145	159
2885	0	2			190	190
2886	46	227			120	260
2887	12	16			208	164
2888	1	12			116	208
2889	631	1			87	151
2890	0	0			218	103
2891	0	0			360	151
2892	0	0			150	275
2893	169	291			162	234
2894	4	0			197	156
2895	0	0			194	128
2896	1	3			169	174
2897	0	0			152	148
2898	4	11			162	178
2899	4	1			162	112
2900	4	0			203	191
2901	19	2			145	214
2902	0	0			105	147
