ID	IJC_SAMPLE_1	SJC_SAMPLE_1	IJC_SAMPLE_2	SJC_SAMPLE_2	IncFormLen	SkipFormLen
0	0	0			150	137
1	0	0			150	137
2	0	0			150	150
3	0	0			150	98
4	0	0			150	98
5	0	0			138	150
6	0	0			138	150
7	0	0			150	150
8	0	0			150	138
9	0	0			150	138
10	0	0			150	137
11	0	0			150	137
12	0	0			150	150
13	0	0			138	150
14	0	0			138	150
15	0	0			150	150
16	0	0			150	138
17	0	0			150	138
18	0	0			123	150
19	0	0			150	137
20	0	0			150	137
21	0	0			150	150
22	0	0			138	150
23	0	0			138	150
24	0	0			150	150
25	0	0			150	138
26	0	0			150	138
27	0	0			150	150
28	0	0			150	108
29	0	0			150	111
30	0	0			123	150
31	0	0			150	137
32	0	0			150	137
33	0	0			150	150
34	0	0			138	150
35	0	0			138	150
36	0	0			150	150
37	0	0			150	138
38	0	0			150	138
39	0	0			123	150
40	0	0			150	137
41	0	0			150	137
42	0	0			150	150
43	0	0			150	98
44	0	0			150	98
45	0	0			150	111
46	0	0			150	150
47	0	0			150	150
48	0	0			150	150
49	0	0			147	141
50	0	0			150	103
51	0	0			150	150
52	0	0			150	150
53	0	0			111	150
54	0	0			150	103
55	0	0			150	150
56	0	0			147	141
57	0	0			150	103
58	0	0			150	150
59	0	0			150	150
60	0	0			147	141
61	0	0			111	150
62	0	0			150	150
63	0	0			147	141
64	0	0			150	150
65	0	0			150	103
66	0	0			150	150
67	0	0			84	102
68	0	0			148	150
69	0	0			150	150
70	0	0			150	150
71	0	0			141	150
72	0	0			138	150
73	0	0			150	150
74	0	0			99	126
75	0	0			99	102
76	0	0			102	126
77	0	0			102	129
78	0	0			150	150
79	0	0			150	150
80	0	0			150	150
81	0	0			150	121
82	0	0			150	150
83	0	0			150	150
84	0	0			150	150
85	0	0			150	150
86	0	0			150	150
87	0	0			150	150
88	0	0			150	150
89	0	0			150	150
90	0	0			150	108
91	0	0			126	150
92	0	0			150	103
93	0	0			150	150
94	0	0			150	150
95	0	0			150	150
96	3	0			150	150
97	0	0			123	150
98	0	0			106	150
99	0	0			150	150
100	348	414			136	150
101	297	299			150	136
102	139	275			138	150
103	0	4			150	150
104	4	9			150	147
105	0	0			150	150
106	0	0			150	111
107	0	0			150	150
108	17	31			150	150
109	0	0			150	150
110	0	106			115	150
111	0	0			111	105
112	3	38			150	150
113	0	0			150	150
114	0	0			150	114
115	0	0			150	123
116	0	0			150	150
117	6	0			150	150
118	19	0			150	121
119	24	0			150	150
120	0	0			93	90
121	666	726			143	150
122	4	6			150	150
123	4	6			144	111
124	0	0			93	93
125	67	79			150	150
126	0	0			150	126
127	0	0			150	150
128	0	0			126	150
129	0	2			150	150
130	32	58			150	150
131	148	8			150	150
132	0	0			150	150
133	20	32			123	140
134	178	144			150	150
135	0	0			150	150
136	91	16			150	150
137	306	289			150	150
138	83	44			150	146
139	0	142			150	150
140	14	34			150	150
141	6	13			150	150
142	0	4			136	150
143	0	3			150	150
144	61	92			150	150
145	0	0			150	150
146	10	4			142	150
147	3	3			150	150
148	20	39			150	150
149	0	0			150	150
150	35	0			115	118
151	23	20			150	150
152	73	18			150	146
153	22	0			150	77
154	28	5			150	150
155	22	0			150	113
156	28	0			150	113
157	28	0			150	150
158	2	3			150	150
159	15	48			105	150
160	12	9			146	150
161	14	5			150	150
162	3	145			150	122
163	147	145			150	122
164	3	16			146	150
165	0	0			150	119
166	0	7			150	130
167	8	0			150	119
168	0	7			119	130
169	0	5			150	150
170	3	11			150	130
171	6	57			121	150
172	1	57			121	150
173	4	57			150	150
174	24	57			150	150
175	4	1			150	121
176	24	1			150	121
177	11	5			147	144
178	0	0			150	150
179	3	22			150	150
180	0	0			150	133
181	13	8			129	148
182	51	63			148	150
183	9	63			150	150
184	9	51			150	148
185	0	2			150	150
186	0	2			150	150
187	45	9			150	150
188	76	89			150	143
189	358	637			150	145
190	0	3			141	150
191	1	7			150	150
192	99	47			150	132
193	44	38			150	150
194	99	564			150	144
195	0	0			117	150
196	7	78			150	150
197	61	82			150	150
198	0	0			150	150
199	0	0			150	150
200	57	2			150	150
201	97	214			150	150
202	0	0			123	150
203	0	88			150	150
204	27	28			150	150
205	1	104			150	150
206	0	8			150	150
207	3	4			150	150
208	168	1			148	150
209	16	106			150	150
210	141	122			142	119
211	137	97			142	101
212	104	100			150	150
213	0	8			150	150
214	97	203			148	123
215	483	204			148	123
216	175	544			123	150
217	19	161			131	150
218	0	0			141	139
219	4	0			150	118
220	559	3			150	150
221	559	12			150	150
222	3	12			150	150
223	0	0			150	150
224	0	0			150	150
225	0	0			150	150
226	58	51			150	150
227	1	0			150	122
228	0	2			150	150
229	4	0			106	150
230	10	26			97	97
231	0	0			111	150
232	0	0			150	103
233	0	0			150	150
234	12	9			150	150
235	7	12			113	150
236	0	0			150	150
237	0	0			136	150
238	0	0			147	150
239	10	0			133	150
240	33	55			150	143
241	16	0			150	150
242	1	12			150	150
243	0	0			148	150
244	789	965			150	150
245	183	17			150	150
246	371	16			150	141
247	0	1			150	150
248	0	1			150	150
249	0	0			150	150
250	80	66			150	136
251	35	0			150	120
252	0	0			150	150
253	0	0			150	150
254	217	364			129	136
255	0	6			124	121
256	4	4			150	150
257	499	928			150	117
258	0	0			122	119
259	19	223			133	146
260	3	4			150	150
261	22	68			150	150
262	102	117			150	150
263	0	0			150	118
264	7	0			150	150
265	103	2			85	85
266	0	0			150	150
267	331	483			150	150
268	0	0			143	143
269	0	0			103	143
270	0	2			150	150
271	8	104			150	150
272	1	104			131	150
273	1	8			131	150
274	0	0			150	150
275	69	0			138	150
276	582	3			150	150
277	7	16			150	150
278	5	2			137	150
279	0	0			150	150
280	0	0			150	150
281	0	0			150	150
282	0	0			150	150
283	0	2			150	150
284	9	7			150	150
285	1	7			150	150
286	148	241			140	150
287	0	0			133	102
288	74	100			150	150
289	74	148			150	150
290	0	0			150	150
291	9	39			150	150
292	96	101			150	150
293	41	38			150	150
294	0	0			150	132
295	43	27			150	150
296	184	55			144	150
297	0	0			150	150
298	0	0			150	150
299	0	0			150	150
300	0	0			150	150
301	32	20			150	150
302	0	0			150	150
303	0	0			150	150
304	0	0			125	143
305	0	0			150	150
306	0	0			150	150
307	0	0			150	150
308	0	0			150	150
309	0	0			150	150
310	0	0			150	136
311	0	0			116	150
312	0	2			123	150
313	0	0			150	150
314	1	44			150	141
315	15	7			150	150
316	0	0			150	150
317	0	0			150	150
318	0	0			150	150
319	0	0			150	150
320	0	0			150	150
321	0	0			150	150
322	0	0			150	150
323	0	0			150	150
324	0	0			150	150
325	0	0			150	150
326	0	0			150	150
327	0	0			150	150
328	8	15			145	150
329	14	77			150	150
330	27	67			150	150
331	40	79			150	150
332	0	0			150	150
333	0	0			150	150
334	0	0			150	121
335	16	19			150	150
336	13	15			150	108
337	13	20			150	134
338	29	20			108	150
339	37	46			122	150
340	73	114			150	150
341	56	260			117	149
342	60	250			150	149
343	0	47			131	125
344	90	0			150	150
345	41	0			150	150
346	1	4			149	150
347	7	0			148	150
348	0	0			150	150
349	0	0			150	150
350	1	5			150	144
351	3	3			150	150
352	820	925			150	150
353	0	1			150	150
354	8	61			138	150
355	37	28			150	150
356	4	15			120	120
357	0	0			133	150
358	1	0			150	114
359	52	90			150	150
360	33	4			150	134
361	4	0			127	126
362	3	0			150	150
363	2	15			129	150
364	0	0			150	123
365	0	0			150	150
366	32	265			150	143
367	33	265			150	143
368	0	0			150	150
369	7	14			150	150
370	0	0			129	150
371	54	50			150	144
372	18	69			150	150
373	50	54			150	150
374	2	339			100	100
375	26	52			119	150
376	13	2			127	119
377	110	294			150	150
378	1	3			150	95
379	0	0			150	96
380	0	0			135	150
381	8	2			150	150
382	0	0			150	150
383	67	92			150	141
384	55	61			150	150
385	0	0			150	150
386	6	9			150	150
387	7	0			150	150
388	11	0			150	142
389	8	11			150	150
390	58	40			136	150
391	3	0			150	138
392	3	0			150	147
393	0	0			138	147
394	7	25			123	150
395	0	0			150	150
396	13	2			150	150
397	0	2			150	150
398	7	11			150	150
399	383	407			150	150
400	31	46			150	150
401	193	188			150	150
402	4	249			117	150
403	177	113			150	150
404	8	3			150	150
405	0	0			150	150
406	0	0			150	133
407	0	0			108	135
408	8	104			150	150
409	0	0			150	150
410	0	0			150	150
411	12	145			150	148
412	3	0			150	150
413	12	37			150	150
414	17	0			140	150
415	538	576			114	150
416	402	398			135	102
417	146	150			131	150
418	76	47			150	150
419	11	3			150	150
420	0	0			150	150
421	1	0			150	150
422	11	13			150	150
423	0	10			150	150
424	1	10			150	150
425	13	10			150	150
426	0	0			150	150
427	0	0			150	150
428	0	0			150	104
429	20	3			150	150
430	0	0			150	150
431	109	41			150	150
432	18	9			150	150
433	1	10			95	150
434	0	0			150	150
435	5	15			150	150
436	5	15			150	150
437	0	0			84	84
438	25	17			150	150
439	1	0			150	150
440	1	0			150	150
441	2	55			102	150
442	2	4			128	150
443	12	2			150	128
444	39	81			150	150
445	100	165			150	150
446	2	73			150	135
447	32	81			150	129
448	4	31			147	147
449	0	7			150	150
450	5	7			150	150
451	5	0			150	150
452	7	0			150	133
453	1	0			150	150
454	22	435			150	150
455	33	13			150	150
456	12	19			150	146
457	29	9			150	150
458	0	0			150	150
459	13	14			150	150
460	7	48			150	150
461	148	109			150	118
462	0	0			150	150
463	3	0			150	150
464	3	0			150	150
465	43	4			143	150
466	729	0			127	150
467	84	16			150	150
468	9	12			150	150
469	66	74			147	150
470	69	74			150	150
471	0	1			150	150
472	10	2			150	150
473	0	23			150	150
474	1197	0			147	150
475	0	0			150	84
476	0	0			150	84
477	0	0			150	150
478	19	9			150	150
479	0	1			150	150
480	0	13			145	150
481	0	11			145	150
482	239	336			150	150
483	5	24			139	137
484	0	36			150	150
485	33	18			150	150
486	18	4			150	150
487	20	10			150	150
488	1573	1743			150	147
489	3	0			150	150
490	52	90			143	150
491	199	242			135	143
492	1	0			150	119
493	0	0			79	82
494	5	1			150	150
495	13	13			150	150
496	0	0			150	150
497	0	0			150	150
498	0	14			108	144
499	0	8			108	102
500	0	0			78	150
501	17	461			150	150
502	17	201			150	150
503	14	6			111	150
504	8	0			150	150
505	1	0			150	150
506	6	0			113	137
507	216	324			150	150
508	208	4			125	150
509	105	158			118	150
510	168	274			150	150
511	22	24			150	150
512	53	106			150	150
513	0	0			150	150
514	363	303			150	150
515	564	64			150	150
516	0	0			150	125
517	175	292			148	150
518	0	8			150	150
519	0	0			150	81
520	26	0			138	150
521	0	0			150	150
522	0	0			150	150
523	0	0			150	150
524	24	4			150	150
525	24	32			150	150
526	0	0			150	150
527	0	0			150	150
528	8	29			150	150
529	129	418			150	150
530	273	661			150	150
531	54	0			149	137
532	16	26			150	150
533	0	0			98	98
534	0	0			81	81
535	30	2			128	132
536	0	0			150	105
537	0	0			117	105
538	0	6			150	150
539	0	5			150	150
540	23	20			129	150
541	8	51			150	132
542	6	0			150	150
543	10	0			150	150
544	0	43			147	144
545	23	31			147	150
546	3	11			150	150
547	5	1			150	150
548	8	10			133	147
549	4	16			147	150
550	11	3			150	140
551	84	140			150	150
552	1	1			150	150
553	10	32			114	149
554	296	425			135	150
555	0	0			147	141
556	0	0			150	150
557	0	2			150	146
558	13	0			84	84
559	13	2			150	150
560	29	41			144	150
561	1	0			150	150
562	20564	32512			120	120
563	21732	29262			120	120
564	23014	29126			126	120
565	23051	18999			126	120
566	3	3			150	150
567	2	0			150	150
568	4	0			150	150
569	50	50			144	108
570	88	93			150	150
571	65	34			149	130
572	0	0			150	141
573	0	0			150	150
574	1	104			130	150
575	64	51			150	130
576	64	64			150	150
577	64	64			150	150
578	0	10			150	150
579	0	21			150	115
580	1	0			150	150
581	50	48			150	150
582	0	0			150	150
583	3	0			126	150
584	0	0			150	150
585	0	6			150	120
586	0	0			150	135
587	0	0			96	96
588	9	11			150	116
589	0	0			150	150
590	0	0			129	137
591	0	0			150	150
592	316	0			100	100
593	11	2			150	150
594	0	0			150	150
595	0	0			150	150
596	8	5			150	114
597	14	24			150	150
598	0	0			150	125
599	0	0			150	150
600	0	5			150	147
601	0	6			150	142
602	6	0			142	150
603	0	0			142	111
604	0	0			150	150
605	21	14			133	150
606	19	0			150	114
607	23	30			137	150
608	1	0			150	150
609	3	35			150	150
610	0	0			150	150
611	0	0			150	150
612	0	0			150	148
613	53	25			150	150
614	0	0			150	150
615	11	109			103	150
616	3	3			150	150
617	0	385			76	150
618	1	5			150	150
619	1	0			138	150
620	75	84			150	150
621	21	4			150	150
622	34	48			143	150
623	16	0			150	138
624	90	0			150	138
625	90	16			150	150
626	0	0			110	127
627	0	0			126	150
628	25	41			150	150
629	267	247			150	150
630	7	0			125	150
631	0	0			150	142
632	4	2			150	150
633	11	3			150	150
634	0	3			143	150
635	0	0			141	150
636	0	0			123	99
637	0	2			150	150
638	0	0			150	131
639	0	0			150	150
640	25	30			150	150
641	0	6			150	150
642	2	32			150	150
643	2	54			150	150
644	30	96			150	150
645	37	17			126	150
646	1	8			150	150
647	6	1			150	150
648	2	0			150	150
649	0	0			150	150
650	0	0			150	150
651	42	23			150	150
652	0	0			120	150
653	16	0			147	150
654	3845	5387			141	150
655	14	5387			150	150
656	22	5387			150	150
657	47	39			150	146
658	78	0			150	150
659	1	1			135	150
660	0	0			150	150
661	0	4			150	126
662	0	11			121	144
663	0	59			150	110
664	26	2			150	126
665	0	0			150	150
666	84	0			150	150
667	70	80			150	150
668	2424	6371			150	150
669	2	5			150	138
670	12	11			150	138
671	1	15			114	150
672	2	63			150	150
673	11	36			150	150
674	13	65			150	146
675	20	0			150	150
676	14	0			150	150
677	5	20			143	150
678	0	27			150	142
679	84	10			150	150
680	84	10			150	150
681	84	7			150	150
682	0	0			81	81
683	68	60			150	146
684	189	220			150	150
685	17	0			150	150
686	17	0			150	150
687	17	17			150	150
688	8	45			134	150
689	0	0			150	102
690	7	0			111	114
691	8	24			134	118
692	6	122			150	150
693	0	0			150	150
694	1	0			150	150
695	0	0			150	150
696	0	0			87	84
697	0	0			150	147
698	0	0			150	150
699	0	0			150	150
700	7	51			150	150
701	0	0			142	106
702	79	0			83	83
703	0	0			150	150
704	0	0			84	84
705	9	13			150	150
706	80	3			92	92
707	0	0			99	99
708	0	0			150	150
709	3	0			150	144
710	3	0			150	150
711	0	0			144	150
712	17	25			150	150
713	16	2			150	150
714	15	41			150	150
715	0	0			150	150
716	0	0			150	133
717	0	0			150	150
718	0	0			150	150
719	0	0			133	150
720	0	1			150	150
721	0	1			150	150
722	66	46			132	150
723	107	16			150	150
724	0	0			150	109
725	0	0			150	150
726	0	0			150	150
727	4	11			150	150
728	413	1			150	150
729	514	1			150	150
730	26	74			150	141
731	4	4			150	150
732	29	56			150	150
733	76	12			125	136
734	0	0			150	128
735	14	5			150	150
736	74	0			150	150
737	217	62			147	150
738	2	0			150	132
739	3	0			150	132
740	3	2			150	150
741	11	13			112	150
742	2196	68			150	150
743	3331	28			107	113
744	47	62			150	150
745	0	6			150	150
746	0	0			150	150
747	27	10			150	150
748	27	6			150	124
749	32	32			150	150
750	2	73			150	150
751	2	49			150	110
752	0	0			138	149
753	51	0			150	150
754	29	0			150	150
755	7010	1526			150	150
756	0	1			150	150
757	2	0			150	150
758	0	0			150	150
759	3	13			150	150
760	9	0			150	114
761	90	201			150	150
762	1	7			150	150
763	0	0			114	150
764	24	24			122	147
765	24	12			150	150
766	2	23			150	108
767	0	4			150	143
768	164	276			150	150
769	0	0			97	99
770	14	0			150	150
771	10	31			120	120
772	0	0			135	150
773	8	5			150	150
774	4	14			150	150
775	0	0			150	150
776	16	10			150	108
777	2	29			113	150
778	0	0			87	87
779	1	2			102	150
780	11	7			150	150
781	36	58			150	150
782	24	24			136	150
783	0	0			150	150
784	15	101			124	150
785	1	7			99	100
786	0	0			150	150
787	30	18			150	150
788	0	0			150	150
789	0	0			150	150
790	61	77			150	150
791	18	86			114	150
792	1	0			150	150
793	7	5			150	150
794	0	0			90	90
795	0	0			90	78
796	0	0			117	78
797	22	61			150	150
798	0	200			113	142
799	98	200			142	142
800	98	0			142	113
801	378	388			150	150
802	82	105			138	150
803	0	0			150	150
804	5	1			150	150
805	8	2			148	150
806	4	2			150	150
807	4	1			148	150
808	8	7			150	150
809	11	6			109	141
810	12	87			147	150
811	9	87			150	150
812	0	0			150	121
813	0	1			136	128
814	0	5			150	150
815	0	7			150	138
816	0	7			150	150
817	17	30			150	150
818	1	0			150	150
819	0	7			150	150
820	0	3			150	150
821	0	6			150	150
822	0	2			150	150
823	0	0			87	90
824	1	3			128	150
825	90	77			150	150
826	2200	6271			103	150
827	5199	6271			150	150
828	16	25			150	150
829	28	84			113	150
830	2	0			150	133
831	58	0			150	150
832	3	0			150	150
833	0	0			150	150
834	0	0			150	105
835	0	0			87	87
836	0	0			150	150
837	0	1			150	150
838	0	1			150	150
839	1	1			150	150
840	80	104			150	150
841	84	117			150	150
842	72	80			150	150
843	244	11			150	150
844	0	0			150	124
845	4	0			150	106
846	11	2			150	150
847	0	0			150	150
848	0	0			150	150
849	3	21			102	120
850	35	74			132	150
851	3	4			150	150
852	0	0			150	150
853	0	0			150	150
854	0	0			150	150
855	5	4			141	149
856	5	5			141	150
857	2	3			150	150
858	0	0			150	150
859	19	37			114	102
860	3	37			126	102
861	49	43			150	102
862	59	23			150	102
863	11	11			150	150
864	12	86			150	150
865	20	47			150	150
866	86	1			150	150
867	0	0			150	150
868	0	0			150	131
869	0	0			150	131
870	0	92			98	150
871	0	2			150	150
872	100	0			150	150
873	5	2			150	150
874	0	59			150	150
875	1	0			117	150
876	0	76			150	150
877	0	0			150	150
878	0	0			150	150
879	0	0			150	150
880	34	23			150	150
881	0	0			127	129
882	0	0			150	150
883	7	0			150	140
884	4	12			150	150
885	0	0			150	150
886	1	0			150	150
887	0	8			141	150
888	0	0			110	150
889	0	0			110	150
890	0	0			150	146
891	1	35			124	128
892	85	0			150	150
893	0	10			150	136
894	5	25			150	150
895	0	1			98	95
896	2	21			130	150
897	0	1			150	150
898	2	49			106	150
899	45	25			135	150
900	0	155			79	150
901	1	5			98	150
902	0	11			150	150
903	39	2			150	150
904	22	32			150	150
905	1	2			150	150
906	0	0			132	132
907	36	39			150	150
908	2	54			150	150
909	21	53			150	150
910	8	4			93	93
911	7	0			96	90
912	7	5			96	90
913	11	0			87	99
914	0	30			116	116
915	426	392			150	150
916	0	0			150	150
917	32	37			146	150
918	33	66			150	150
919	41	1			98	101
920	303	416			150	150
921	457	601			150	150
922	99	165			150	150
923	153	217			150	150
924	0	309			150	150
925	444	239			150	148
926	12	51			150	150
927	0	4			150	150
928	0	0			150	150
929	10	4			150	150
930	3	13			138	150
931	3	0			150	150
932	0	0			150	150
933	254	387			150	150
934	288	584			150	150
935	21	9			150	150
936	0	455			150	150
937	4	0			150	150
938	461	439			150	150
939	3	31			136	150
940	0	0			150	150
941	0	0			150	136
942	0	0			150	136
943	21	4			129	133
944	1	101			133	150
945	5	96			133	150
946	11	11			146	150
947	7	52			150	150
948	14	40			150	150
949	1	71			150	122
950	138	164			109	126
951	118	15			150	150
952	0	3			150	135
953	0	3			150	135
954	0	1			141	150
955	0	0			138	150
956	51	0			87	87
957	0	1			150	150
958	19	13			150	150
959	7	15			150	150
960	0	12			150	98
961	0	0			146	135
962	0	0			150	150
963	6	24			130	150
964	6	16			130	121
965	21	55			150	150
966	1	3			150	150
967	26	63			107	134
968	20	15			150	150
969	0	22			150	150
970	0	0			81	81
971	2	5			150	150
972	3	16			150	150
973	0	0			150	150
974	0	0			150	150
975	0	0			150	150
976	0	0			150	150
977	0	0			84	84
978	0	0			123	150
979	1	2			150	150
980	0	0			150	150
981	0	0			150	131
982	7	1			143	119
983	12	1			150	119
984	482	378			150	138
985	0	2			150	150
986	0	0			138	150
987	43	12			128	150
988	96	85			150	137
989	0	0			150	150
990	145	43			150	150
991	0	0			150	150
992	0	0			150	150
993	0	0			150	150
994	33	81			137	150
995	48	18			150	128
996	0	0			150	150
997	0	8			150	150
998	0	0			150	127
999	8	0			150	127
1000	0	0			96	90
1001	1	25			150	150
1002	7	21			150	150
1003	5	7			150	150
1004	8	12			150	150
1005	3	7			150	150
1006	10	1			150	150
1007	0	0			150	95
1008	0	0			150	137
1009	0	0			95	137
1010	1	1			147	141
1011	3	1			150	141
1012	3	1			150	147
1013	0	0			108	150
1014	1	0			148	150
1015	0	2			150	150
1016	0	0			150	150
1017	0	0			150	150
1018	0	2			150	150
1019	0	0			150	150
1020	15	68			150	147
1021	4	6			150	150
1022	5	32			131	150
1023	16	36			150	150
1024	0	0			81	81
1025	0	0			150	150
1026	4	36			81	144
1027	0	36			81	144
1028	0	4			81	81
1029	0	15			150	150
1030	352	546			150	150
1031	46	50			150	150
1032	0	0			150	150
1033	86	12			150	135
1034	0	0			150	150
1035	6	4			148	150
1036	0	0			150	137
1037	0	0			150	150
1038	1	0			132	150
1039	14	19			148	150
1040	14	8			148	150
1041	35	5			138	97
1042	1	38			150	150
1043	0	1			150	150
1044	0	0			150	150
1045	49	81			150	150
1046	36	50			150	150
1047	1	0			150	150
1048	1426	1325			150	150
1049	7	29			150	150
1050	17	0			150	150
1051	0	4			150	150
1052	0	0			150	150
1053	14	24			150	150
1054	5	21			150	150
1055	0	0			150	150
1056	342	344			150	131
1057	0	3			150	150
1058	0	0			150	150
1059	35	12			150	150
1060	53	12			150	150
1061	9	0			90	93
1062	3	0			147	150
1063	17	19			150	150
1064	111	137			150	150
1065	0	0			150	103
1066	3	0			150	150
1067	0	0			120	150
1068	0	0			150	150
1069	0	0			150	120
1070	0	0			150	120
1071	0	0			150	150
1072	0	0			150	150
1073	0	0			111	114
1074	98	111			150	147
1075	5	1743			150	147
1076	1573	8			150	150
1077	0	6			150	150
1078	0	6			150	150
1079	0	0			150	150
1080	1	15			121	135
1081	0	15			119	112
1082	404	484			150	125
1083	0	18			102	150
1084	0	0			90	87
1085	9	7			150	150
1086	313	0			96	96
1087	0	0			150	150
1088	64	266			150	150
1089	4	13			114	144
1090	0	0			147	141
1091	4	7			150	150
1092	1171	464			150	150
1093	3	3			150	150
1094	0	0			150	150
1095	15	80			136	150
1096	26	70			126	123
1097	26	54			126	150
1098	13	22			129	135
1099	15	25			111	135
1100	10	0			111	150
1101	16	0			129	150
1102	2	0			150	150
1103	0	0			110	93
1104	0	0			150	150
1105	0	1			150	150
1106	0	1			150	150
1107	5	10			150	150
1108	5	5			150	150
1109	0	2			150	150
1110	2	2			150	150
1111	53	57			150	150
1112	0	0			150	114
1113	3	6			150	126
1114	0	0			132	150
1115	0	0			150	150
1116	63	85			150	150
1117	134	0			150	150
1118	0	21			150	150
1119	72	0			150	150
1120	103	63			150	150
1121	0	110			150	135
1122	38	0			140	150
1123	1	6			142	150
1124	2	0			90	105
1125	5	11			150	150
1126	87	43			150	150
1127	24	7			150	150
1128	0	0			150	150
1129	19	6			150	136
1130	10	26			120	140
1131	2	61			150	150
1132	0	0			150	150
1133	0	0			150	150
1134	6	0			150	150
1135	6	0			150	150
1136	0	0			150	150
1137	6	0			150	150
1138	6	0			150	150
1139	6	0			150	150
1140	6	0			150	150
1141	0	26			121	150
1142	0	0			121	133
1143	0	0			150	133
1144	0	0			150	121
1145	5	4			150	150
1146	11	0			141	150
1147	0	9			150	150
1148	450	729			150	150
1149	0	0			150	150
1150	1104	1369			150	150
1151	52	270			150	150
1152	0	0			150	150
1153	0	1			150	150
1154	3	7			150	150
1155	3	7			150	150
1156	1	4			134	150
1157	4	21			102	150
1158	0	6			150	150
1159	67	82			150	150
1160	73	106			149	150
1161	0	4			150	100
1162	7	1			150	150
1163	0	0			150	114
1164	11	28			150	150
1165	0	0			150	98
1166	10	3			150	150
1167	0	4			150	150
1168	0	2			150	150
1169	0	0			150	150
1170	0	13			150	150
1171	0	0			150	150
1172	0	0			84	96
1173	0	0			144	93
1174	0	0			102	117
1175	0	3			133	117
1176	0	0			150	109
1177	15	1			150	109
1178	4	0			150	150
1179	22	10			144	132
1180	0	0			135	150
1181	37	61			150	150
1182	393	719			150	150
1183	79	3			150	150
1184	81	220			150	150
1185	0	0			150	106
1186	0	0			150	150
1187	0	0			150	150
1188	0	4			111	150
1189	55	75			141	150
1190	44	6			150	150
1191	44	40			150	150
1192	6	40			150	150
1193	0	0			150	150
1194	0	0			123	150
1195	31	33			150	150
1196	57	137			150	150
1197	83	66			150	150
1198	0	0			150	130
1199	0	0			150	149
1200	19	40			150	150
1201	19	8			150	150
1202	19	8			150	121
1203	23	8			150	121
1204	40	8			150	150
1205	40	8			150	121
1206	18	31			150	143
1207	35	8			150	121
1208	13	31			150	143
1209	1	45			150	150
1210	0	0			150	150
1211	6	6			147	137
1212	0	0			114	150
1213	0	0			133	150
1214	31	0			150	87
1215	57	142			150	150
1216	0	5			150	150
1217	2	8			150	150
1218	1	2			150	150
1219	0	0			150	150
1220	0	0			150	150
1221	0	0			84	93
1222	0	3			150	150
1223	27	53			150	146
1224	0	0			110	150
1225	0	0			150	150
1226	0	1			137	150
1227	0	0			150	150
1228	13	0			150	150
1229	30	12			150	150
1230	4	1			150	150
1231	44	59			150	150
1232	3	7			150	149
1233	1	0			150	150
1234	0	0			78	78
1235	0	0			150	150
1236	177	277			150	150
1237	11	37			150	150
1238	56	56			150	139
1239	56	62			150	150
1240	27	62			139	150
1241	49	68			139	150
1242	37	0			150	150
1243	14	39			143	150
1244	0	0			150	99
1245	0	23			150	81
1246	0	8			135	150
1247	0	0			128	150
1248	4	34			150	150
1249	64	66			150	150
1250	110	49			150	150
1251	0	1			150	150
1252	3	6			150	150
1253	0	0			134	150
1254	0	0			114	150
1255	0	0			150	92
1256	19	18			150	150
1257	15	4			150	127
1258	0	0			150	150
1259	13	43			127	150
1260	0	41			150	150
1261	0	0			148	150
1262	7	0			150	150
1263	2	0			150	150
1264	2	0			150	150
1265	0	0			150	150
1266	0	0			150	150
1267	0	0			150	150
1268	0	0			150	150
1269	0	0			150	103
1270	0	0			150	150
1271	0	0			150	150
1272	4	88			144	150
1273	0	1			150	133
1274	0	0			150	150
1275	0	0			150	150
1276	2	0			149	149
1277	0	12			150	150
1278	0	17			105	133
1279	53	410			150	149
1280	91	5			150	123
1281	0	1			150	150
1282	0	1			150	150
1283	1	1			150	150
1284	1	0			150	150
1285	1	0			150	150
1286	2	0			121	147
1287	0	0			150	150
1288	39	38			150	150
1289	7	0			150	140
1290	69	22			150	150
1291	0	0			150	150
1292	44	64			150	150
1293	4	8			150	150
1294	17	29			150	150
1295	237	344			150	150
1296	64	28			150	128
1297	109	80			150	150
1298	0	0			144	131
1299	20	10			150	150
1300	65	67			150	150
1301	1	2			126	150
1302	133	87			150	131
1303	46	73			120	150
1304	37	90			120	131
1305	11	0			150	150
1306	101	239			150	150
1307	149	106			150	150
1308	4	0			150	150
1309	0	3			150	121
1310	71	10			150	150
1311	0	2			150	150
1312	371	81			150	150
1313	0	0			150	150
1314	0	0			99	99
1315	10	1			134	150
1316	10	1			150	150
1317	0	0			150	150
1318	12	16			129	150
1319	6	0			125	115
1320	12	14			150	138
1321	0	4			150	150
1322	0	1			150	150
1323	0	1			150	150
1324	0	0			141	150
1325	0	0			150	130
1326	0	0			150	130
1327	0	0			150	150
1328	0	0			150	150
1329	0	0			150	150
1330	0	0			150	150
1331	0	0			150	136
1332	1	0			150	150
1333	121	81			141	143
1334	104	177			143	146
1335	89	128			146	133
1336	25	32			150	150
1337	9	24			146	150
1338	99	137			150	150
1339	1	0			134	150
1340	57	10			150	150
1341	0	0			96	96
1342	13	1			150	150
1343	0	0			147	141
1344	0	1			150	150
1345	0	16			150	140
1346	0	0			123	150
1347	0	0			123	150
1348	0	0			123	78
1349	0	0			150	78
1350	0	0			150	78
1351	56	52			150	150
1352	92	0			79	79
1353	4	88			150	150
1354	0	0			150	150
1355	6	0			150	150
1356	777	302			150	150
1357	0	0			150	150
1358	1	0			150	150
1359	22	9			150	150
1360	370	39			113	136
1361	30	25			150	150
1362	0	0			150	150
1363	0	0			115	150
1364	9	7			150	150
1365	0	0			139	128
1366	0	0			108	123
1367	31	28			150	150
1368	65	0			128	79
1369	0	9			150	150
1370	0	0			150	150
1371	9	0			150	150
1372	56	147			150	144
1373	139	2			150	76
1374	0	0			150	136
1375	127	42			138	135
1376	73	94			135	150
1377	0	0			150	150
1378	0	0			150	150
1379	0	0			150	150
1380	0	52			150	131
1381	0	52			150	131
1382	0	1			150	150
1383	0	0			150	122
1384	20	37			150	150
1385	188	476			142	150
1386	0	0			150	150
1387	86	83			114	132
1388	0	21			150	122
1389	0	0			150	150
1390	0	0			150	150
1391	19	82			150	150
1392	29	54			150	150
1393	20	54			150	150
1394	0	0			81	81
1395	31	60			130	150
1396	0	3			96	96
1397	0	5			96	93
1398	46	351			118	150
1399	71	136			133	150
1400	489	690			129	150
1401	0	0			150	150
1402	0	0			150	150
1403	0	0			142	150
1404	0	12			114	145
1405	0	2			150	150
1406	0	0			150	150
1407	0	0			150	150
1408	0	2			150	145
1409	2	0			150	150
1410	2	0			150	150
1411	2	2			150	145
1412	0	2			150	145
1413	0	2			150	145
1414	18	30			150	150
1415	0	0			123	150
1416	0	0			150	108
1417	19	0			126	99
1418	24	21			150	150
1419	5	0			150	150
1420	5	0			150	150
1421	0	0			150	150
1422	0	0			150	150
1423	0	0			96	90
1424	2	11			150	150
1425	11	18			150	150
1426	344	21			150	150
1427	6	29			150	150
1428	0	0			150	150
1429	23	24			145	150
1430	30	58			150	150
1431	0	5			150	150
1432	29	62			150	150
1433	2	0			150	150
1434	0	0			150	150
1435	31	21			150	140
1436	0	0			144	150
1437	0	0			150	150
1438	215	24			150	150
1439	98	3			150	150
1440	10	11			150	150
1441	0	0			87	87
1442	0	0			150	147
1443	0	0			150	147
1444	0	11			79	150
1445	3	26			150	150
1446	6	26			150	150
1447	63	133			150	150
1448	0	0			139	150
1449	17	52			150	150
1450	0	18			84	150
1451	0	0			150	150
1452	66	83			123	150
1453	11	0			150	150
1454	27	13			150	135
1455	52	125			150	150
1456	80	68			150	136
1457	0	4			98	98
1458	2258	4461			150	150
1459	2258	1			150	150
1460	153	180			150	150
1461	6	18			150	150
1462	19	52			150	150
1463	1	0			140	125
1464	0	0			150	107
1465	0	0			150	150
1466	13	11			150	150
1467	0	0			106	150
1468	8	16			150	150
1469	104	204			138	150
1470	12	0			150	90
1471	0	0			150	150
1472	0	0			111	150
1473	0	0			150	150
1474	14	139			150	150
1475	0	25			120	150
1476	1	0			150	150
1477	186	157			147	132
1478	0	131			132	150
1479	0	0			150	150
1480	0	0			105	150
1481	0	0			105	150
1482	62	100			150	150
1483	0	0			150	150
1484	62	89			150	150
1485	0	7			126	150
1486	140	11			150	150
1487	140	183			150	150
1488	0	260			82	150
1489	0	0			150	150
1490	0	0			150	150
1491	14	0			150	150
1492	14	0			150	150
1493	48	0			150	150
1494	31	3956			150	150
1495	3209	3956			111	150
1496	42	46			110	125
1497	128	46			150	125
1498	11298	8181			150	108
1499	12	1			147	150
1500	147	45			150	150
1501	0	31			147	147
1502	0	0			150	150
1503	35	21			137	141
1504	0	0			150	150
1505	0	0			150	150
1506	0	0			150	150
1507	0	0			150	150
1508	0	37			150	150
1509	0	36			150	150
1510	1	0			106	106
1511	0	0			100	100
1512	537	0			150	150
1513	1152	0			150	150
1514	2	0			150	150
1515	50	30			150	150
1516	548	934			150	150
1517	96	12			150	150
1518	19	27			150	150
1519	62	63			150	150
1520	228	0			150	150
1521	4	135			150	150
1522	4	212			150	150
1523	4	131			150	150
1524	0	1			150	150
1525	0	1			150	150
1526	0	0			131	150
1527	210	192			150	150
1528	11	8			150	150
1529	133	17			150	150
1530	51	0			84	87
1531	639	250			150	119
1532	503	0			132	150
1533	2	0			138	115
1534	2	61			150	150
1535	8	61			150	150
1536	0	11			150	150
1537	0	0			150	150
1538	0	0			150	108
1539	5	26			124	150
1540	1	7			150	150
1541	2	0			150	150
1542	17	0			141	150
1543	12	0			150	137
1544	0	0			150	137
1545	0	12			150	150
1546	25	19			150	150
1547	0	0			123	150
1548	37	37			141	141
1549	29	27			150	141
1550	0	62			118	150
1551	103	51			150	135
1552	0	0			93	126
1553	0	3			150	150
1554	1	0			150	150
1555	0	1			150	150
1556	38	18			150	150
1557	0	3			150	150
1558	23	21			150	150
1559	22	2			150	129
1560	3	0			150	150
1561	0	0			150	143
1562	0	0			150	98
1563	0	0			150	98
1564	2	0			150	128
1565	0	2			150	150
1566	65	42			150	150
1567	65	74			150	150
1568	15	423			150	150
1569	32	27			150	139
1570	0	118			150	150
1571	49	152			150	150
1572	35	5			150	150
1573	0	0			150	145
1574	17	0			150	150
1575	3	206			145	150
1576	37	79			150	150
1577	0	0			150	150
1578	0	0			129	114
1579	14	388			150	150
1580	12	14			142	150
1581	0	0			144	150
1582	0	0			144	150
1583	0	0			150	150
1584	11	7			150	132
1585	86	56			150	150
1586	13	2			142	150
1587	0	5			96	93
1588	0	0			150	98
1589	0	0			150	98
1590	0	0			120	150
1591	17	382			150	150
1592	21	382			150	150
1593	94	57			150	150
1594	80	103			150	150
1595	0	0			150	150
1596	0	6			150	150
1597	10	0			150	150
1598	75	17			150	150
1599	0	0			99	132
1600	49	59			150	150
1601	49	84			150	135
1602	59	84			150	135
1603	18	27			150	150
1604	0	44			149	150
1605	0	5			149	150
1606	11	8			150	150
1607	119	261			150	150
1608	14	6			150	150
1609	882	1621			137	150
1610	531	944			126	137
1611	18	6			150	150
1612	19	34			150	150
1613	4	108			150	150
1614	0	0			77	150
1615	10	27			146	146
1616	21	43			150	150
1617	24	0			150	80
1618	2763	4327			150	150
1619	603	702			150	135
1620	10	6			150	150
1621	30	0			150	135
1622	23	10			150	150
1623	131	49			144	144
1624	0	0			111	150
1625	3	19			150	150
1626	21	23			150	150
1627	6	20			150	150
1628	0	38			150	150
1629	0	0			150	150
1630	0	0			150	79
1631	2	0			150	150
1632	4	0			125	150
1633	8	0			125	150
1634	0	0			127	150
1635	4	0			125	150
1636	0	8			131	125
1637	41	3			150	150
1638	0	0			116	150
1639	39	43			150	150
1640	0	32			150	150
1641	0	0			150	150
1642	14	7			144	150
1643	27	46			150	150
1644	7	57			150	150
1645	321	270			131	127
1646	0	0			150	150
1647	0	0			150	150
1648	185	106			150	141
1649	74	71			150	150
1650	1	0			127	150
1651	3	49			133	150
1652	0	0			104	150
1653	7	8			150	150
1654	12	57			150	150
1655	4	5			150	150
1656	0	0			132	150
1657	49	0			150	150
1658	42	0			93	93
1659	14	37			93	150
1660	0	7			150	141
1661	5	10			150	150
1662	5	0			150	150
1663	5	47			150	149
1664	0	47			150	149
1665	5	58			150	150
1666	0	0			150	114
1667	0	0			150	114
1668	0	0			150	150
1669	0	0			150	150
1670	0	3			150	150
1671	0	10			150	150
1672	0	0			134	150
1673	0	0			134	150
1674	0	22			134	150
1675	0	0			150	150
1676	3	10			150	150
1677	0	0			150	150
1678	0	0			150	137
1679	0	0			150	137
1680	0	0			150	150
1681	4	45			150	150
1682	97	42			150	150
1683	31	388			150	150
1684	31	388			150	150
1685	0	3			150	150
1686	9	0			150	122
1687	0	108			150	150
1688	9	11			150	131
1689	2	6			150	150
1690	175	17			150	114
1691	159	17			150	114
1692	43	36			114	150
1693	0	4			135	117
1694	0	4			108	117
1695	0	0			108	135
1696	0	0			108	135
1697	74	1			148	148
1698	4	36			150	150
1699	8	1			120	150
1700	4	15			142	150
1701	9	15			120	150
1702	6	6			150	142
1703	0	4			120	142
1704	0	4			117	150
1705	10	4			120	150
1706	0	4			117	150
1707	0	4			120	150
1708	2	33			150	150
1709	16	11			150	150
1710	0	0			150	150
1711	0	0			135	147
1712	0	20			115	130
1713	1	41			115	130
1714	32	52			150	150
1715	0	0			150	150
1716	0	0			133	122
1717	0	1			133	150
1718	0	1			122	150
1719	22	1			150	150
1720	20	44			150	150
1721	0	8			93	93
1722	3	18			121	150
1723	21	12			150	121
1724	0	15			123	150
1725	287	211			150	117
1726	0	1			121	150
1727	0	0			150	150
1728	0	0			121	150
1729	0	0			84	84
1730	0	0			150	84
1731	0	0			150	84
1732	37	0			150	150
1733	4	11			147	147
1734	59	137			150	133
1735	5	0			150	150
1736	0	0			150	150
1737	41	28			139	150
1738	0	0			150	150
1739	36	34			150	150
1740	3	2			150	150
1741	57	114			150	150
1742	43	181			150	150
1743	20	43			150	150
1744	35	59			150	150
1745	0	1			150	150
1746	0	1			150	129
1747	25	22			150	150
1748	24	5			150	150
1749	164	125			150	150
1750	101	92			150	150
1751	0	1			109	150
1752	11	18			150	150
1753	5	0			126	150
1754	0	0			105	150
1755	0	0			150	150
1756	0	0			150	150
1757	0	0			150	150
1758	0	7			123	150
1759	0	0			93	93
1760	0	0			150	150
1761	23	26			142	136
1762	0	0			150	150
1763	0	0			115	118
1764	23	2			150	123
1765	53	8			150	150
1766	9	15			128	138
1767	13	4			150	150
1768	1	10			143	150
1769	0	0			150	150
1770	1	0			99	126
1771	0	0			99	102
1772	0	0			102	126
1773	0	0			102	129
1774	33	27			150	102
1775	1	0			150	150
1776	0	0			150	98
1777	0	0			150	98
1778	1	0			139	150
1779	7	2			150	150
1780	0	0			150	150
1781	10	4			150	150
1782	66	77			150	150
1783	0	8			150	150
1784	38	13			135	141
1785	2	5			150	150
1786	0	0			147	127
1787	18	8			150	109
1788	20	4			142	150
1789	0	0			102	99
1790	36	34			150	150
1791	0	2			97	150
1792	4	38			150	150
1793	8	17			150	150
1794	409	319			150	150
1795	65	97			150	150
1796	0	0			93	90
1797	0	41			102	150
1798	0	45			102	150
1799	41	33			150	150
1800	0	0			150	99
1801	0	11			148	78
1802	16	0			123	99
1803	7	21			150	142
1804	3	0			150	150
1805	4	0			144	81
1806	0	0			120	150
1807	178	0			150	150
1808	3	25			150	150
1809	1	0			108	96
1810	3	0			150	96
1811	3	1			150	108
1812	0	0			150	111
1813	1	38			150	150
1814	1	74			150	150
1815	17	38			150	150
1816	33	21			150	150
1817	0	0			150	150
1818	0	10			125	150
1819	34	0			150	150
1820	0	0			150	150
1821	0	0			150	150
1822	104	0			150	97
1823	0	0			150	150
1824	8	9			150	117
1825	6	11			150	150
1826	3	11			150	150
1827	0	11			150	150
1828	0	0			150	150
1829	6	0			150	150
1830	6	3			150	150
1831	3	0			150	150
1832	7	1			150	150
1833	0	0			150	150
1834	17	63			111	150
1835	4	0			150	150
1836	92	110			150	150
1837	3	493			150	150
1838	1	0			150	150
1839	0	0			87	87
1840	6	0			150	150
1841	12	34			150	150
1842	22	42			150	150
1843	113	0			150	150
1844	104	92			150	150
1845	1	0			150	150
1846	9	88			150	150
1847	13	126			150	150
1848	47	0			120	150
1849	6	134			131	150
1850	0	0			150	150
1851	0	0			150	150
1852	0	4			150	146
1853	0	4			150	146
1854	0	0			150	150
1855	21	99			150	150
1856	23	99			150	150
1857	48	83			150	150
1858	0	3			150	150
1859	0	2			150	150
1860	18	3			150	150
1861	8	21			150	147
1862	28	26			150	150
1863	2	0			150	150
1864	0	0			150	150
1865	55	0			150	150
1866	0	178			150	150
1867	0	0			138	150
1868	0	0			138	150
1869	0	0			150	150
1870	0	0			150	138
1871	0	0			150	138
1872	4929	1187			150	150
1873	95	67			150	150
1874	6	1			150	150
1875	41	43			150	150
1876	0	0			139	150
1877	36	62			150	150
1878	0	0			150	150
1879	28	69			150	150
1880	77	49			150	150
1881	0	18			108	150
1882	0	0			144	147
1883	0	0			150	150
1884	122	0			150	150
1885	0	1			150	150
1886	18	56			150	150
1887	0	0			83	77
1888	0	3			150	133
1889	0	0			150	150
1890	0	0			150	87
1891	0	0			87	150
1892	0	0			150	150
1893	50	35			149	150
1894	20	23			150	150
1895	19	21			150	150
1896	24	20			150	150
1897	3	0			150	114
1898	9	12			150	150
1899	821	816			150	150
1900	0	5			118	150
1901	31	24			150	150
1902	0	0			150	150
1903	111	102			150	150
1904	6	4			150	150
1905	0	0			150	150
1906	0	0			150	150
1907	0	0			150	150
1908	25	37			150	150
1909	25	37			150	150
1910	0	0			150	141
1911	0	0			150	150
1912	0	0			123	150
1913	60	7			150	150
1914	0	0			150	150
1915	0	0			150	129
1916	0	15			150	150
1917	0	0			125	150
1918	0	18			150	150
1919	0	0			150	129
1920	394	123			150	150
1921	0	0			150	133
1922	21	33			150	150
1923	0	88			150	149
1924	1	204			150	149
1925	0	1			129	150
1926	58	113			126	150
1927	0	0			130	150
1928	0	0			93	150
1929	126	103			150	150
1930	4	2			150	150
1931	2	2			150	150
1932	2	4			150	150
1933	9	5			148	150
1934	10	3			150	148
1935	3	7			150	126
1936	0	2			120	90
1937	0	5			120	90
1938	2	5			90	90
1939	23	27			150	144
1940	38	28			150	150
1941	0	0			150	98
1942	0	0			150	98
1943	3	73			150	150
1944	0	73			109	150
1945	0	3			109	150
1946	5	41			150	150
1947	5	7			150	150
1948	1	20			150	150
1949	8	11			150	150
1950	1	0			135	149
1951	0	0			150	135
1952	93	0			108	111
1953	3	3			143	134
1954	51	113			105	141
1955	0	0			150	140
1956	14	40			150	150
1957	3	0			150	149
1958	3	73			150	150
1959	0	43			149	150
1960	54	111			128	150
1961	107	93			150	150
1962	42	76			150	150
1963	0	0			150	150
1964	4	104			150	150
1965	5	104			150	150
1966	4	104			150	150
1967	0	2			150	150
1968	0	3			150	150
1969	0	2			150	150
1970	3	2			150	150
1971	4	3			150	150
1972	2	0			150	150
1973	2	0			150	150
1974	0	0			150	150
1975	0	0			150	150
1976	25	35			149	150
1977	1	0			150	134
1978	248	473			150	150
1979	0	1			147	150
1980	4	1			150	150
1981	4	0			150	147
1982	0	0			150	150
1983	7	3			150	150
1984	0	0			150	150
1985	57	0			150	87
1986	8	0			87	87
1987	0	1			138	150
1988	0	1			138	150
1989	0	1			150	150
1990	0	0			150	138
1991	0	1			150	138
1992	76	86			150	150
1993	0	129			103	150
1994	79	121			150	150
1995	176	230			150	150
1996	0	5			150	150
1997	0	59			150	150
1998	6	3			150	150
1999	5	3			150	150
2000	355	0			150	77
2001	0	1			150	150
2002	0	0			127	127
2003	0	0			150	150
2004	0	0			127	127
2005	0	0			127	127
2006	0	0			127	127
2007	10	132			150	150
2008	0	0			150	126
2009	226	427			150	150
2010	146	112			150	150
2011	9	29			150	150
2012	0	0			150	150
2013	248	234			147	150
2014	86	0			135	150
2015	3	3			150	150
2016	0	1			150	150
2017	13	20			116	150
2018	71	0			87	87
2019	71	3			87	150
2020	0	0			150	103
2021	0	0			150	150
2022	21	30			112	150
2023	232	50			150	125
2024	7	5			150	116
2025	11	5			150	116
2026	7	20			150	150
2027	11	20			150	150
2028	573	300			129	150
2029	138	104			150	150
2030	22	12			150	150
2031	0	4			102	99
2032	94	181			150	150
2033	2	0			150	150
2034	22	0			150	106
2035	2	0			129	141
2036	4	29			150	150
2037	0	0			150	150
2038	0	0			150	150
2039	0	0			150	150
2040	1	0			150	150
2041	1	0			136	150
2042	2	0			150	150
2043	0	0			150	150
2044	69	44			150	150
2045	0	696			111	121
2046	74	101			141	150
2047	44	8			142	150
2048	42	5			150	142
2049	0	0			150	150
2050	195	191			150	150
2051	31	191			150	150
2052	40	199			141	150
2053	46	132			141	135
2054	87	296			150	150
2055	0	0			99	99
2056	0	0			134	99
2057	2	0			150	134
2058	2	0			150	134
2059	0	0			150	150
2060	0	0			83	83
2061	0	0			83	110
2062	0	0			83	83
2063	0	0			110	83
2064	0	0			132	141
2065	0	4			99	99
2066	0	2			120	117
2067	3	0			150	150
2068	0	0			92	95
2069	13	10			150	150
2070	146	1067			150	150
2071	0	8			150	150
2072	216	12			150	92
2073	120	12			150	92
2074	0	0			111	150
2075	8	0			150	108
2076	0	0			147	150
2077	0	0			129	150
2078	0	0			129	150
2079	0	0			129	150
2080	0	0			129	150
2081	0	0			129	150
2082	0	0			150	150
2083	0	0			150	150
2084	0	0			150	150
2085	0	0			150	150
2086	0	0			150	150
2087	0	0			150	150
2088	0	0			150	150
2089	0	0			150	150
2090	0	0			150	150
2091	0	0			150	123
2092	5	14			150	150
2093	0	0			150	150
2094	4	14			150	150
2095	11	44			150	138
2096	0	7			150	146
2097	0	46			150	150
2098	10	13			109	143
2099	19	20			150	150
2100	0	35			139	148
2101	0	0			150	144
2102	0	0			150	150
2103	60	86			150	147
2104	28	34			150	149
2105	51	141			150	150
2106	9	11			121	150
2107	57	73			150	150
2108	0	0			150	111
2109	0	0			150	150
2110	0	0			150	150
2111	28	2			150	120
2112	0	0			150	150
2113	3	0			150	117
2114	4	53			150	150
2115	0	84			129	150
2116	3	0			150	150
2117	0	4			150	109
2118	0	4			94	94
2119	45	105			150	150
2120	87	3			150	150
2121	0	0			121	133
2122	42	15			145	150
2123	30	43			145	150
2124	0	0			126	150
2125	0	0			119	150
2126	0	0			150	99
2127	0	0			116	99
2128	0	0			116	150
2129	0	0			150	150
2130	0	0			150	150
2131	7	1			150	150
2132	3	0			150	150
2133	2	9			150	150
2134	0	1			150	150
2135	76	97			150	150
2136	225	435			150	135
2137	0	151			150	150
2138	0	151			150	150
2139	42	44			150	150
2140	0	3			150	150
2141	40	20			150	149
2142	0	0			150	150
2143	3	0			135	135
2144	0	1			150	150
2145	0	0			150	108
2146	0	0			150	150
2147	16	87			109	150
2148	16	84			109	150
2149	19	26			150	150
2150	0	0			150	150
2151	17	1			150	111
2152	0	1			150	138
2153	0	1			150	150
2154	37	40			150	150
2155	41	3			150	150
2156	0	0			123	150
2157	0	0			143	137
2158	1	0			150	125
2159	0	0			150	150
2160	0	0			150	150
2161	0	10			78	78
2162	0	0			93	93
2163	0	3			150	150
2164	131	0			150	150
2165	0	0			90	78
2166	0	0			117	78
2167	0	1			150	150
2168	55	342			130	150
2169	20	3			150	150
2170	13	0			150	150
2171	4	20			150	150
2172	19	17			150	150
2173	107	99			150	150
2174	198	0			150	150
2175	45	0			150	150
2176	2	0			150	150
2177	1	0			150	150
2178	0	1			127	150
2179	5	0			150	150
2180	0	0			150	150
2181	0	8			150	150
2182	46	51			150	150
2183	1	0			150	150
2184	7	0			150	150
2185	111	77			150	150
2186	16	5			150	150
2187	7	7			150	137
2188	55	10			150	113
2189	63	10			150	113
2190	54	8			150	113
2191	7	0			150	150
2192	0	0			150	150
2193	0	0			150	150
2194	11	23			125	150
2195	5	13			150	150
2196	19	11			150	150
2197	0	8			150	150
2198	14	67			150	150
2199	32	76			150	150
2200	19	98			150	150
2201	31	8			150	150
2202	31	8			150	150
2203	0	8			150	150
2204	49	24			150	126
2205	446656	1446088			120	150
2206	18	49			150	150
2207	26	3			150	150
2208	21	14			150	150
2209	0	45			78	150
2210	27	45			150	150
2211	27	0			150	78
2212	1	16			124	117
2213	0	0			150	150
2214	0	0			132	120
2215	0	0			141	138
2216	0	2			93	93
2217	0	10			90	150
2218	0	0			131	141
2219	1	0			150	96
2220	208	191			150	150
2221	0	0			150	150
2222	3	9			150	150
2223	1	0			150	150
2224	0	4			150	150
2225	0	0			150	150
2226	0	0			150	150
2227	0	0			150	150
2228	0	3			81	150
2229	19	34			147	150
2230	0	0			150	150
2231	0	2			150	150
2232	9	10			145	150
2233	3	32			130	150
2234	0	0			138	120
2235	18	4			150	127
2236	19	30			119	125
2237	56	109			106	150
2238	14	49			150	150
2239	0	0			150	150
2240	0	0			81	81
2241	48	25			150	111
2242	0	0			150	150
2243	40	63			150	150
2244	0	0			150	150
2245	49	49			150	150
2246	0	0			150	150
2247	0	0			150	150
2248	0	14			150	115
2249	8	0			150	150
2250	0	0			145	150
2251	183	83			150	150
2252	30	0			150	144
2253	0	16			123	150
2254	0	0			93	93
2255	0	0			150	137
2256	2	0			150	150
2257	0	2			150	135
2258	0	2			150	133
2259	0	0			133	150
2260	14	12			150	150
2261	1642	1694			150	144
2262	2090	1659			150	150
2263	7	15			150	121
2264	11	0			126	126
2265	0	17			126	138
2266	0	45			149	150
2267	11	31			150	150
2268	16	2			150	150
2269	6	4			150	150
2270	60	163			150	150
2271	60	52			150	150
2272	59	12			150	117
2273	38	35			150	150
2274	28	76			146	149
2275	22	104			150	150
2276	0	12			150	150
2277	55	135			150	150
2278	92	120			150	150
2279	0	2			150	150
2280	21	1			150	150
2281	69	90			142	113
2282	3	4			150	150
2283	48	21			120	132
2284	0	0			150	150
2285	31	15			150	150
2286	0	4			150	150
2287	103	82			127	125
2288	122	8			150	150
2289	0	0			150	125
2290	37	52			150	150
2291	1	0			150	150
2292	79	0			150	150
2293	79	1			150	150
2294	243	135			150	150
2295	12	141			147	150
2296	0	0			150	98
2297	0	0			150	98
2298	0	0			150	150
2299	3	0			150	150
2300	264	432			150	150
2301	9	2			150	150
2302	9	0			150	150
2303	2	0			150	150
2304	0	0			150	114
2305	4	7			150	150
2306	0	0			123	150
2307	106	128			150	150
2308	3	0			96	99
2309	2	0			150	150
2310	6	0			150	125
2311	18	39			150	150
2312	36	26			150	150
2313	16	23			147	147
2314	2	22			147	147
2315	0	1			150	150
2316	1	15			150	150
2317	6	92			118	150
2318	6	99			118	150
2319	5	0			150	150
2320	8	0			150	150
2321	0	24			94	94
2322	0	0			87	87
2323	0	0			87	87
2324	0	0			87	87
2325	0	0			150	150
2326	4	4			150	150
2327	321	51			149	111
2328	7	35			150	150
2329	83	0			150	150
2330	27	25			138	150
2331	1	2			150	150
2332	5	2			150	150
2333	0	0			150	150
2334	0	0			141	150
2335	0	0			141	150
2336	20	39			150	150
2337	3	13			150	144
2338	153	0			150	150
2339	0	4			150	150
2340	0	6			150	146
2341	0	5			150	137
2342	4	6			150	146
2343	4	5			150	137
2344	10	18			150	147
2345	0	0			123	150
2346	4	16			138	150
2347	20	35			150	150
2348	0	6			150	150
2349	0	3			150	150
2350	6	3			150	150
2351	0	0			150	150
2352	148	8			145	147
2353	35	5			150	147
2354	35	15			150	150
2355	2	11			146	147
2356	0	0			150	150
2357	95	10			150	150
2358	5	0			150	150
2359	2	0			150	150
2360	3	0			150	150
2361	4	1			150	150
2362	15	18			150	150
2363	286	447			150	150
2364	1	447			144	150
2365	286	449			150	150
2366	209	374			131	150
2367	1	168			125	122
2368	131	239			150	150
2369	1	5			150	150
2370	4	848			150	150
2371	0	0			109	143
2372	0	0			150	150
2373	0	0			150	150
2374	0	0			150	150
2375	0	0			126	148
2376	0	0			126	148
2377	0	3			126	148
2378	0	3			148	148
2379	0	0			148	148
2380	3	891			102	150
2381	256	186			145	150
2382	456	186			150	150
2383	160	249			128	150
2384	53	58			146	150
2385	38	8			150	104
2386	23	1			150	150
2387	18	58			150	150
2388	25	43			150	150
2389	9	1			150	150
2390	14	616			150	150
2391	417	3			150	150
2392	16	40			150	150
2393	14	111			120	117
2394	0	0			150	150
2395	0	0			150	150
2396	14	3			150	150
2397	19	38			150	123
2398	19	38			150	118
2399	6	12			138	150
2400	5	8			150	127
2401	0	56			150	150
2402	218	364			150	150
2403	7	19			150	150
2404	7	34			150	150
2405	0	0			140	150
2406	0	0			123	140
2407	0	0			150	150
2408	17	43			150	150
2409	0	0			123	150
2410	5	4			150	150
2411	17	38			150	150
2412	66	51			150	150
2413	280	224			150	138
2414	251	314			150	150
2415	152	235			145	136
2416	0	3			147	150
2417	238	1013			134	150
2418	16	3			150	150
2419	15	3			150	150
2420	3	5			150	150
2421	2	5			130	150
2422	37	5			150	150
2423	37	3			150	150
2424	37	2			150	130
2425	164	0			150	103
2426	0	27			150	150
2427	0	2			150	150
2428	0	9			142	116
2429	0	3			150	150
2430	1	9			110	150
2431	11	10			150	122
2432	0	0			150	148
2433	16	86			150	150
2434	8	2			150	150
2435	43	0			150	150
2436	0	0			150	150
2437	0	12			150	150
2438	6	21			126	150
2439	1	0			150	150
2440	24	11			150	150
2441	5	6			150	139
2442	9	18			150	150
2443	46	35			125	146
2444	0	0			96	102
2445	0	0			96	96
2446	126	77			150	150
2447	145	0			87	87
2448	27	19			150	150
2449	1	0			150	150
2450	0	0			150	150
2451	0	1			132	150
2452	0	0			150	150
2453	0	7			150	121
2454	0	0			109	150
2455	0	0			150	150
2456	0	0			150	150
2457	0	0			150	150
2458	0	0			150	150
2459	0	0			150	150
2460	0	0			150	150
2461	0	0			150	150
2462	0	0			150	150
2463	0	0			150	150
2464	0	0			150	150
2465	33	1962			111	150
2466	0	0			123	150
2467	33	91			136	150
2468	78	79			150	150
2469	8	16			150	150
2470	0	0			90	150
2471	0	0			129	129
2472	2	71			150	150
2473	0	0			78	78
2474	0	0			78	78
2475	0	0			78	78
2476	1	0			150	150
2477	0	0			150	150
2478	0	0			150	150
2479	49	26			150	150
2480	0	0			96	150
2481	0	0			150	147
2482	42	4			150	150
2483	0	21			150	147
2484	3	9			141	135
2485	104	105			150	150
2486	24	32			128	146
2487	0	0			150	150
2488	25	0			150	108
2489	5	6			150	150
2490	3	0			150	150
2491	2	0			150	150
2492	13	4			150	105
2493	19	3			117	105
2494	1	22			150	148
2495	43	99			150	150
2496	269	314			150	150
2497	4	5			150	143
2498	50	24			101	130
2499	11	34			150	150
2500	5	34			150	150
2501	81	0			150	150
2502	0	212			119	150
2503	0	0			150	150
2504	0	0			123	150
2505	0	0			150	150
2506	601	468			150	150
2507	0	0			150	132
2508	56	36			150	119
2509	4	36			117	119
2510	0	0			138	150
2511	3	121			101	150
2512	0	0			150	150
2513	0	0			150	150
2514	0	0			150	150
2515	0	0			148	150
2516	0	0			150	150
2517	0	0			138	140
2518	0	0			150	150
2519	0	0			128	150
2520	0	0			150	150
2521	4	4			150	117
2522	27	21			150	98
2523	34	69			150	98
2524	13	19			150	150
2525	18	33			150	150
2526	18	19			150	150
2527	4	49			150	150
2528	8	11			147	141
2529	3	16			150	150
2530	81	28			150	129
2531	3	0			96	96
2532	14	22			150	150
2533	8	338			150	128
2534	538	546			150	150
2535	1	10			123	146
2536	5	14			141	123
2537	2	4			129	149
2538	0	8			150	139
2539	0	0			150	150
2540	121	5			140	150
2541	154	242			150	150
2542	51	7			150	150
2543	5	39			150	150
2544	14	7			150	150
2545	34	99			150	150
2546	371	612			150	150
2547	0	0			147	141
2548	2	0			150	150
2549	18	4			150	150
2550	0	1			150	130
2551	5	4			150	150
2552	0	2			150	150
2553	0	0			150	150
2554	267	305			136	150
2555	1	4			150	150
2556	4	0			110	150
2557	5	53			110	150
2558	0	0			150	150
2559	0	0			150	114
2560	0	0			102	132
2561	8	17			150	150
2562	0	0			150	150
2563	2	7			150	150
2564	307	694			150	150
2565	299	374			150	150
2566	1	1			150	150
2567	0	46			150	150
2568	99	0			150	116
2569	50	0			132	116
2570	2	222			150	150
2571	12	14			120	144
2572	0	60			81	150
2573	63	85			150	150
2574	0	6			132	150
2575	3	1			150	147
2576	0	0			145	150
2577	0	0			150	150
2578	0	3			150	150
2579	5	3			116	150
2580	139	80			137	110
2581	10	0			87	150
2582	0	0			150	103
2583	0	0			150	150
2584	0	0			150	150
2585	23	38			150	150
2586	11	4			150	150
2587	0	0			150	128
2588	0	0			150	150
2589	0	0			150	148
2590	0	0			150	150
2591	0	0			150	112
2592	0	0			150	150
2593	14	0			145	150
2594	1	1			105	147
