ID	IJC_SAMPLE_1	SJC_SAMPLE_1	IJC_SAMPLE_2	SJC_SAMPLE_2	IncFormLen	SkipFormLen
0	0	0			247	137
1	0	0			367	137
2	0	0			367	247
3	0	0			168	98
4	0	0			168	98
5	0	0			138	255
6	0	0			138	255
7	0	0			153	255
8	0	0			153	138
9	0	0			153	138
10	0	0			247	137
11	0	0			367	137
12	0	0			367	247
13	0	0			138	255
14	0	0			138	255
15	0	0			153	255
16	0	0			153	138
17	0	0			153	138
18	0	0			123	165
19	0	0			247	137
20	0	0			367	137
21	0	0			367	247
22	0	0			138	255
23	0	0			138	255
24	0	0			153	255
25	0	0			153	138
26	0	0			153	138
27	0	0			174	214
28	0	0			224	108
29	0	0			192	111
30	0	0			123	165
31	0	0			247	137
32	0	0			367	137
33	0	0			367	247
34	0	0			138	255
35	0	0			138	255
36	0	0			153	255
37	0	0			153	138
38	0	0			153	138
39	0	0			123	165
40	0	0			247	137
41	0	0			367	137
42	0	0			367	247
43	0	0			168	98
44	0	0			168	98
45	0	0			192	111
46	0	0			179	259
47	0	0			259	333
48	0	0			193	192
49	0	0			147	141
50	0	0			218	103
51	0	0			360	151
52	0	0			193	192
53	0	0			111	153
54	0	0			218	103
55	0	0			360	151
56	0	0			147	141
57	0	0			218	103
58	0	0			360	151
59	0	0			193	192
60	0	0			147	141
61	0	0			111	153
62	0	0			193	192
63	0	0			147	141
64	0	0			372	372
65	0	0			218	103
66	0	0			360	151
67	0	0			84	102
68	0	0			148	226
69	0	0			165	238
70	0	0			231	174
71	0	0			141	312
72	0	0			138	297
73	0	0			1374	252
74	0	0			99	126
75	0	0			99	102
76	0	0			102	126
77	0	0			102	129
78	0	0			170	186
79	0	0			206	217
80	0	0			230	203
81	0	0			403	121
82	0	0			182	177
83	0	0			284	177
84	0	0			172	246
85	0	0			172	153
86	0	0			232	211
87	0	0			232	170
88	0	0			190	183
89	0	0			166	291
90	0	0			160	108
91	0	0			126	179
92	0	0			218	103
93	0	0			360	151
94	0	0			173	173
95	0	0			372	372
96	8	0			210	165
97	0	0			123	165
98	0	0			106	170
99	0	0			420	238
100	348	426			136	153
101	457	299			178	136
102	139	854			138	297
103	4	4			170	186
104	6	9			169	147
105	0	0			193	192
106	0	0			192	111
107	0	0			231	231
108	28	91			198	267
109	0	4			194	457
110	0	145			115	205
111	0	0			111	105
112	6	42			177	155
113	0	0			217	183
114	0	0			193	114
115	0	0			213	123
116	0	0			184	222
117	11	18			206	217
118	22	0			175	121
119	274	0			1266	192
120	0	0			93	90
121	666	1130			143	183
122	4	6			210	231
123	4	6			144	111
124	0	0			93	93
125	156	119			211	161
126	0	0			206	126
127	0	0			206	235
128	0	0			126	235
129	0	7			169	159
130	41	82			167	168
131	153	48			153	210
132	0	0			175	160
133	20	32			123	140
134	284	196			211	172
135	0	0			420	238
136	92	24			155	173
137	378	387			181	172
138	201	44			252	146
139	0	178			188	185
140	41	471			262	738
141	6	20			163	207
142	0	4			136	168
143	0	3			182	221
144	177	180			255	210
145	0	0			167	212
146	10	4			142	227
147	405	13			2424	234
148	21	55			167	195
149	0	0			215	169
150	35	0			115	118
151	28	38			182	215
152	87	18			154	146
153	32	0			200	77
154	47	10			223	434
155	41	0			223	113
156	47	0			223	113
157	79	6			282	254
158	6	3			177	151
159	15	136			105	288
160	12	38			146	229
161	14	6			181	198
162	18	145			214	122
163	157	145			159	122
164	3	18			146	153
165	2	0			153	119
166	2	7			153	130
167	10	0			153	119
168	0	7			119	130
169	0	17			154	255
170	15	11			255	130
171	6	186			121	204
172	1	186			121	204
173	20	186			175	204
174	59	186			180	204
175	20	1			175	121
176	59	1			180	121
177	11	5			147	144
178	0	1			175	215
179	18	22			225	150
180	0	0			185	133
181	13	8			129	148
182	51	110			148	194
183	20	110			241	194
184	20	51			241	148
185	2	4			1030	221
186	0	4			197	221
187	101	35			254	254
188	169	89			243	143
189	532	637			172	145
190	0	3			141	175
191	3	9			219	184
192	163	47			243	132
193	64	160			191	294
194	412	564			300	144
195	0	0			117	243
196	7	115			179	195
197	114	107			214	193
198	0	0			222	207
199	0	0			645	198
200	72	46			191	203
201	180	310			193	189
202	0	0			123	182
203	9	177			193	225
204	62	81			255	318
205	1	117			155	164
206	4	18			232	266
207	6	4			357	155
208	168	104			148	230
209	43	179			218	204
210	141	122			142	119
211	137	97			142	101
212	134	194			201	217
213	0	8			151	192
214	97	203			148	123
215	483	204			148	123
216	175	1208			123	242
217	19	264			131	206
218	0	0			141	139
219	4	0			163	118
220	613	144			158	164
221	613	123			158	161
222	144	123			164	161
223	0	0			183	168
224	0	0			150	222
225	2	0			319	319
226	127	71			213	168
227	1	0			192	122
228	0	3			193	193
229	4	3			106	226
230	10	26			97	97
231	0	0			111	153
232	0	0			218	103
233	0	0			360	151
234	15	13			247	177
235	7	42			113	227
236	1	0			249	373
237	0	0			136	229
238	0	0			147	229
239	10	27			133	243
240	62	55			207	143
241	78	4			451	197
242	1	17			157	256
243	0	0			148	198
244	947	1122			163	162
245	205	17			161	161
246	392	16			156	141
247	4	9			268	366
248	4	9			314	366
249	16	14			240	240
250	80	66			164	136
251	51	0			213	120
252	0	2			200	195
253	0	10			200	250
254	217	364			129	136
255	0	6			124	121
256	4	4			153	157
257	610	928			168	117
258	0	0			122	119
259	19	223			133	146
260	3	4			163	187
261	65	197			237	269
262	185	171			202	195
263	0	0			171	118
264	24	0			328	174
265	103	2			85	85
266	0	2			173	206
267	402	1015			165	259
268	0	0			143	143
269	0	0			103	143
270	3	3			299	249
271	17	275			163	393
272	1	275			131	393
273	1	17			131	163
274	0	0			172	172
275	69	10			138	193
276	760	3			192	265
277	7	24			164	202
278	5	35			137	236
279	0	18			230	202
280	0	2			157	265
281	3	2			269	265
282	3	0			269	157
283	0	14			162	230
284	20	8			206	187
285	12	8			202	187
286	148	411			140	204
287	0	0			133	102
288	268	350			311	299
289	268	408			311	302
290	1	0			248	173
291	18	96			238	242
292	210	266			238	276
293	53	153			192	306
294	0	0			163	132
295	45	28			158	158
296	184	135			144	243
297	0	0			166	291
298	0	0			190	183
299	0	0			232	170
300	0	0			232	211
301	134	27			397	200
302	0	0			202	226
303	0	0			166	226
304	0	0			125	143
305	0	0			202	204
306	0	0			223	202
307	0	0			166	202
308	0	0			207	202
309	0	0			373	300
310	0	0			167	136
311	0	0			116	199
312	0	2			123	232
313	0	0			204	213
314	46	44			199	141
315	15	21			153	270
316	0	0			194	190
317	0	0			216	190
318	0	0			241	190
319	0	0			199	190
320	0	0			241	211
321	0	0			216	194
322	0	0			241	194
323	0	0			199	194
324	0	0			241	216
325	0	0			199	216
326	0	0			199	241
327	0	0			199	241
328	8	18			145	172
329	21	99			185	159
330	167	173			276	270
331	64	219			191	276
332	0	0			150	174
333	0	0			158	189
334	0	0			202	121
335	29	19			233	152
336	15	15			160	108
337	15	20			160	134
338	29	39			108	180
339	37	57			122	161
340	80	220			154	212
341	56	260			117	149
342	121	250			198	149
343	0	47			131	125
344	116	3			185	173
345	50	3			160	173
346	1	4			149	180
347	7	0			148	154
348	0	0			174	214
349	0	0			214	179
350	2	5			168	144
351	6	4			165	155
352	1923	1280			241	172
353	0	1			168	193
354	8	62			138	158
355	48	32			158	165
356	4	15			120	120
357	0	0			133	150
358	1	0			183	114
359	107	111			224	165
360	68	4			268	134
361	4	0			127	126
362	8	0			184	252
363	2	19			129	204
364	4	0			268	123
365	0	0			150	215
366	171	265			209	143
367	153	265			185	143
368	2	1			201	170
369	25	30			229	216
370	0	0			129	153
371	93	50			188	144
372	49	80			195	196
373	79	65			204	196
374	2	339			100	100
375	26	64			119	180
376	13	2			127	119
377	118	2457			162	3319
378	3	3			230	95
379	3	0			174	96
380	0	0			135	177
381	8	2			167	155
382	4	0			198	187
383	91	92			167	141
384	58	69			158	170
385	0	0			166	295
386	6	22			155	224
387	20	3			224	187
388	12	0			176	142
389	32	12			250	176
390	58	48			136	166
391	4	0			199	138
392	4	0			199	147
393	0	0			138	147
394	7	50			123	227
395	0	0			167	167
396	15	6			243	177
397	2	6			219	177
398	34	30			250	229
399	1081	606			248	185
400	31	62			151	196
401	225	231			165	167
402	4	521			117	271
403	278	164			171	171
404	8	3			156	156
405	0	0			450	651
406	2	0			176	133
407	0	0			108	135
408	13	183			172	209
409	0	0			337	200
410	0	0			337	196
411	56	145			302	148
412	9	0			202	159
413	21	59			171	198
414	17	0			140	178
415	538	717			114	246
416	402	398			135	102
417	146	228			131	182
418	101	50			181	181
419	12	9			189	249
420	7	6			179	249
421	9	6			182	249
422	12	13			189	189
423	7	10			179	189
424	9	10			182	189
425	65	24			284	192
426	0	0			430	150
427	0	0			163	366
428	0	0			197	104
429	27	3			182	151
430	0	9			197	273
431	191	48			211	157
432	20	11			198	191
433	1	10			95	156
434	0	0			177	177
435	13	18			220	221
436	13	18			201	221
437	0	0			84	84
438	34	19			211	168
439	10	0			328	200
440	6	0			231	220
441	2	80			102	201
442	2	35			128	243
443	15	2			187	128
444	108	155			200	199
445	216	212			234	171
446	3	73			156	135
447	32	81			150	129
448	4	31			147	147
449	2	14			214	278
450	5	14			212	278
451	5	2			212	214
452	19	0			286	133
453	2	0			244	174
454	54	493			270	173
455	47	62			189	228
456	43	19			284	146
457	48	16			215	159
458	2	1			226	197
459	16	22			197	207
460	7	67			166	166
461	166	109			160	118
462	0	0			168	168
463	39	0			363	168
464	39	0			363	168
465	43	51			143	193
466	729	5			127	229
467	128	16			207	161
468	23	19			197	200
469	66	78			147	155
470	99	78			172	155
471	0	1			260	258
472	12	2			207	161
473	0	31			162	255
474	1197	32			147	245
475	0	0			321	84
476	0	0			516	84
477	0	0			205	462
478	23	17			173	340
479	0	1			191	195
480	0	16			145	220
481	0	31			145	671
482	512	395			242	170
483	5	24			139	137
484	4	61			200	227
485	40	45			160	218
486	20	21			160	255
487	37	11			205	172
488	1638	1743			154	147
489	3	0			185	189
490	52	161			143	210
491	199	242			135	143
492	1	0			179	119
493	0	0			79	82
494	5	1			214	214
495	25	97			220	368
496	10	4			704	197
497	1	4			253	197
498	0	14			108	144
499	0	8			108	102
500	0	0			78	255
501	37	669			186	205
502	37	411			186	233
503	14	6			111	161
504	8	3			162	198
505	1	2			154	213
506	6	0			113	137
507	444	567			225	195
508	208	65			125	162
509	105	416			118	238
510	426	288			238	153
511	58	86			250	239
512	211	106			267	150
513	0	0			216	192
514	896	476			265	182
515	1097	75			265	156
516	0	0			158	125
517	175	619			148	259
518	1	8			249	246
519	0	0			246	81
520	26	3			138	236
521	0	0			159	168
522	0	0			159	162
523	0	0			168	162
524	26	83			174	290
525	26	106			174	264
526	0	0			192	196
527	0	0			354	354
528	17	48			198	203
529	225	608			201	201
530	274	667			151	151
531	54	0			149	137
532	25	34			161	164
533	0	0			98	98
534	0	0			81	81
535	30	2			128	132
536	0	0			168	105
537	0	0			117	105
538	0	19			196	193
539	0	5			171	171
540	23	20			129	150
541	10	51			198	132
542	8	2			198	292
543	10	0			163	215
544	0	43			147	144
545	23	75			147	261
546	6	33			233	192
547	10	18			212	237
548	8	10			133	147
549	4	24			147	207
550	19	3			207	140
551	122	217			178	205
552	1	1			236	197
553	10	32			114	149
554	296	780			135	433
555	0	0			147	141
556	0	0			207	161
557	0	2			157	146
558	13	0			84	84
559	28	35			190	251
560	29	45			144	155
561	1	2			204	750
562	20564	32512			120	120
563	21732	29262			120	120
564	23014	29126			126	120
565	23051	18999			126	120
566	13	3			196	151
567	2	0			692	190
568	8	0			196	163
569	50	50			144	108
570	108	106			178	159
571	65	34			149	130
572	0	0			225	141
573	0	0			260	455
574	1	179			130	191
575	100	51			192	130
576	100	115			192	185
577	100	157			192	243
578	7	10			240	181
579	7	21			240	115
580	3	0			176	198
581	71	96			192	267
582	0	0			171	231
583	3	0			126	270
584	0	0			221	170
585	0	6			208	120
586	0	0			153	135
587	0	0			96	96
588	20	11			190	116
589	0	0			160	173
590	0	0			129	137
591	0	0			219	204
592	316	0			100	100
593	25	3			279	234
594	0	0			318	421
595	0	0			318	318
596	13	5			222	114
597	15	44			156	201
598	0	0			172	125
599	0	0			193	192
600	2	5			180	147
601	0	6			200	142
602	6	0			142	194
603	0	0			142	111
604	0	0			182	179
605	21	16			133	168
606	21	0			168	114
607	23	42			137	183
608	3	0			252	180
609	23	52			230	203
610	0	0			168	246
611	0	2			174	200
612	1	0			226	148
613	61	29			167	160
614	0	0			165	153
615	11	141			103	183
616	6	3			186	216
617	0	538			76	211
618	16	10			237	200
619	1	0			138	195
620	169	112			199	179
621	24	16			186	194
622	34	108			143	250
623	16	0			163	138
624	196	0			243	138
625	196	16			243	163
626	0	0			110	127
627	0	0			126	180
628	61	50			245	162
629	406	488			201	228
630	7	0			125	195
631	0	0			530	142
632	8	7			251	242
633	11	6			245	189
634	0	3			143	284
635	0	3			141	255
636	0	0			123	99
637	0	4			211	214
638	0	0			198	131
639	0	0			193	192
640	25	38			155	179
641	0	109			191	732
642	2	36			166	178
643	2	58			166	178
644	110	303			224	304
645	37	21			126	170
646	6	16			210	234
647	11	6			225	210
648	42	16			594	412
649	0	15			290	256
650	0	15			290	255
651	67	24			211	166
652	0	1			120	208
653	16	0			147	354
654	3845	6387			141	163
655	60	6387			196	163
656	23	6387			152	163
657	55	39			168	146
658	86	0			168	202
659	1	3			135	237
660	0	0			211	151
661	0	4			169	126
662	0	11			121	144
663	37	59			243	110
664	52	2			227	126
665	0	0			262	317
666	120	2			227	215
667	171	94			275	166
668	5279	14968			222	261
669	3	5			176	138
670	39	11			228	138
671	1	15			114	170
672	2	122			213	234
673	11	73			168	248
674	13	65			151	146
675	42	1			255	168
676	36	1			291	168
677	5	25			143	185
678	4	27			269	142
679	145	29			225	324
680	107	29			180	324
681	107	26			180	324
682	0	0			81	81
683	93	60			177	146
684	345	341			195	179
685	34	0			178	183
686	20	0			197	183
687	20	34			197	178
688	8	54			134	168
689	0	0			233	102
690	7	0			111	114
691	8	24			134	118
692	15	428			270	314
693	0	0			197	159
694	10	0			316	197
695	1	9			239	316
696	0	0			87	84
697	0	0			255	147
698	0	0			255	150
699	0	0			183	150
700	10	59			173	193
701	0	0			142	106
702	79	0			83	83
703	0	0			200	196
704	0	0			84	84
705	17	30			243	252
706	80	3			92	92
707	0	0			99	99
708	0	0			208	211
709	3	0			206	144
710	3	0			206	167
711	0	0			144	167
712	17	58			150	214
713	16	35			150	214
714	48	107			214	286
715	0	0			262	299
716	0	0			262	133
717	0	0			262	236
718	0	0			299	236
719	0	0			133	236
720	3	1			278	195
721	3	1			274	191
722	66	145			132	216
723	206	85			216	219
724	0	0			178	109
725	0	0			186	358
726	0	0			186	186
727	10	17			274	197
728	549	9			185	197
729	654	300			172	361
730	52	74			183	141
731	5	5			158	238
732	87	99			227	198
733	76	12			125	136
734	299	0			286	128
735	15	20			207	195
736	85	9			185	249
737	217	73			147	185
738	2	0			279	132
739	3	0			173	132
740	3	2			173	279
741	11	40			112	225
742	3140	89			178	173
743	3331	28			107	113
744	86	139			198	279
745	2	13			207	290
746	0	0			255	206
747	46	10			191	158
748	46	6			191	124
749	51	47			191	177
750	2	129			158	262
751	2	49			158	110
752	0	0			138	149
753	80	0			185	150
754	58	0			214	150
755	9240	10667			171	259
756	1	1			186	189
757	2	0			183	159
758	0	0			217	230
759	9	28			204	212
760	15	0			204	114
761	468	330			362	198
762	9	12			252	243
763	0	0			114	200
764	24	24			122	147
765	44	45			162	238
766	2	23			153	108
767	5	4			216	143
768	210	338			174	173
769	0	0			97	99
770	15	0			171	158
771	10	31			120	120
772	0	0			135	195
773	14	13			192	174
774	12	62			174	227
775	0	0			164	279
776	17	10			160	108
777	2	60			113	254
778	0	0			87	87
779	1	3			102	229
780	46	8			534	354
781	60	78			245	185
782	24	27			136	171
783	0	0			297	195
784	15	102			124	153
785	1	7			99	100
786	0	0			231	150
787	46	24			177	209
788	0	0			153	169
789	4	0			250	169
790	117	268			222	350
791	18	133			114	195
792	29	39			387	366
793	46	14			366	207
794	0	0			90	90
795	0	0			90	78
796	0	0			117	78
797	67	63			211	163
798	0	200			113	142
799	98	200			142	142
800	98	0			142	113
801	524	930			171	251
802	82	189			138	191
803	0	0			167	167
804	8	3			192	381
805	8	4			148	198
806	4	4			223	198
807	4	3			148	198
808	11	23			201	270
809	11	6			109	141
810	12	138			147	247
811	14	138			206	247
812	0	0			175	121
813	0	1			136	128
814	8	9			170	244
815	0	7			157	138
816	6	10			219	198
817	54	38			282	168
818	1	0			234	195
819	0	10			209	174
820	0	6			209	174
821	0	9			273	174
822	0	5			273	174
823	0	0			87	90
824	1	3			128	199
825	154	103			216	155
826	2200	13916			103	263
827	6984	13916			170	263
828	38	28			293	169
829	28	86			113	164
830	2	0			200	133
831	60	131			164	245
832	6	0			213	225
833	0	0			190	190
834	0	0			192	105
835	0	0			87	87
836	2	0			399	224
837	4	2			245	205
838	4	1			245	314
839	2	1			205	314
840	100	164			163	192
841	113	137			162	163
842	244	136			236	215
843	400	60			223	212
844	0	0			154	124
845	6	0			178	106
846	14	19			179	173
847	0	0			184	282
848	0	0			332	306
849	3	21			102	120
850	35	75			132	155
851	16	25			189	216
852	0	0			162	152
853	0	0			207	300
854	0	0			200	300
855	5	4			141	149
856	5	5			141	152
857	2	3			173	262
858	0	0			245	231
859	19	37			114	102
860	3	37			126	102
861	57	43			160	102
862	143	23			244	102
863	35	11			285	162
864	128	86			266	152
865	29	391			188	935
866	149	40			219	203
867	0	0			180	167
868	0	0			180	131
869	0	0			167	131
870	0	144			98	239
871	2	4			217	252
872	106	0			164	235
873	8	2			198	165
874	0	71			188	171
875	1	0			117	161
876	0	90			165	189
877	0	0			162	207
878	0	0			199	168
879	0	0			198	180
880	56	42			222	228
881	0	0			127	129
882	0	0			216	269
883	22	0			270	140
884	5	26			194	223
885	0	0			474	474
886	1	0			474	474
887	0	18			141	239
888	0	0			110	198
889	0	0			110	229
890	0	0			215	146
891	1	35			124	128
892	153	0			242	184
893	0	10			151	136
894	7	41			195	251
895	0	1			98	95
896	2	36			130	201
897	4	1			233	179
898	2	50			106	155
899	45	83			135	266
900	0	240			79	247
901	1	14			98	176
902	7	18			185	254
903	57	14			250	203
904	40	92			250	328
905	14	2			258	160
906	0	0			132	132
907	49	57			159	167
908	20	240			167	257
909	39	239			167	257
910	8	4			93	93
911	7	0			96	90
912	7	5			96	90
913	11	0			87	99
914	0	30			116	116
915	801	953			213	240
916	0	0			345	360
917	32	38			146	164
918	65	76			166	163
919	41	1			98	101
920	367	531			168	177
921	786	1341			193	249
922	448	196			301	162
923	367	403			274	209
924	12	523			283	274
925	737	239			187	148
926	25	92			180	222
927	0	8			173	173
928	0	0			282	211
929	18	5			204	204
930	3	21			138	179
931	6	10			266	278
932	0	1			223	220
933	1145	1488			351	345
934	1389	982			345	192
935	32	14			180	183
936	0	934			167	235
937	13	7			250	220
938	603	670			174	182
939	3	45			136	193
940	0	0			181	171
941	0	0			181	136
942	0	0			171	136
943	21	4			129	133
944	1	776			133	796
945	5	771			133	796
946	11	18			146	183
947	7	196			158	473
948	31	91			273	262
949	3	71			207	122
950	138	164			109	126
951	118	84			150	164
952	1	3			360	135
953	7	3			849	135
954	0	1			141	177
955	0	0			138	204
956	51	0			87	87
957	0	1			165	155
958	48	25			220	220
959	9	19			164	202
960	25	12			443	98
961	0	0			146	135
962	0	0			249	162
963	6	67			130	270
964	6	16			130	121
965	64	69			270	179
966	2	16			204	264
967	26	63			107	134
968	66	33			268	204
969	0	41			173	236
970	0	0			81	81
971	4	13			225	243
972	35	76			232	240
973	0	0			281	172
974	0	0			281	187
975	0	0			281	237
976	0	0			213	281
977	0	0			84	84
978	0	0			123	219
979	1	2			203	162
980	2	0			173	172
981	0	0			205	131
982	7	1			143	119
983	19	1			212	119
984	793	378			193	138
985	0	3			220	190
986	0	0			138	169
987	43	25			128	220
988	111	85			169	137
989	0	0			211	163
990	282	74			220	180
991	0	0			251	190
992	1	0			254	174
993	0	0			204	156
994	33	137			137	194
995	53	18			159	128
996	0	2			194	162
997	0	13			174	279
998	0	0			174	127
999	13	0			279	127
1000	0	0			96	90
1001	5	26			157	210
1002	11	22			157	210
1003	10	11			254	157
1004	13	16			254	157
1005	8	11			194	157
1006	15	6			194	254
1007	0	0			209	95
1008	0	0			209	137
1009	0	0			95	137
1010	1	1			147	141
1011	3	1			152	141
1012	3	1			152	147
1013	0	0			108	245
1014	1	0			148	167
1015	5	3			188	244
1016	5	10			188	319
1017	5	1			188	244
1018	1	3			162	244
1019	1	10			162	319
1020	16	68			174	147
1021	7	10			168	163
1022	5	32			131	153
1023	16	56			153	194
1024	0	0			81	81
1025	0	0			172	172
1026	4	36			81	144
1027	0	36			81	144
1028	0	4			81	81
1029	5	16			177	180
1030	701	576			211	157
1031	77	50			237	150
1032	0	0			241	183
1033	86	12			150	135
1034	0	0			175	154
1035	6	6			148	172
1036	0	0			166	137
1037	0	0			153	343
1038	1	0			132	176
1039	14	20			148	165
1040	14	8			148	161
1041	35	5			138	97
1042	39	68			204	192
1043	0	1			195	161
1044	0	0			161	211
1045	111	125			249	221
1046	55	101			183	216
1047	8	0			218	177
1048	1719	1548			168	165
1049	12	45			309	258
1050	64	0			262	213
1051	3	16			351	348
1052	0	0			211	172
1053	27	24			190	174
1054	27	21			364	153
1055	0	1			173	199
1056	394	344			167	131
1057	0	3			160	206
1058	0	0			197	197
1059	70	12			249	162
1060	88	12			252	162
1061	9	0			90	93
1062	3	7			147	202
1063	21	46			181	226
1064	177	186			168	190
1065	2	0			218	103
1066	3	0			360	151
1067	0	0			120	160
1068	0	0			168	160
1069	0	0			168	120
1070	0	0			160	120
1071	0	0			202	189
1072	0	24			165	1290
1073	0	0			111	114
1074	214	111			223	147
1075	114	1743			311	147
1076	1638	51			154	167
1077	0	6			292	215
1078	0	6			159	215
1079	2	0			163	220
1080	1	15			121	135
1081	0	15			119	112
1082	515	484			172	125
1083	0	32			102	263
1084	0	0			90	87
1085	78	12			372	372
1086	313	0			96	96
1087	0	0			280	196
1088	379	580			357	276
1089	4	13			114	144
1090	0	0			147	141
1091	5	8			230	214
1092	1195	471			151	151
1093	8	3			214	169
1094	12	0			438	208
1095	15	151			136	245
1096	26	70			126	123
1097	26	54			126	186
1098	13	22			129	135
1099	15	25			111	135
1100	10	9			111	262
1101	16	6			129	231
1102	2	0			193	199
1103	0	0			110	93
1104	0	4			267	270
1105	4	1			270	190
1106	4	1			270	187
1107	7	11			211	182
1108	7	6			211	182
1109	2	3			296	173
1110	2	3			183	173
1111	122	81			251	190
1112	0	0			205	114
1113	12	6			206	126
1114	0	0			132	226
1115	0	0			201	184
1116	79	185			172	246
1117	150	0			172	153
1118	0	47			248	308
1119	161	0			241	169
1120	144	124			168	206
1121	23	110			286	135
1122	38	0			140	234
1123	1	6			142	161
1124	2	0			90	105
1125	7	12			160	176
1126	187	62			269	269
1127	52	33			221	204
1128	0	0			256	242
1129	19	6			151	136
1130	10	26			120	140
1131	31	76			197	181
1132	0	0			158	268
1133	0	0			153	268
1134	11	0			258	268
1135	6	0			181	268
1136	0	0			153	158
1137	11	0			258	158
1138	6	0			181	158
1139	11	0			258	153
1140	6	0			181	153
1141	0	29			121	162
1142	0	0			121	133
1143	0	0			177	133
1144	0	0			177	121
1145	17	4			327	199
1146	11	0			141	163
1147	0	17			195	270
1148	989	1210			226	221
1149	0	0			217	208
1150	1963	1656			191	162
1151	71	574			160	254
1152	0	0			153	298
1153	0	2			170	205
1154	7	11			205	193
1155	7	7			193	154
1156	1	17			134	322
1157	4	126			102	177
1158	7	39			246	220
1159	102	84			205	161
1160	73	129			149	159
1161	2	4			164	100
1162	14	1			226	185
1163	0	0			209	114
1164	37	60			219	302
1165	0	0			222	98
1166	10	17			213	219
1167	0	7			159	342
1168	0	3			159	264
1169	0	0			186	196
1170	0	13			155	213
1171	0	0			151	175
1172	0	0			84	96
1173	0	0			144	93
1174	0	0			102	117
1175	0	3			133	117
1176	0	0			168	109
1177	16	1			231	109
1178	40	0			708	168
1179	22	10			144	132
1180	0	0			135	168
1181	39	100			157	199
1182	471	888			159	171
1183	88	265			153	205
1184	90	482			153	205
1185	0	0			221	106
1186	0	0			195	171
1187	0	0			176	171
1188	0	15			111	194
1189	55	114			141	194
1190	94	112			239	326
1191	94	53			239	176
1192	112	53			326	176
1193	1	0			423	189
1194	0	0			123	192
1195	50	37			198	170
1196	176	201			246	210
1197	132	185			198	246
1198	0	0			176	130
1199	0	0			176	149
1200	32	362			197	427
1201	32	8			197	275
1202	32	8			197	121
1203	345	8			427	121
1204	362	8			427	275
1205	362	8			427	121
1206	340	31			427	143
1207	357	8			427	121
1208	335	31			427	143
1209	3	117			226	220
1210	0	0			353	330
1211	6	6			147	137
1212	0	0			114	170
1213	0	0			133	199
1214	42	0			198	87
1215	76	160			181	164
1216	64	17			674	262
1217	3	8			182	184
1218	1	4			184	215
1219	0	11			249	461
1220	0	11			249	461
1221	0	0			84	93
1222	0	60			173	3082
1223	57	53			224	146
1224	0	0			110	223
1225	10	0			459	193
1226	0	2			137	173
1227	0	0			209	158
1228	16	0			163	158
1229	33	13			186	166
1230	17	1			202	156
1231	98	95			215	181
1232	5	7			174	149
1233	1	0			153	163
1234	0	0			78	78
1235	0	0			154	207
1236	207	560			166	219
1237	24	68			179	215
1238	76	56			187	139
1239	125	123			404	216
1240	27	123			139	216
1241	49	129			139	216
1242	63	0			238	192
1243	14	59			143	198
1244	0	0			294	99
1245	0	23			155	81
1246	0	17			135	212
1247	0	0			128	278
1248	92	76			271	217
1249	143	84			208	161
1250	159	103			222	194
1251	4	6			172	183
1252	3	6			153	180
1253	0	0			134	302
1254	0	0			114	180
1255	0	0			152	92
1256	25	26			175	178
1257	15	4			266	127
1258	4	0			185	156
1259	13	56			127	198
1260	0	83			226	280
1261	0	0			148	226
1262	12	0			163	220
1263	2	0			198	159
1264	2	0			198	292
1265	0	0			166	291
1266	0	0			190	183
1267	0	0			232	170
1268	0	0			232	211
1269	0	0			218	103
1270	0	0			360	151
1271	0	0			173	224
1272	4	132			144	252
1273	0	1			210	133
1274	1	0			159	210
1275	0	0			166	287
1276	2	0			149	149
1277	3	22			186	245
1278	0	17			105	133
1279	98	410			161	149
1280	111	5			188	123
1281	4	1			173	193
1282	4	1			197	193
1283	8	1			214	193
1284	8	4			214	173
1285	8	4			214	197
1286	2	0			121	147
1287	0	0			165	173
1288	145	97			255	221
1289	7	0			195	140
1290	88	40			176	216
1291	0	0			194	227
1292	75	152			198	252
1293	5	13			161	169
1294	49	33			242	157
1295	521	903			255	264
1296	64	28			153	128
1297	111	280			153	263
1298	0	0			144	131
1299	29	19			248	168
1300	76	71			175	166
1301	1	4			126	179
1302	205	87			190	131
1303	46	143			120	226
1304	37	90			120	131
1305	13	0			153	153
1306	194	422			214	217
1307	250	150			187	173
1308	8	0			243	182
1309	0	3			182	121
1310	181	47			265	189
1311	0	2			166	198
1312	387	81			151	151
1313	0	2			180	201
1314	0	0			99	99
1315	10	1			134	154
1316	10	1			160	154
1317	0	0			226	169
1318	12	48			129	237
1319	6	0			125	115
1320	20	14			160	138
1321	0	4			180	330
1322	0	2			258	438
1323	0	2			258	438
1324	0	0			141	259
1325	0	0			152	130
1326	0	0			150	130
1327	0	0			152	156
1328	0	0			150	156
1329	0	0			150	152
1330	0	0			150	152
1331	0	0			186	136
1332	1	0			174	206
1333	121	81			141	143
1334	104	177			143	146
1335	89	128			146	133
1336	27	40			156	199
1337	9	27			146	183
1338	229	142			234	152
1339	1	0			134	581
1340	62	23			190	162
1341	0	0			96	96
1342	30	25			247	334
1343	0	0			147	141
1344	0	1			173	164
1345	22	16			187	140
1346	0	0			123	284
1347	0	0			123	273
1348	0	0			123	78
1349	0	0			284	78
1350	0	0			273	78
1351	139	101			262	220
1352	92	0			79	79
1353	83	266			304	291
1354	0	0			179	169
1355	11	1			243	252
1356	2931	2955			282	264
1357	2	0			309	205
1358	3	0			275	205
1359	41	18			256	211
1360	370	39			113	136
1361	54	36			233	178
1362	0	0			194	457
1363	0	0			115	205
1364	27	10			218	246
1365	0	0			139	128
1366	0	0			108	123
1367	53	46			222	188
1368	65	0			128	79
1369	0	11			164	184
1370	0	0			164	216
1371	11	0			184	216
1372	77	147			242	144
1373	158	2			178	76
1374	0	0			238	136
1375	127	42			138	135
1376	73	190			135	212
1377	0	0			173	270
1378	0	0			185	173
1379	0	0			201	219
1380	0	52			191	131
1381	0	52			173	131
1382	0	2			170	212
1383	0	0			456	122
1384	71	107			240	231
1385	188	1048			142	242
1386	0	0			195	153
1387	86	83			114	132
1388	0	21			223	122
1389	0	0			215	267
1390	0	0			196	267
1391	36	324			227	603
1392	271	137			603	304
1393	262	137			603	304
1394	0	0			81	81
1395	31	157			130	288
1396	0	3			96	96
1397	0	5			96	93
1398	46	418			118	174
1399	71	139			133	155
1400	489	1219			129	210
1401	0	0			395	168
1402	0	0			154	395
1403	0	0			142	150
1404	0	12			114	145
1405	0	2			166	193
1406	0	1			166	188
1407	0	1			166	212
1408	0	2			166	145
1409	2	1			193	188
1410	2	1			193	212
1411	2	2			193	145
1412	1	2			188	145
1413	1	2			212	145
1414	81	107			230	299
1415	0	0			123	192
1416	0	0			151	108
1417	19	0			126	99
1418	35	39			210	235
1419	5	0			159	177
1420	5	0			156	177
1421	0	0			209	155
1422	0	0			245	155
1423	0	0			96	90
1424	20	29			265	222
1425	17	38			172	247
1426	499	30			210	172
1427	48	64			269	230
1428	2	0			1374	252
1429	23	68			145	200
1430	103	122			243	201
1431	0	5			174	174
1432	79	121			191	219
1433	8	29			223	345
1434	0	2			214	269
1435	49	21			204	140
1436	0	0			144	162
1437	0	0			322	199
1438	476	42			248	306
1439	263	15			349	178
1440	12	17			173	173
1441	0	0			87	87
1442	0	0			165	147
1443	0	0			159	147
1444	0	32			79	260
1445	15	29			278	234
1446	16	29			188	234
1447	221	449			268	338
1448	0	0			139	194
1449	40	81			195	183
1450	0	104			84	309
1451	0	0			165	337
1452	66	111			123	165
1453	17	0			172	191
1454	29	13			165	135
1455	290	386			363	354
1456	116	68			186	136
1457	0	4			98	98
1458	12773	8387			351	192
1459	12773	4182			351	210
1460	269	506			191	267
1461	10	23			193	176
1462	80	97			216	210
1463	1	0			140	125
1464	0	0			438	107
1465	0	0			150	187
1466	176	14			1402	195
1467	0	4			106	202
1468	12	43			189	245
1469	104	379			138	230
1470	14	0			180	90
1471	6	3			339	351
1472	0	0			111	169
1473	0	5			194	237
1474	17	154			207	161
1475	0	27			120	171
1476	1	0			153	153
1477	186	157			147	132
1478	0	341			132	290
1479	0	0			152	194
1480	0	0			105	194
1481	0	0			105	152
1482	121	128			179	177
1483	0	0			354	354
1484	166	152			239	213
1485	0	9			126	245
1486	145	78			154	176
1487	145	250			154	169
1488	0	310			82	163
1489	2	0			210	231
1490	84	4			309	240
1491	16	0			198	292
1492	16	0			198	159
1493	48	0			163	220
1494	76	5579			200	183
1495	3209	5579			111	183
1496	42	46			110	125
1497	148	46			158	125
1498	21070	8181			192	108
1499	12	3			147	209
1500	149	89			152	202
1501	0	31			147	147
1502	0	0			208	237
1503	35	21			137	141
1504	0	0			241	214
1505	0	0			193	215
1506	0	2			193	295
1507	0	2			215	295
1508	0	64			215	226
1509	0	75			215	364
1510	1	0			106	106
1511	0	0			100	100
1512	618	3			177	174
1513	1176	3			156	174
1514	2	0			219	157
1515	78	78			174	200
1516	1152	1921			214	240
1517	108	12			165	152
1518	23	38			177	204
1519	176	139			269	237
1520	381	6			267	175
1521	14	137			232	156
1522	14	248			232	191
1523	14	183			232	236
1524	0	4			159	239
1525	0	7			159	305
1526	0	0			131	159
1527	260	217			172	172
1528	11	21			156	213
1529	169	42			163	182
1530	51	0			84	87
1531	917	250			163	119
1532	503	10			132	428
1533	2	0			138	115
1534	38	132			223	186
1535	26	132			191	186
1536	0	11			230	193
1537	0	0			258	240
1538	0	0			361	108
1539	5	51			124	192
1540	1	7			164	229
1541	6	0			215	164
1542	17	0			141	192
1543	29	0			247	137
1544	0	0			367	137
1545	0	29			367	247
1546	45	32			258	233
1547	0	0			123	192
1548	37	37			141	141
1549	29	27			153	141
1550	0	69			118	187
1551	142	51			197	135
1552	0	0			93	126
1553	0	3			168	168
1554	3	0			193	251
1555	0	3			167	193
1556	44	60			183	232
1557	1	12			218	292
1558	36	26			247	179
1559	26	2			183	129
1560	3	0			165	205
1561	16	0			490	143
1562	0	0			168	98
1563	0	0			168	98
1564	3	0			219	128
1565	0	15			293	359
1566	84	50			182	165
1567	65	122			150	194
1568	142	693			189	204
1569	48	27			200	139
1570	405	4776			3036	5337
1571	289	162			266	156
1572	39	5			207	161
1573	2	0			164	145
1574	21	1			235	176
1575	3	306			145	195
1576	137	166			233	237
1577	5	0			247	255
1578	0	0			129	114
1579	112	587			400	235
1580	12	48			142	252
1581	0	0			144	197
1582	0	0			144	157
1583	6	31			159	243
1584	11	7			150	132
1585	174	71			207	200
1586	13	7			142	217
1587	0	5			96	93
1588	0	0			168	98
1589	0	0			168	98
1590	0	0			120	247
1591	65	557			200	197
1592	185	557			304	197
1593	119	72			170	200
1594	80	116			152	178
1595	0	0			156	207
1596	6	11			222	208
1597	11	3			188	231
1598	113	17			205	157
1599	0	0			99	132
1600	49	145			150	234
1601	49	84			150	135
1602	145	84			234	135
1603	38	52			203	226
1604	0	125			149	364
1605	0	5			149	152
1606	17	135			220	758
1607	697	848			378	342
1608	15	11			168	217
1609	882	1716			137	157
1610	531	944			126	137
1611	18	11			159	200
1612	23	61			198	241
1613	4	237			153	294
1614	0	0			77	401
1615	10	27			146	146
1616	25	69			167	207
1617	28	0			167	80
1618	5448	7175			192	202
1619	886	702			177	135
1620	10	56			153	653
1621	39	0			187	135
1622	29	11			155	155
1623	131	49			144	144
1624	0	0			111	153
1625	6	29			236	236
1626	28	76			180	270
1627	48	73			316	270
1628	0	45			325	180
1629	0	0			167	167
1630	0	0			235	79
1631	14	0			234	159
1632	4	0			125	168
1633	8	0			125	168
1634	0	0			127	168
1635	4	0			125	168
1636	0	8			131	125
1637	43	18			161	195
1638	0	0			116	158
1639	65	54			180	180
1640	0	37			180	180
1641	0	0			217	250
1642	14	480			144	1116
1643	31	87			153	225
1644	16	76			177	156
1645	321	270			131	127
1646	0	0			175	205
1647	0	0			159	152
1648	189	106			156	141
1649	129	180			231	238
1650	1	0			127	195
1651	3	66			133	178
1652	0	4			104	155
1653	11	9			183	188
1654	53	229			196	475
1655	45	49			196	208
1656	0	0			132	169
1657	117	3			207	192
1658	42	0			93	93
1659	14	107			93	228
1660	0	7			167	141
1661	7	10			167	220
1662	7	0			167	220
1663	7	47			167	149
1664	0	47			220	149
1665	8	64			166	166
1666	0	0			171	114
1667	0	0			174	114
1668	1	0			194	173
1669	1	0			194	197
1670	1	6			194	196
1671	1	21			194	303
1672	0	0			134	173
1673	0	0			134	197
1674	0	25			134	196
1675	0	0			173	197
1676	6	21			196	303
1677	0	0			195	174
1678	0	0			247	137
1679	0	0			367	137
1680	0	0			367	247
1681	7	130			154	189
1682	182	108			189	205
1683	97	1107			205	219
1684	97	1039			205	216
1685	0	4			171	228
1686	10	0			196	122
1687	0	152			161	248
1688	26	11			220	131
1689	7	23			189	220
1690	465	17			417	114
1691	429	17			372	114
1692	43	40			114	153
1693	0	4			135	117
1694	0	4			108	117
1695	0	0			108	135
1696	0	0			108	135
1697	74	1			148	148
1698	19	1189			180	2209
1699	8	20			120	208
1700	4	25			142	163
1701	9	25			120	163
1702	6	6			161	142
1703	0	4			120	142
1704	0	4			117	161
1705	10	4			120	161
1706	0	4			117	161
1707	0	4			120	161
1708	2	45			179	259
1709	28	32			259	333
1710	0	0			162	153
1711	0	0			135	147
1712	0	20			115	130
1713	1	41			115	130
1714	44	68			159	159
1715	0	0			237	237
1716	0	0			133	122
1717	0	2			133	250
1718	0	2			122	250
1719	39	23			198	201
1720	42	62			222	204
1721	0	8			93	93
1722	3	18			121	156
1723	33	12			199	121
1724	0	39			123	243
1725	306	211			156	117
1726	0	2			121	190
1727	0	0			190	199
1728	0	0			121	190
1729	0	0			84	84
1730	0	0			156	84
1731	0	0			156	84
1732	74	0			228	171
1733	4	11			147	147
1734	63	137			159	133
1735	6	8			249	244
1736	0	0			150	164
1737	41	50			139	231
1738	0	16			251	525
1739	77	42			223	157
1740	3	2			165	179
1741	62	138			158	158
1742	51	254			173	191
1743	45	216			195	420
1744	122	110			251	247
1745	0	1			151	172
1746	0	1			165	129
1747	25	23			161	162
1748	24	6			161	162
1749	318	152			224	167
1750	226	246			227	224
1751	0	2			109	204
1752	16	55			196	392
1753	5	0			126	150
1754	0	0			105	150
1755	0	0			152	187
1756	0	1			152	267
1757	0	1			187	267
1758	0	8			123	167
1759	0	0			93	93
1760	0	0			158	228
1761	23	26			142	136
1762	0	0			211	198
1763	0	0			115	118
1764	38	2			197	123
1765	91	28			207	213
1766	9	15			128	138
1767	18	7			160	166
1768	1	10			143	166
1769	0	0			190	169
1770	1	0			99	126
1771	0	0			99	102
1772	0	0			102	126
1773	0	0			102	129
1774	74	27			204	102
1775	5	0			180	201
1776	0	0			168	98
1777	0	0			168	98
1778	1	0			139	171
1779	11	9			186	199
1780	0	0			198	247
1781	10	4			153	169
1782	66	101			152	164
1783	0	8			157	156
1784	38	13			135	141
1785	4	12			261	261
1786	0	0			147	127
1787	18	8			175	109
1788	20	4			142	175
1789	0	0			102	99
1790	48	39			160	162
1791	0	4			97	200
1792	13	39			213	161
1793	16	18			212	161
1794	507	559			186	193
1795	212	296			173	209
1796	0	0			93	90
1797	0	84			102	245
1798	0	78			102	197
1799	49	56			162	201
1800	0	0			206	99
1801	0	11			148	78
1802	16	0			123	99
1803	16	21			209	142
1804	9	1			237	195
1805	4	0			144	81
1806	0	0			120	150
1807	199	0			171	156
1808	15	469			184	915
1809	1	0			108	96
1810	3	0			189	96
1811	3	1			189	108
1812	0	0			192	111
1813	9	62			158	182
1814	9	107			158	208
1815	28	48			167	175
1816	33	48			150	209
1817	0	0			162	168
1818	0	56			125	231
1819	90	44			172	236
1820	3	3			327	185
1821	0	0			338	200
1822	104	0			151	97
1823	1	5			210	156
1824	21	9			189	117
1825	15	23			336	192
1826	5	23			192	192
1827	9	23			243	192
1828	9	2			243	192
1829	15	2			336	192
1830	15	12			336	243
1831	5	9			177	336
1832	10	2			215	212
1833	0	0			193	192
1834	17	86			111	170
1835	5	0			179	158
1836	115	270			165	238
1837	200	660			176	170
1838	2	0			198	207
1839	0	0			87	87
1840	13	0			197	157
1841	15	56			162	208
1842	42	42			218	151
1843	129	8			173	179
1844	180	135			219	201
1845	9	13			198	229
1846	99	103			249	159
1847	194	215			259	212
1848	47	0			120	162
1849	6	138			131	153
1850	0	0			176	231
1851	0	0			232	292
1852	0	4			165	146
1853	0	4			164	146
1854	0	0			164	165
1855	63	144			207	191
1856	47	144			181	191
1857	125	109			185	185
1858	0	5			233	265
1859	0	5			210	247
1860	32	13			268	223
1861	20	21			226	147
1862	51	33			231	174
1863	11	4			220	217
1864	0	0			234	213
1865	107	0			263	183
1866	3	224			168	180
1867	0	0			138	255
1868	0	0			138	255
1869	0	0			153	255
1870	0	0			153	138
1871	0	0			153	138
1872	6565	2824			171	267
1873	101	82			156	163
1874	15	2			291	170
1875	47	81			181	217
1876	0	0			139	164
1877	107	151			273	270
1878	0	0			182	300
1879	173	85			279	198
1880	93	52			198	152
1881	0	25			108	194
1882	0	0			144	147
1883	0	0			660	304
1884	167	45			193	177
1885	0	5			226	220
1886	23	56			179	151
1887	0	0			83	77
1888	8	3			176	133
1889	0	0			157	196
1890	0	0			164	87
1891	0	0			87	222
1892	0	0			190	190
1893	50	55			149	191
1894	30	42			228	208
1895	19	43			161	236
1896	39	20			205	150
1897	3	0			212	114
1898	23	59			299	229
1899	821	1149			150	173
1900	0	16			118	169
1901	46	44			192	198
1902	0	0			262	183
1903	176	157			189	168
1904	6	4			167	197
1905	0	4			168	191
1906	0	6			168	291
1907	0	0			168	183
1908	36	42			184	153
1909	36	64			184	196
1910	0	0			159	141
1911	0	0			163	164
1912	0	0			123	165
1913	87	12			219	213
1914	0	0			167	167
1915	0	0			164	129
1916	0	15			169	170
1917	0	0			125	212
1918	7	43			293	231
1919	1	0			190	129
1920	668	253			243	243
1921	0	0			177	133
1922	44	101			185	298
1923	3	88			184	149
1924	4	204			184	149
1925	0	1			129	156
1926	58	125			126	158
1927	0	0			130	159
1928	0	0			93	159
1929	143	201			156	221
1930	5	2			199	169
1931	2	2			193	169
1932	2	5			193	199
1933	9	5			148	153
1934	10	3			156	148
1935	3	7			153	126
1936	0	2			120	90
1937	0	5			120	90
1938	2	5			90	90
1939	56	27			239	144
1940	142	99			301	225
1941	0	0			168	98
1942	0	0			168	98
1943	10	81			490	166
1944	0	81			109	166
1945	0	10			109	490
1946	9	146			170	329
1947	9	33			170	227
1948	4	29			216	207
1949	11	16			216	183
1950	1	0			135	149
1951	0	0			187	135
1952	93	0			108	111
1953	3	3			143	134
1954	51	113			105	141
1955	1	0			172	140
1956	39	44			189	153
1957	3	0			176	149
1958	3	196			176	280
1959	0	137			149	249
1960	54	194			128	218
1961	190	116			218	163
1962	43	87			151	164
1963	0	0			223	168
1964	5	176			165	208
1965	19	176			193	208
1966	18	176			198	208
1967	0	2			1325	189
1968	0	3			234	169
1969	0	2			234	189
1970	3	2			169	189
1971	4	6			189	213
1972	5	0			213	186
1973	5	0			213	274
1974	0	0			187	186
1975	0	0			186	274
1976	25	61			149	220
1977	1	0			174	134
1978	399	649			180	170
1979	0	1			147	175
1980	7	1			217	175
1981	7	0			217	147
1982	0	0			221	255
1983	15	8			187	173
1984	0	0			190	192
1985	57	0			150	87
1986	8	0			87	87
1987	0	1			138	255
1988	0	1			138	255
1989	0	1			153	255
1990	0	0			153	138
1991	0	1			153	138
1992	141	124			198	177
1993	0	239			103	206
1994	189	137			206	156
1995	209	402			165	193
1996	0	12			220	664
1997	5	107			221	235
1998	11	3			206	210
1999	10	3			221	210
2000	557	0			206	77
2001	0	1			248	248
2002	0	0			127	127
2003	0	0			248	248
2004	0	0			127	127
2005	0	0			127	127
2006	0	0			127	127
2007	22	199			167	221
2008	0	0			169	126
2009	548	515			249	167
2010	263	153			209	178
2011	10	36			167	183
2012	0	0			156	150
2013	248	676			147	260
2014	86	3			135	154
2015	43	3			440	210
2016	0	1			198	230
2017	13	38			116	200
2018	71	0			87	87
2019	71	7			87	193
2020	0	0			218	103
2021	0	0			360	151
2022	21	41			112	184
2023	255	50			158	125
2024	7	5			157	116
2025	16	5			181	116
2026	7	20			157	169
2027	16	20			181	169
2028	573	786			129	296
2029	865	682			231	219
2030	189	34			649	234
2031	0	4			102	99
2032	248	191			207	164
2033	9	0			191	214
2034	31	0			197	106
2035	2	0			129	141
2036	232	77			732	232
2037	1	0			230	204
2038	1	0			217	204
2039	0	0			200	175
2040	1	4			150	178
2041	1	0			136	167
2042	2	4			207	218
2043	0	1			193	192
2044	151	133			239	286
2045	0	696			111	121
2046	74	352			141	312
2047	44	37			142	333
2048	81	5			264	142
2049	0	0			166	224
2050	339	260			202	182
2051	213	260			264	182
2052	40	242			141	165
2053	46	132			141	135
2054	124	376			172	173
2055	0	0			99	99
2056	0	0			134	99
2057	2	0			152	134
2058	2	0			152	134
2059	0	0			167	167
2060	0	0			83	83
2061	0	0			83	110
2062	0	0			83	83
2063	0	0			110	83
2064	0	0			132	141
2065	0	4			99	99
2066	0	2			120	117
2067	3	0			162	153
2068	0	0			92	95
2069	14	16			184	235
2070	320	1865			242	242
2071	0	49			259	583
2072	304	12			194	92
2073	222	12			245	92
2074	0	0			111	274
2075	8	0			158	108
2076	0	0			147	207
2077	0	0			129	163
2078	0	0			129	213
2079	0	0			129	173
2080	0	0			129	209
2081	0	0			129	178
2082	0	0			213	173
2083	0	0			213	209
2084	0	0			213	178
2085	0	0			153	215
2086	0	0			173	209
2087	0	0			173	178
2088	0	0			173	215
2089	0	0			209	178
2090	0	0			181	178
2091	0	0			178	123
2092	5	14			166	152
2093	0	0			278	473
2094	4	15			166	234
2095	14	44			166	138
2096	0	7			163	146
2097	0	54			232	166
2098	10	13			109	143
2099	24	38			186	194
2100	0	35			139	148
2101	0	0			154	144
2102	0	0			200	274
2103	89	86			191	147
2104	49	34			195	149
2105	79	315			186	233
2106	9	33			121	260
2107	121	74			190	153
2108	0	0			163	111
2109	0	0			169	203
2110	0	0			196	203
2111	30	2			176	120
2112	0	0			196	220
2113	4	0			177	117
2114	68	98			390	198
2115	0	281			129	639
2116	5	3			177	243
2117	0	4			150	109
2118	0	4			94	94
2119	83	131			204	165
2120	125	15			204	183
2121	0	0			121	133
2122	42	17			145	164
2123	30	69			145	208
2124	0	0			126	193
2125	0	0			119	326
2126	0	0			202	99
2127	0	0			116	99
2128	0	0			116	202
2129	0	0			173	205
2130	0	0			210	173
2131	14	3			237	306
2132	3	0			227	217
2133	2	9			167	202
2134	7	2			285	278
2135	125	244			191	311
2136	525	435			237	135
2137	2	591			186	358
2138	2	255			186	186
2139	72	66			189	252
2140	3	10			258	258
2141	48	20			165	149
2142	0	1			179	179
2143	3	0			135	135
2144	0	1			159	159
2145	0	0			159	108
2146	3	6			288	180
2147	16	198			109	381
2148	16	180			109	333
2149	44	35			229	177
2150	0	0			193	192
2151	23	1			264	111
2152	0	1			174	138
2153	0	17			174	297
2154	184	149			423	357
2155	46	3			180	168
2156	0	0			123	192
2157	0	0			143	137
2158	1	0			160	125
2159	0	0			151	220
2160	0	0			201	240
2161	0	10			78	78
2162	0	0			93	93
2163	3	9			195	195
2164	133	0			163	198
2165	0	0			90	78
2166	0	0			117	78
2167	0	2			168	177
2168	55	495			130	186
2169	25	60			198	456
2170	14	3			169	215
2171	5	33			240	231
2172	20	26			171	167
2173	220	325			213	286
2174	311	14			213	210
2175	59	3			210	210
2176	3	0			270	258
2177	4	1			210	270
2178	0	47			127	340
2179	15	4			172	163
2180	2	2			204	162
2181	0	12			179	225
2182	73	68			189	171
2183	1	2			202	366
2184	9	8			171	169
2185	174	160			186	186
2186	22	5			198	192
2187	11	7			272	137
2188	89	10			256	113
2189	92	10			225	113
2190	88	8			256	113
2191	23	0			321	167
2192	0	0			464	228
2193	0	0			182	163
2194	11	80			125	411
2195	5	15			218	203
2196	19	11			246	218
2197	1	26			182	311
2198	31	67			164	151
2199	49	76			164	151
2200	19	115			155	164
2201	31	11			155	170
2202	31	14			155	257
2203	0	8			157	203
2204	60	24			169	126
2205	446656	4938327			120	405
2206	52	80			261	273
2207	86	10			260	222
2208	81	32			260	231
2209	0	94			78	197
2210	139	94			289	197
2211	139	0			289	78
2212	1	16			124	117
2213	0	0			161	161
2214	0	0			132	120
2215	0	0			141	138
2216	0	2			93	93
2217	0	16			90	228
2218	0	0			131	141
2219	5	0			179	96
2220	339	494			204	221
2221	10	0			816	211
2222	49	63			337	536
2223	4	2			261	213
2224	0	12			160	245
2225	0	0			160	188
2226	0	0			175	208
2227	0	0			158	175
2228	0	7			81	170
2229	19	47			147	249
2230	0	0			163	390
2231	0	31			194	397
2232	9	18			145	226
2233	3	40			130	178
2234	0	0			138	120
2235	24	4			208	127
2236	19	30			119	125
2237	56	112			106	153
2238	14	110			171	218
2239	0	0			368	152
2240	0	0			81	81
2241	83	25			206	111
2242	0	0			172	172
2243	84	133			214	204
2244	0	2			264	264
2245	57	72			165	184
2246	0	0			173	192
2247	0	0			307	192
2248	37	14			315	115
2249	26	2			225	164
2250	0	0			145	160
2251	214	90			189	189
2252	34	0			160	144
2253	0	17			123	173
2254	0	0			93	93
2255	0	0			187	137
2256	4	0			240	240
2257	0	2			251	135
2258	0	2			191	133
2259	0	9			133	332
2260	32	37			229	224
2261	1720	1694			156	144
2262	2107	1737			154	156
2263	9	15			180	121
2264	11	0			126	126
2265	0	17			126	138
2266	0	63			149	173
2267	11	49			184	173
2268	39	19			201	224
2269	17	27			355	269
2270	70	173			165	156
2271	70	58			165	153
2272	69	12			156	117
2273	57	62			197	210
2274	28	76			146	149
2275	36	187			171	247
2276	0	13			161	161
2277	100	135			188	150
2278	92	262			150	222
2279	0	2			198	152
2280	33	3			253	164
2281	69	90			142	113
2282	4	12			162	196
2283	48	21			120	132
2284	0	0			189	199
2285	39	20			156	177
2286	34	4			947	255
2287	103	82			127	125
2288	260	32			257	158
2289	0	0			193	125
2290	165	112			267	221
2291	2	3			178	308
2292	223	3			325	308
2293	223	2			325	178
2294	259	144			152	152
2295	12	211			147	172
2296	0	0			168	98
2297	0	0			168	98
2298	1	0			224	157
2299	4	0			218	157
2300	727	1049			260	240
2301	9	2			190	160
2302	9	0			190	168
2303	2	0			160	168
2304	0	0			157	114
2305	6	9			171	197
2306	0	0			123	192
2307	193	137			185	163
2308	3	0			96	99
2309	11	0			248	171
2310	12	0			184	125
2311	18	61			153	185
2312	53	26			188	153
2313	16	23			147	147
2314	2	22			147	147
2315	0	1			155	192
2316	13	32			277	271
2317	6	441			118	585
2318	6	288			118	296
2319	7	3			218	180
2320	8	3			173	180
2321	0	24			94	94
2322	0	0			87	87
2323	0	0			87	87
2324	0	0			87	87
2325	0	0			172	172
2326	7	12			182	312
2327	321	51			149	111
2328	20	41			197	202
2329	98	1			234	196
2330	27	559			138	729
2331	8	5			268	297
2332	12	5			199	297
2333	0	0			219	210
2334	0	0			141	243
2335	0	0			141	243
2336	32	42			186	182
2337	17	13			273	144
2338	415	9			263	236
2339	0	8			154	187
2340	0	6			154	146
2341	0	5			154	137
2342	8	6			187	146
2343	8	5			187	137
2344	10	18			165	147
2345	0	0			123	192
2346	4	18			138	168
2347	20	57			174	214
2348	0	6			218	306
2349	0	9			218	226
2350	6	9			306	226
2351	0	0			226	199
2352	148	8			145	147
2353	35	5			150	147
2354	35	84			150	289
2355	2	11			146	147
2356	0	0			194	181
2357	129	10			207	161
2358	5	0			173	247
2359	2	0			186	247
2360	3	0			166	247
2361	5	4			159	221
2362	15	36			177	173
2363	629	552			212	165
2364	1	552			144	165
2365	629	721			212	197
2366	209	717			131	212
2367	1	168			125	122
2368	223	468			199	237
2369	23	26			621	795
2370	672	921			305	155
2371	0	0			109	143
2372	0	0			186	194
2373	0	0			219	189
2374	0	0			216	189
2375	0	0			126	148
2376	0	0			126	148
2377	0	3			126	148
2378	0	3			148	148
2379	0	0			148	148
2380	3	1798			102	237
2381	256	773			145	344
2382	645	773			182	344
2383	160	275			128	166
2384	53	101			146	208
2385	38	8			159	104
2386	25	5			173	204
2387	85	125			258	254
2388	38	110			188	261
2389	11	1			189	177
2390	74	1462			205	247
2391	427	3			196	160
2392	102	395			299	759
2393	14	111			120	117
2394	0	0			387	366
2395	0	0			366	207
2396	24	10			276	202
2397	23	38			154	123
2398	23	38			154	118
2399	6	12			138	156
2400	5	8			201	127
2401	0	99			197	277
2402	432	1013			208	313
2403	12	46			160	248
2404	38	39			204	160
2405	0	0			140	213
2406	0	0			123	140
2407	0	6			232	460
2408	26	51			159	190
2409	0	0			123	192
2410	19	6			258	178
2411	143	70			561	206
2412	74	158			165	291
2413	280	224			165	138
2414	362	314			174	165
2415	152	235			145	136
2416	0	3			147	150
2417	238	1223			134	170
2418	41	11			352	180
2419	24	11			223	180
2420	28	13			352	180
2421	2	13			130	180
2422	42	13			156	180
2423	42	28			156	352
2424	42	2			156	130
2425	274	0			215	103
2426	0	99			186	320
2427	0	4			208	219
2428	0	9			142	116
2429	0	21			195	386
2430	1	55			110	348
2431	57	10			348	122
2432	0	0			226	148
2433	23	265			180	279
2434	14	2			246	189
2435	59	0			203	338
2436	0	0			192	228
2437	1	33			245	245
2438	6	43			126	212
2439	2	0			195	219
2440	31	24			169	202
2441	18	6			202	139
2442	22	21			204	177
2443	46	35			125	146
2444	0	0			96	102
2445	0	0			96	96
2446	196	97			214	214
2447	145	0			87	87
2448	30	65			170	202
2449	1	0			177	162
2450	0	0			205	177
2451	0	1			132	205
2452	2	3			241	273
2453	7	7			403	121
2454	0	0			109	165
2455	0	0			247	196
2456	0	0			173	196
2457	0	0			228	196
2458	0	0			197	196
2459	0	0			173	247
2460	0	0			228	247
2461	0	0			197	247
2462	0	0			228	173
2463	0	0			197	173
2464	0	0			197	228
2465	33	2427			111	182
2466	0	0			123	192
2467	33	111			136	178
2468	97	99			186	178
2469	13	27			167	216
2470	0	0			90	198
2471	0	0			129	129
2472	41	133			184	192
2473	0	0			78	78
2474	0	0			78	78
2475	0	0			78	78
2476	2	0			220	220
2477	0	0			179	179
2478	0	0			159	159
2479	60	31			190	155
2480	0	0			96	213
2481	0	0			208	147
2482	75	17			206	203
2483	0	21			159	147
2484	3	9			141	135
2485	224	132			266	161
2486	24	32			128	146
2487	1	0			198	171
2488	25	0			158	108
2489	9	6			209	155
2490	8	12			387	327
2491	2	0			220	173
2492	15	4			168	105
2493	19	3			117	105
2494	1	22			155	148
2495	66	101			186	156
2496	274	583			153	204
2497	4	5			160	143
2498	50	24			101	130
2499	25	47			182	177
2500	24	47			284	177
2501	128	6			228	261
2502	0	274			119	218
2503	0	0			159	159
2504	0	0			123	181
2505	1	0			190	152
2506	607	1457			151	246
2507	0	0			237	132
2508	89	36			203	119
2509	4	36			117	119
2510	0	0			138	195
2511	3	182			101	196
2512	0	0			192	221
2513	0	0			177	221
2514	0	0			177	192
2515	0	0			148	214
2516	0	0			187	214
2517	0	0			138	140
2518	0	0			261	386
2519	0	0			128	261
2520	0	0			246	261
2521	4	4			150	117
2522	39	21			168	98
2523	46	69			168	98
2524	50	20			267	158
2525	37	74			224	192
2526	37	81			224	338
2527	45	152			192	311
2528	8	11			147	141
2529	3	21			154	225
2530	85	28			165	129
2531	3	0			96	96
2532	19	48			161	230
2533	8	338			168	128
2534	1204	1670			205	227
2535	1	10			123	146
2536	5	14			141	123
2537	2	4			129	149
2538	5	8			221	139
2539	0	5			212	221
2540	121	46			140	177
2541	325	459			208	218
2542	102	20			254	178
2543	5	42			151	171
2544	17	7			171	152
2545	48	155			183	180
2546	1086	640			234	154
2547	0	0			147	141
2548	3	0			249	248
2549	24	7			233	173
2550	0	1			173	130
2551	6	28			168	215
2552	13	3			226	168
2553	0	0			184	219
2554	267	452			136	173
2555	1	4			168	153
2556	4	35			110	241
2557	5	124			110	254
2558	0	0			168	184
2559	0	0			155	114
2560	0	0			102	132
2561	11	24			198	180
2562	1	2			223	168
2563	2	9			178	250
2564	307	1395			150	259
2565	997	608			339	174
2566	6	26			693	678
2567	9	315			173	339
2568	597	0			538	116
2569	50	0			132	116
2570	225	243			271	161
2571	12	14			120	144
2572	0	70			81	165
2573	92	113			192	177
2574	0	6			132	159
2575	3	1			150	147
2576	0	0			145	159
2577	0	0			190	190
2578	3	3			208	164
2579	5	6			116	208
2580	139	80			137	110
2581	10	0			87	151
2582	0	0			218	103
2583	0	0			360	151
2584	0	0			150	275
2585	23	56			162	234
2586	13	4			197	156
2587	0	0			194	128
2588	0	0			169	174
2589	0	0			152	148
2590	0	2			162	178
2591	0	0			162	112
2592	0	0			203	191
2593	14	18			145	214
2594	1	1			105	147
