ID	IJC_SAMPLE_1	SJC_SAMPLE_1	IJC_SAMPLE_2	SJC_SAMPLE_2	IncFormLen	SkipFormLen
0	0	0			150	137
1	0	0			150	137
2	0	0			150	150
3	0	0			150	98
4	0	0			150	98
5	0	0			138	150
6	0	0			138	150
7	0	0			150	150
8	0	0			150	138
9	0	0			150	138
10	0	0			150	137
11	0	0			150	137
12	0	0			150	150
13	0	0			138	150
14	0	0			138	150
15	0	0			150	150
16	0	0			150	138
17	0	0			150	138
18	0	0			123	150
19	0	0			150	137
20	0	0			150	137
21	0	0			150	150
22	0	0			138	150
23	0	0			138	150
24	0	0			150	150
25	0	0			150	138
26	0	0			150	138
27	0	0			150	150
28	0	0			150	108
29	0	0			150	111
30	0	0			123	150
31	0	0			150	137
32	0	0			150	137
33	0	0			150	150
34	0	0			138	150
35	0	0			138	150
36	0	0			150	150
37	0	0			150	138
38	0	0			150	138
39	0	0			123	150
40	0	0			150	137
41	0	0			150	137
42	0	0			150	150
43	0	0			150	98
44	0	0			150	98
45	0	0			150	111
46	0	0			150	150
47	0	0			150	150
48	0	0			150	150
49	0	0			147	141
50	0	0			150	103
51	0	0			150	150
52	0	0			150	150
53	0	0			111	150
54	0	0			150	103
55	0	0			150	150
56	0	0			147	141
57	0	0			150	103
58	0	0			150	150
59	0	0			150	150
60	0	0			147	141
61	0	0			111	150
62	0	0			150	150
63	0	0			147	141
64	0	0			150	150
65	0	0			150	103
66	0	0			150	150
67	0	0			84	102
68	0	0			148	150
69	0	0			150	150
70	0	0			150	150
71	0	0			141	150
72	0	0			138	150
73	0	0			150	150
74	0	0			99	126
75	0	0			99	102
76	0	0			102	126
77	0	0			102	129
78	0	0			150	150
79	0	0			150	150
80	0	0			150	150
81	0	0			150	121
82	0	0			150	150
83	0	0			150	150
84	0	0			150	150
85	0	0			150	150
86	0	0			150	150
87	0	0			150	150
88	0	0			150	150
89	0	0			150	150
90	0	0			150	108
91	0	0			126	150
92	0	0			150	103
93	0	0			150	150
94	0	0			150	150
95	0	0			150	150
96	0	0			150	150
97	0	0			123	150
98	0	0			106	150
99	0	0			150	150
100	10	22			138	150
101	1	3			150	150
102	0	0			150	150
103	0	0			150	111
104	0	0			150	150
105	21	15			150	150
106	2	1			150	150
107	0	206			115	150
108	18	37			150	150
109	39	39			131	147
110	10	0			111	105
111	0	0			150	150
112	0	0			150	114
113	0	2			150	123
114	1	15			150	150
115	24	13			150	150
116	35	0			150	121
117	20	0			150	121
118	41	0			150	150
119	1	0			93	90
120	387	442			143	150
121	7	15			150	150
122	2	24			144	111
123	0	0			93	93
124	0	0			150	126
125	0	3			150	150
126	0	3			126	150
127	15	10			150	150
128	458	11			150	150
129	0	0			150	150
130	18	58			123	140
131	1	3			150	150
132	0	0			150	150
133	109	119			150	150
134	54	97			150	150
135	26	60			104	150
136	30	22			150	146
137	2	88			150	150
138	16	34			150	150
139	9	6			150	124
140	0	0			150	150
141	0	0			136	150
142	0	0			150	150
143	2	112			150	150
144	0	10			150	150
145	17	15			142	150
146	68	99			150	150
147	13	2			150	150
148	0	1			150	150
149	9	7			150	150
150	4	0			150	150
151	27	44			128	150
152	550	377			150	137
153	58	1534			150	150
154	3147	1534			150	150
155	74	1			115	118
156	48	12			150	146
157	45	28			150	123
158	38	41			150	150
159	12	0			150	150
160	7	0			150	113
161	12	0			150	113
162	3	0			150	150
163	14	25			146	150
164	20	21			150	150
165	40	146			109	150
166	23	18			150	150
167	212	79			138	102
168	90	124			102	111
169	63	140			146	150
170	1	7			150	119
171	1	120			150	130
172	135	5			150	119
173	7	120			119	130
174	0	94			150	150
175	57	184			150	130
176	10	65			121	150
177	1	69			121	150
178	11	69			150	150
179	25	69			150	150
180	11	1			150	121
181	25	1			150	121
182	20	61			147	144
183	0	1			150	150
184	0	0			150	133
185	2	4			129	148
186	45	76			148	150
187	0	3			150	150
188	1	3			150	150
189	81	24			150	150
190	3	44			150	150
191	114	151			150	143
192	0	0			141	150
193	0	3			150	150
194	521	225			150	132
195	72	20			150	150
196	4	27			150	150
197	3	58			150	150
198	36	58			150	150
199	24	72			150	150
200	358	394			150	150
201	1	0			150	144
202	0	0			117	150
203	81	121			150	150
204	0	0			150	150
205	0	0			150	150
206	52	7			150	150
207	0	0			123	150
208	4	156			150	150
209	669	608			150	150
210	5	315			150	150
211	0	7			150	150
212	3	0			150	150
213	251	5			148	150
214	46	172			150	150
215	42	34			150	150
216	16	36			150	150
217	0	14			150	150
218	48	185			148	123
219	19	91			131	150
220	1	0			141	139
221	0	0			150	118
222	891	5			150	150
223	891	20			150	150
224	0	0			150	150
225	0	0			150	150
226	0	2			150	150
227	13	5			150	122
228	18	2			150	150
229	21	1			106	150
230	188	390			150	150
231	4925	4794			150	150
232	31	157			150	150
233	2	157			150	150
234	2	2			97	97
235	1	0			111	150
236	0	0			150	103
237	0	0			150	150
238	10	6			150	150
239	35	60			150	150
240	41	33			150	113
241	15	11			150	150
242	15	18			150	150
243	0	0			150	150
244	0	0			136	150
245	0	0			147	150
246	44	2			133	150
247	24	33			150	143
248	25	27			150	150
249	25	0			150	150
250	21	305			150	150
251	106	278			150	150
252	0	0			148	150
253	202	277			150	150
254	801	22			150	150
255	1280	25			150	141
256	0	0			150	150
257	0	0			150	150
258	0	0			150	150
259	46	18			136	150
260	61	27			150	136
261	61	27			144	136
262	29	0			150	120
263	3	47			150	150
264	26	32			129	150
265	8	33			150	150
266	0	0			150	150
267	0	0			150	150
268	7	0			124	121
269	3	2			150	150
270	1574	1101			150	150
271	753	1616			150	117
272	156	221			150	150
273	0	0			122	119
274	780	645			150	150
275	16	17			150	150
276	440	404			150	150
277	271	35			138	150
278	272	381			138	150
279	18	47			140	150
280	20	34			150	150
281	69	56			150	150
282	0	0			150	118
283	34	1			150	150
284	125	3			85	85
285	2	1			150	150
286	116	549			150	150
287	0	0			143	143
288	0	0			103	143
289	1	1			150	150
290	90	96			150	150
291	32	95			150	150
292	2	62			131	150
293	0	0			150	150
294	134	92			138	150
295	56	1			138	150
296	472	2			150	150
297	2	80			150	150
298	6	10			150	150
299	47	50			150	150
300	91	188			150	150
301	0	0			150	150
302	0	0			150	150
303	1	0			150	150
304	1	0			150	150
305	6	3			150	150
306	5	3			150	150
307	2	3			150	150
308	1	0			133	102
309	39	68			150	150
310	39	94			150	150
311	0	4			150	150
312	39	82			150	150
313	108	68			150	150
314	48	81			150	150
315	115	110			150	150
316	0	0			150	132
317	59	4			150	150
318	45	43			150	150
319	181	210			150	150
320	196	74			144	150
321	0	0			150	150
322	0	0			150	150
323	0	0			150	150
324	0	0			150	150
325	6233	8324			116	150
326	11	20			150	150
327	0	0			150	150
328	0	0			150	150
329	0	0			125	143
330	0	0			150	150
331	0	0			150	150
332	0	0			150	150
333	1	0			150	150
334	0	3			150	150
335	0	0			150	136
336	4	3			116	150
337	0	0			123	150
338	0	0			150	150
339	2	46			150	141
340	198	246			150	150
341	81	3			150	150
342	92	10			148	150
343	162	146			150	150
344	0	0			150	150
345	0	0			150	150
346	7	0			150	150
347	0	0			150	150
348	4	0			150	150
349	0	0			150	150
350	7	0			150	150
351	0	0			150	150
352	7	0			150	150
353	0	0			150	150
354	0	7			150	150
355	0	3			150	150
356	60	70			145	150
357	0	11			150	150
358	274	410			150	150
359	18	13			150	150
360	12	17			150	150
361	7	20			146	150
362	13	7			150	146
363	4	7			150	150
364	3	0			150	150
365	17	51			118	150
366	0	0			150	150
367	1	0			150	121
368	44	72			150	150
369	11	43			150	150
370	31	43			117	150
371	31	11			117	150
372	21	36			150	108
373	29	39			108	150
374	63	78			122	150
375	63	81			122	150
376	26	101			117	149
377	2	46			150	117
378	1	6			125	150
379	0	9			131	125
380	84	0			150	150
381	54	0			150	150
382	14	16			150	150
383	6	16			149	150
384	3	37			124	150
385	2	5			148	150
386	0	0			150	150
387	3	1			150	150
388	11	12			150	144
389	311	196			150	150
390	222	257			150	150
391	48	55			150	150
392	138	73			150	150
393	86	65			150	150
394	1355	1586			150	150
395	1	1			150	150
396	10	18			150	150
397	20	47			138	150
398	29	3			150	150
399	0	0			120	120
400	4	3			133	150
401	28	0			150	114
402	58	68			150	150
403	95	12			150	134
404	6	6			127	126
405	7	2			150	150
406	11	45			129	150
407	7	1			150	141
408	1	3			150	123
409	1	1			150	150
410	22	235			150	143
411	27	235			150	143
412	0	0			150	150
413	0	1			129	150
414	174	167			150	144
415	61	116			150	150
416	75	99			150	150
417	76	99			150	150
418	26	41			150	150
419	22	11			150	150
420	506	246			150	150
421	444	513			150	150
422	1	691			100	100
423	78	140			119	150
424	63	1			127	119
425	131	221			150	150
426	65	91			150	150
427	4	2			150	95
428	1	1			150	96
429	26	24			150	148
430	61	42			150	145
431	0	0			135	150
432	1	1			150	150
433	0	0			150	150
434	47	94			147	140
435	7	94			150	140
436	31	94			150	140
437	47	102			147	150
438	7	102			150	150
439	31	102			150	150
440	151	267			150	141
441	33	157			150	150
442	25	157			150	150
443	30	157			150	150
444	111	157			150	150
445	12	12			150	150
446	4	12			150	150
447	0	0			150	150
448	14	7			150	150
449	7	17			150	150
450	6	3			150	150
451	1	0			150	142
452	3	0			150	150
453	61	62			136	150
454	98	109			150	150
455	7	0			150	138
456	7	1			150	147
457	0	1			138	147
458	411	393			150	150
459	30	63			123	150
460	0	0			150	150
461	31	20			150	150
462	6	20			150	150
463	5	1			150	150
464	9	5			141	150
465	22	66			150	150
466	304	364			150	147
467	111	104			150	150
468	28	35			150	150
469	1	199			117	150
470	85	71			150	150
471	57	68			150	150
472	61	66			150	150
473	62	44			150	150
474	344	4			150	150
475	330	378			150	150
476	0	0			150	150
477	0	0			150	133
478	0	0			108	135
479	28	75			150	150
480	1013	874			150	150
481	13	157			150	150
482	0	3			150	150
483	0	3			150	150
484	14	96			150	148
485	5	8			150	150
486	1	0			150	150
487	250	0			140	150
488	114	162			114	150
489	159	98			135	102
490	2	2050			145	150
491	1399	2050			150	150
492	244	121			150	150
493	7	10			150	150
494	4	0			150	150
495	2	0			150	150
496	7	21			150	150
497	4	11			150	150
498	2	11			150	150
499	330	336			150	150
500	12	11			150	150
501	0	0			150	150
502	0	0			150	150
503	1	1			150	150
504	0	0			150	104
505	9	4			150	150
506	0	2			150	150
507	37	18			150	150
508	17	31			150	150
509	8	30			95	150
510	95	85			141	150
511	18	3			150	150
512	3	8			150	150
513	3	8			150	150
514	0	3			84	84
515	31	2			102	150
516	32	26			150	150
517	77	84			150	150
518	0	1			150	150
519	56	63			150	150
520	0	0			150	150
521	2	4			102	150
522	13	17			128	150
523	19	14			150	128
524	1	186			150	137
525	33	73			150	150
526	23	68			150	150
527	0	370			150	135
528	19	33			150	129
529	1	51			147	147
530	168	162			150	150
531	4	39			150	150
532	13	39			150	150
533	13	4			150	150
534	24	0			150	133
535	0	0			150	150
536	1	0			150	150
537	68	84			150	146
538	34	3			150	150
539	934	1086			150	150
540	31	30			150	142
541	19	25			142	150
542	0	0			150	150
543	22	32			150	150
544	21	29			133	150
545	2	53			150	150
546	0	0			150	150
547	11	0			150	150
548	11	0			150	150
549	2306	0			127	150
550	129	8			150	150
551	7	0			150	150
552	46	63			147	150
553	35	62			150	150
554	1	0			150	150
555	22	2			150	150
556	4	22			150	150
557	2	123			150	150
558	10	113			150	150
559	55	111			150	150
560	3	108			150	150
561	2027	0			147	150
562	1	0			150	84
563	1	0			150	84
564	0	1			150	150
565	12	18			150	150
566	69	103			150	150
567	12	9			150	150
568	188	333			150	150
569	77	41			150	150
570	2	14			150	136
571	83	26			150	150
572	0	0			150	150
573	4	133			128	150
574	21	40			119	118
575	41	21			150	119
576	0	5			145	150
577	0	5			145	150
578	1	3			150	149
579	244	297			150	150
580	11	39			150	150
581	7	30			126	150
582	0	33			150	150
583	41	8			150	150
584	14	27			150	150
585	57	60			150	150
586	17	23			150	150
587	1001	854			150	147
588	2	0			150	150
589	0	0			150	119
590	0	0			79	82
591	12	4			150	150
592	8	9			150	150
593	1	1			150	150
594	0	1			150	150
595	3	40			108	144
596	3	13			108	102
597	0	0			78	150
598	10	490			150	150
599	10	241			150	150
600	13	52			111	150
601	106	172			150	150
602	87	109			150	150
603	9	1			150	150
604	32	29			150	150
605	11	0			113	137
606	371	357			150	150
607	93	179			118	150
608	188	294			150	150
609	14	13			150	150
610	112	213			150	150
611	0	0			150	150
612	196	137			150	150
613	0	0			150	125
614	118	147			148	150
615	31	25			150	124
616	1	0			150	150
617	0	0			150	81
618	8	0			138	150
619	0	2			150	150
620	0	0			150	150
621	2	0			150	150
622	0	0			150	150
623	0	0			150	150
624	9	8			150	150
625	3308	607			150	150
626	483	6063			150	150
627	91	3			149	137
628	105	125			150	150
629	0	0			98	98
630	0	0			81	81
631	71	0			128	132
632	0	0			150	105
633	0	0			117	105
634	0	1			150	150
635	100	139			150	150
636	0	0			150	150
637	12	30			150	132
638	20	0			150	150
639	32	2			150	120
640	5	0			150	150
641	1	86			147	144
642	3	1			150	150
643	2	2			147	150
644	10	30			133	147
645	26	25			147	150
646	145	230			150	150
647	22	31			137	150
648	27	44			150	150
649	0	9			150	150
650	34	52			114	149
651	353	446			135	150
652	0	0			147	141
653	10	5			150	150
654	123	107			150	114
655	73	172			114	147
656	155	127			150	142
657	0	0			150	146
658	15	0			84	84
659	2	103			133	150
660	48	19			150	150
661	35	69			150	150
662	39	25			150	121
663	44	105			150	150
664	5	2			150	150
665	2	1			150	150
666	9	0			150	150
667	61	21			144	108
668	76	110			150	150
669	38	15			149	130
670	1	2			150	141
671	49	53			150	143
672	78	110			150	150
673	63	72			150	150
674	0	0			150	150
675	58	57			150	130
676	60	59			150	150
677	60	61			150	150
678	1	4			150	150
679	1	7			150	115
680	14	5			150	150
681	30	39			150	150
682	0	0			150	150
683	45	0			126	150
684	0	0			150	150
685	8	7			150	120
686	0	3			150	135
687	1	0			96	96
688	62	36			150	116
689	129	50			150	150
690	159	25			150	150
691	0	0			150	150
692	0	2			129	137
693	11	14			150	150
694	205	1			100	100
695	176	377			150	150
696	177	1			142	150
697	177	221			142	150
698	3	6			150	150
699	0	1			150	150
700	0	0			150	150
701	20	8			150	114
702	13	8			150	150
703	0	0			150	125
704	0	0			150	150
705	3	66			135	136
706	16	14			150	147
707	2	3			150	142
708	1	0			142	150
709	3	0			142	111
710	0	0			150	150
711	35	11			137	150
712	10	16			133	150
713	26	0			150	114
714	0	0			150	150
715	27	52			132	128
716	5	36			150	150
717	0	0			150	150
718	0	0			150	150
719	31	90			150	150
720	19	121			150	150
721	44	122			150	150
722	0	0			150	148
723	97	144			150	142
724	48	59			150	150
725	0	0			150	150
726	4	22			103	150
727	33	40			150	150
728	9	3			150	150
729	0	2			76	150
730	526	306			143	130
731	43	82			150	150
732	43	85			150	150
733	0	0			138	150
734	8	15			150	150
735	0	0			150	150
736	31	46			143	150
737	17	0			150	138
738	78	0			150	138
739	78	17			150	150
740	0	0			110	127
741	340	250			150	150
742	0	0			126	150
743	161	221			150	150
744	4	9			150	131
745	12	1			125	150
746	0	0			150	142
747	225	134			129	102
748	5	44			150	150
749	19	14			150	150
750	0	0			143	150
751	0	0			141	150
752	11	7			138	135
753	0	0			123	99
754	38	38			141	140
755	0	10			150	150
756	0	0			150	131
757	0	0			150	150
758	26	60			150	150
759	44	48			150	150
760	10	19			150	150
761	0	4			150	150
762	0	50			150	150
763	0	103			150	150
764	161	273			150	150
765	60	30			126	150
766	6	5			150	150
767	25	26			150	150
768	25	31			150	150
769	13	15			150	148
770	15	6			150	150
771	7	1			150	150
772	7	1			150	150
773	173	228			145	150
774	80	52			150	150
775	78	3			150	150
776	56	85			150	150
777	50	80			150	150
778	0	0			120	150
779	120	63			150	137
780	1	63			150	137
781	58	77			150	150
782	56	80			150	140
783	10	0			147	150
784	0	0			150	150
785	0	0			135	150
786	0	1			150	150
787	0	0			150	126
788	25	34			121	150
789	2	40			121	144
790	0	17			150	110
791	7	13			150	150
792	5	12			92	150
793	25	19			150	150
794	0	0			150	150
795	57	0			150	150
796	3196	10334			150	150
797	254	196			150	150
798	115	86			150	150
799	19	26			150	138
800	7	15			150	138
801	2	12			114	150
802	0	23			150	150
803	82	129			150	150
804	10	123			150	146
805	39	3			150	150
806	23	3			150	150
807	3	33			143	150
808	12	44			150	142
809	46	10			150	150
810	46	10			150	150
811	47	21			150	150
812	0	0			81	81
813	39	22			150	150
814	87	48			150	146
815	0	136			127	150
816	0	0			150	150
817	22	2			150	150
818	10	2			150	150
819	10	22			150	150
820	1	42			134	150
821	0	0			150	102
822	1	0			111	114
823	0	3			134	118
824	119	131			150	150
825	93	159			150	150
826	2	105			150	150
827	3	5			150	150
828	8	4			150	150
829	2	3			150	150
830	3	0			87	84
831	4	0			150	147
832	4	0			150	150
833	0	0			150	150
834	38	93			150	150
835	0	0			142	106
836	145	169			141	150
837	169	170			150	150
838	180	0			83	83
839	2396	2783			150	150
840	1812	2209			150	150
841	0	0			150	150
842	0	0			84	84
843	23	96			150	150
844	75	96			150	150
845	1	96			150	150
846	70	2			92	92
847	0	2			99	99
848	0	0			150	150
849	4	1			150	144
850	4	4			150	150
851	1	4			144	150
852	46	63			150	150
853	2	4			150	150
854	2	6			150	133
855	2	1			150	150
856	4	1			150	150
857	6	1			133	150
858	48	22			150	150
859	10	2			150	150
860	1	177			150	150
861	10	3			150	150
862	2	287			150	150
863	129	79			132	150
864	256	32			150	150
865	0	1			150	109
866	58	62			150	136
867	0	0			150	150
868	0	0			150	150
869	28	34			150	150
870	755	0			150	150
871	14	47			150	150
872	120	127			150	141
873	10	4			150	150
874	124	211			150	150
875	29	4			125	136
876	0	2			150	128
877	279	55			150	150
878	80	0			150	150
879	236	47			147	150
880	7	2			150	132
881	0	2			150	132
882	0	7			150	150
883	61	79			150	150
884	18	47			112	150
885	2045	31			150	150
886	3287	13			107	113
887	0	1			150	150
888	0	23			150	150
889	3	814			150	150
890	0	0			150	150
891	18	14			150	150
892	18	13			150	124
893	22	38			150	150
894	22	38			150	150
895	2	32			150	150
896	2	17			150	110
897	83	88			137	144
898	0	0			138	149
899	101	0			150	150
900	49	0			150	150
901	50	122			150	150
902	10181	1116			150	150
903	411	454			150	150
904	0	2			150	150
905	30	36			150	120
906	7	2			150	114
907	103	154			150	150
908	29	35			150	150
909	57	57			150	150
910	77	98			150	150
911	0	0			114	150
912	41	33			122	147
913	34	59			150	150
914	41	64			150	108
915	1	74			121	150
916	62	96			150	150
917	1	3			150	143
918	904	1063			150	138
919	0	0			97	99
920	3	4			150	150
921	2	0			150	150
922	3	5			150	150
923	0	0			120	120
924	0	0			135	150
925	1	3			150	150
926	0	0			150	150
927	32	13			150	108
928	67	115			113	150
929	184	407			145	150
930	323	433			150	150
931	44	46			150	150
932	253	137			150	101
933	15	200			101	150
934	100	195			101	150
935	0	1			87	87
936	0	0			102	150
937	115	100			150	119
938	115	108			150	131
939	61	64			150	150
940	74	110			150	150
941	27	60			150	150
942	26	456			150	150
943	58	73			150	150
944	38	94			136	150
945	67	110			150	150
946	0	2			150	150
947	35	88			124	150
948	5	3			99	100
949	0	0			150	150
950	8	4			150	150
951	174	147			150	150
952	1	11			150	150
953	1	11			150	150
954	13	25			114	150
955	23	5			150	150
956	18	28			150	150
957	70	15785			150	150
958	3	2			105	150
959	0	0			90	90
960	2	19			90	78
961	0	0			117	78
962	20	20			150	150
963	0	771			113	142
964	538	771			142	142
965	538	0			142	113
966	240	269			150	150
967	435	607			150	150
968	0	0			150	150
969	1	3			150	150
970	8	8			148	150
971	4	8			150	150
972	4	3			148	150
973	34	51			150	150
974	118	220			111	123
975	6	220			111	123
976	472	509			150	150
977	7	14			109	141
978	47	43			150	142
979	1	50			147	150
980	1	50			150	150
981	9	0			150	121
982	29	1			136	128
983	0	13			150	150
984	3	9			150	138
985	2	2			150	150
986	15	101			150	150
987	0	0			150	150
988	0	1			150	150
989	0	1			150	150
990	0	1			150	150
991	0	1			150	150
992	0	0			87	90
993	6	0			128	150
994	2618	7210			103	150
995	6078	7210			150	150
996	4	13			116	150
997	26	8			150	150
998	9	46			113	150
999	5	0			150	133
1000	24	1			150	150
1001	23	29			149	150
1002	2	5			150	150
1003	1	56			150	150
1004	0	2			150	150
1005	14	0			150	105
1006	0	21			87	87
1007	23	60			129	150
1008	3	2			150	150
1009	0	0			150	150
1010	0	0			150	150
1011	0	0			150	150
1012	45	45			150	150
1013	0	0			150	124
1014	14	67			110	150
1015	0	0			150	106
1016	14	44			150	150
1017	0	0			150	150
1018	0	0			150	150
1019	13	41			102	120
1020	57	96			132	150
1021	4	3			150	150
1022	0	0			150	150
1023	1	1			150	150
1024	0	0			150	150
1025	15	13			141	149
1026	15	17			141	150
1027	1	2			150	150
1028	1	2			150	150
1029	0	12			114	102
1030	1	12			126	102
1031	20	7			150	102
1032	18	3			150	102
1033	23	2			150	150
1034	33	60			150	150
1035	215	259			150	138
1036	28	153			150	150
1037	183	0			150	150
1038	23	18			145	150
1039	21	17			150	146
1040	0	0			150	150
1041	0	1			150	131
1042	0	1			150	131
1043	2	255			98	150
1044	1	0			150	150
1045	26	0			150	150
1046	11	17			150	150
1047	0	124			150	150
1048	1	124			117	150
1049	0	0			117	150
1050	1	0			117	150
1051	1	118			150	150
1052	442	435			150	150
1053	0	4			150	150
1054	1	0			150	150
1055	28	4			150	150
1056	390	490			150	150
1057	18	13			150	150
1058	0	0			127	129
1059	92	100			150	150
1060	1	0			150	150
1061	11	10			150	150
1062	0	0			150	150
1063	0	0			150	150
1064	6	11			141	150
1065	0	0			110	150
1066	0	0			110	150
1067	0	0			150	146
1068	14	93			124	128
1069	101	0			150	150
1070	117	64			150	150
1071	0	47			150	136
1072	23	42			150	150
1073	0	0			98	95
1074	5	49			130	150
1075	403	330			146	150
1076	9	5			138	150
1077	43	21			150	128
1078	41	5			150	128
1079	8	57			150	150
1080	4	5			150	150
1081	14	17			150	150
1082	473	446			150	150
1083	445	330			150	150
1084	1	101			106	150
1085	0	84			79	150
1086	8	10			98	150
1087	10	20			150	150
1088	15	0			150	150
1089	11	6			150	150
1090	0	2			150	150
1091	0	5			132	132
1092	6	0			93	93
1093	0	0			96	90
1094	0	5			96	90
1095	8	1			87	99
1096	4	21			116	116
1097	59	94			123	150
1098	59	93			123	150
1099	0	0			150	150
1100	24	48			146	150
1101	41	31			150	150
1102	124	0			98	101
1103	100	137			150	150
1104	2414	2012			150	150
1105	37	38			150	150
1106	10	10			150	150
1107	0	18			150	150
1108	83	110			150	150
1109	20	148			150	150
1110	166	148			150	150
1111	33	50			150	150
1112	0	4			150	150
1113	0	0			150	150
1114	7	19			150	150
1115	9	19			138	150
1116	39	35			150	150
1117	0	45			150	150
1118	244	309			150	150
1119	231	203			150	150
1120	51	68			150	150
1121	34	51			150	150
1122	0	10			150	150
1123	1	0			150	150
1124	572	705			150	150
1125	16	117			136	150
1126	0	2			150	150
1127	0	0			150	136
1128	2	0			150	136
1129	83	75			129	133
1130	87	95			129	146
1131	15	196			133	150
1132	50	93			133	146
1133	56	194			133	150
1134	11	9			146	150
1135	68	148			150	150
1136	2	154			150	150
1137	3	32			150	150
1138	3	2			150	150
1139	31	2200			124	150
1140	1	2200			118	150
1141	2373	2320			150	150
1142	0	38			150	150
1143	33	29			150	150
1144	2	43			150	150
1145	0	84			150	122
1146	74	126			150	150
1147	97	10			150	150
1148	97	65			150	150
1149	42	104			109	126
1150	70	13			150	150
1151	62	57			150	150
1152	773	1275			134	150
1153	38	22			150	135
1154	36	22			150	135
1155	23	22			141	150
1156	281	19			150	141
1157	141	1			150	141
1158	9	9			138	150
1159	9	10			138	150
1160	29	10			150	150
1161	29	9			150	138
1162	159	2			87	87
1163	0	1			150	150
1164	31	3			150	150
1165	12	10			150	150
1166	266	364			126	150
1167	2	3			140	95
1168	9	15			150	150
1169	9	14			150	98
1170	13	12			150	150
1171	2	0			146	135
1172	2	12			150	150
1173	2	12			130	150
1174	2	5			130	121
1175	4	14			150	150
1176	7	3			150	150
1177	65	158			107	134
1178	64	157			97	134
1179	62	67			150	150
1180	49	70			108	150
1181	0	35			150	150
1182	3	0			81	81
1183	1	4			150	150
1184	3	80			150	150
1185	1	171			149	150
1186	111	106			150	120
1187	0	0			150	150
1188	0	0			150	150
1189	0	0			150	150
1190	0	0			150	150
1191	0	0			84	84
1192	0	1			123	150
1193	5	0			150	150
1194	0	0			150	150
1195	0	0			150	131
1196	30	39			143	119
1197	35	39			150	119
1198	1	0			150	150
1199	0	0			138	150
1200	10	7			128	150
1201	62	52			150	137
1202	0	0			150	150
1203	90	82			150	110
1204	89	2			150	110
1205	0	0			150	150
1206	3	35			141	150
1207	11	4			150	150
1208	1	1			150	150
1209	162	203			137	150
1210	3	2			108	150
1211	35	43			150	150
1212	101	4			150	150
1213	0	9			150	150
1214	172	71			150	150
1215	0	4			150	150
1216	0	0			150	127
1217	4	0			150	127
1218	0	1			96	90
1219	3	10			150	150
1220	8	11			150	150
1221	1	8			150	150
1222	1	13			150	150
1223	12	8			150	150
1224	18	2			150	150
1225	32	3			150	95
1226	32	0			150	137
1227	3	0			95	137
1228	0	4			147	141
1229	0	4			150	141
1230	0	0			150	147
1231	0	0			108	150
1232	12	31			129	150
1233	12	3			148	150
1234	0	1			150	150
1235	0	0			150	150
1236	0	0			150	150
1237	0	1			150	150
1238	0	0			150	150
1239	0	3			150	147
1240	73	1			150	150
1241	49	78			131	150
1242	0	0			81	81
1243	0	0			150	150
1244	176	125			150	128
1245	5	215			81	144
1246	1	215			81	144
1247	1	5			81	81
1248	0	16			150	150
1249	6	7			150	97
1250	0	0			150	150
1251	115	53			150	135
1252	3	0			150	150
1253	195	212			150	150
1254	223	138			150	150
1255	22	27			143	139
1256	1	4			148	150
1257	0	0			150	137
1258	0	0			150	150
1259	1	0			132	150
1260	9	74			148	150
1261	9	41			148	150
1262	44	8			138	97
1263	6	13			150	150
1264	24	96			150	150
1265	49	97			150	150
1266	1	0			150	150
1267	0	0			150	150
1268	147	53			138	99
1269	96	247			150	150
1270	3	0			150	150
1271	682	520			150	150
1272	265	613			104	150
1273	10	0			150	150
1274	83	1026			150	150
1275	15	1026			150	150
1276	345	1026			150	150
1277	9	188			150	150
1278	750	98			150	150
1279	15	83			150	150
1280	345	83			150	150
1281	345	15			150	150
1282	0	0			150	150
1283	49	71			150	150
1284	27	40			150	150
1285	0	0			150	150
1286	226	187			150	131
1287	4	1			150	150
1288	0	0			150	150
1289	38	46			150	150
1290	54	46			150	150
1291	25	0			90	93
1292	14	0			147	150
1293	110	122			150	150
1294	46	10			150	150
1295	30	23			150	150
1296	389	299			150	150
1297	5	14			140	150
1298	0	0			150	103
1299	0	0			150	150
1300	3	104			150	145
1301	8	10			118	150
1302	0	0			120	150
1303	0	0			150	150
1304	0	0			150	120
1305	0	0			150	120
1306	0	0			150	150
1307	0	35			150	150
1308	32	1			111	114
1309	6	854			150	147
1310	1001	2			150	150
1311	100	125			150	150
1312	0	5			150	150
1313	0	5			150	150
1314	14	0			150	150
1315	0	35			121	135
1316	0	113			119	112
1317	607	477			150	150
1318	2	102			102	150
1319	0	0			90	87
1320	4	2			150	150
1321	714	783			133	150
1322	0	0			96	96
1323	0	1			150	150
1324	9	28			150	150
1325	15	32			114	144
1326	19	22			150	150
1327	0	0			147	141
1328	9	19			150	150
1329	18261	635			150	150
1330	9681	11266			150	150
1331	0	0			150	150
1332	0	0			150	150
1333	44	42			150	150
1334	34	43			136	150
1335	4	8			126	123
1336	4	7			126	150
1337	4	1			129	135
1338	4	1			111	135
1339	2	0			111	150
1340	3	0			129	150
1341	63	43			150	150
1342	2	8			150	150
1343	0	2			110	93
1344	3	0			150	150
1345	1	0			150	150
1346	1	0			150	150
1347	0	2			150	150
1348	2	11367			150	150
1349	5	2			150	150
1350	6	2			150	150
1351	20	7			148	150
1352	16	23			150	150
1353	0	11			150	114
1354	8	11			150	126
1355	30	28			150	150
1356	2	0			132	150
1357	23	16			150	147
1358	0	0			150	150
1359	4122	4042			150	109
1360	176	128			150	150
1361	176	172			150	150
1362	347	0			150	150
1363	0	39			150	150
1364	1641	2398			147	150
1365	1641	189			147	118
1366	143	4			150	150
1367	94	44			150	150
1368	0	74			150	135
1369	148	21			150	148
1370	148	28			150	148
1371	0	0			140	150
1372	5	5			142	150
1373	10	0			90	105
1374	69	56			150	150
1375	412	120			150	150
1376	655	1065			150	150
1377	3	1065			114	150
1378	0	0			150	150
1379	13	8			150	136
1380	0	13			120	140
1381	5	48			150	150
1382	3	0			150	150
1383	0	0			150	150
1384	1	0			150	150
1385	0	0			150	150
1386	0	3			150	150
1387	1	3			150	150
1388	0	3			150	150
1389	1	0			150	150
1390	0	0			150	150
1391	1	22			121	150
1392	0	0			121	133
1393	0	0			150	133
1394	0	0			150	121
1395	5	1			141	150
1396	1	22			150	150
1397	378	432			150	150
1398	0	0			150	150
1399	11	60			150	150
1400	55	40			150	144
1401	0	0			150	150
1402	0	7			150	150
1403	4	11			150	150
1404	9	8			150	150
1405	50	94			150	150
1406	5	0			102	150
1407	1	1			150	150
1408	65	114			149	150
1409	31	20			150	125
1410	2	3			150	100
1411	1	1			150	150
1412	1	0			150	114
1413	47	19			150	150
1414	0	0			150	98
1415	3	340			150	150
1416	2	1			150	150
1417	0	2			150	150
1418	0	3			150	150
1419	133	224			150	150
1420	0	0			150	150
1421	2	4			150	150
1422	0	0			150	150
1423	1	36			148	150
1424	0	0			84	96
1425	0	0			144	93
1426	0	0			102	117
1427	0	1			133	117
1428	0	0			150	109
1429	1	1			150	109
1430	25	2			122	150
1431	3	0			150	150
1432	26	21			144	132
1433	2	2			135	150
1434	115	196			150	150
1435	1	0			150	106
1436	30	12			120	117
1437	0	0			150	150
1438	0	0			150	150
1439	114	176			124	150
1440	2	7			111	150
1441	60	5			150	150
1442	60	55			150	150
1443	5	55			150	150
1444	0	0			150	150
1445	0	0			123	150
1446	29	28			150	150
1447	0	0			150	150
1448	0	0			150	150
1449	0	0			150	130
1450	0	0			150	149
1451	22	57			150	150
1452	22	13			150	150
1453	22	14			150	121
1454	38	14			150	121
1455	57	13			150	150
1456	57	14			150	121
1457	20	53			150	143
1458	62	13			150	121
1459	25	53			150	143
1460	1	77			143	139
1461	38	78			143	139
1462	60	542			150	150
1463	3	271			143	150
1464	0	0			150	150
1465	24	45			131	150
1466	0	0			147	137
1467	0	0			114	150
1468	0	0			133	150
1469	32	0			150	87
1470	31	37			150	150
1471	110	164			150	150
1472	18	10			150	150
1473	23	18			150	133
1474	4	4			150	150
1475	10	3			150	150
1476	0	5			150	150
1477	0	4			150	150
1478	0	0			84	93
1479	0	13			150	150
1480	0	0			110	150
1481	43	44			150	150
1482	0	2			150	150
1483	1	0			150	150
1484	5	8			137	150
1485	25	18			150	150
1486	36	52			150	150
1487	0	0			150	150
1488	53	4			150	150
1489	1797	1572			150	150
1490	22	10			150	150
1491	1	0			150	150
1492	19	0			150	150
1493	0	0			150	150
1494	0	0			78	78
1495	63	48			142	150
1496	36	62			150	150
1497	0	0			150	150
1498	793	1159			150	150
1499	430	658			150	150
1500	335	465			150	150
1501	335	5			150	118
1502	91	121			150	150
1503	64	72			150	139
1504	73	80			150	150
1505	24	80			139	150
1506	68	69			139	150
1507	5	0			150	150
1508	132	78			150	150
1509	0	0			150	99
1510	0	67			150	81
1511	0	0			128	150
1512	46	75			150	150
1513	70	64			150	150
1514	92	113			150	150
1515	108	135			150	143
1516	11	19			150	148
1517	0	0			150	150
1518	4	14			150	150
1519	0	0			134	150
1520	0	3			114	150
1521	38	0			150	92
1522	8	3			150	150
1523	12	4			150	127
1524	0	0			150	150
1525	0	6			150	150
1526	19	82			143	150
1527	19	7			143	150
1528	0	2			148	150
1529	34	12			150	138
1530	9	20			127	150
1531	3	0			150	150
1532	11	0			150	150
1533	11	0			150	150
1534	0	0			150	150
1535	0	0			150	150
1536	0	0			150	150
1537	0	0			150	150
1538	0	0			150	103
1539	0	0			150	150
1540	1	5			150	150
1541	6	150			144	150
1542	0	3			150	133
1543	5	0			150	150
1544	0	0			150	150
1545	4	2			149	149
1546	14	18			150	150
1547	0	29			105	133
1548	1	15			150	150
1549	1	20			150	150
1550	1	10			150	150
1551	1	15			150	150
1552	168	13			150	123
1553	4	1			150	150
1554	8	1			150	150
1555	0	1			150	150
1556	0	4			150	150
1557	0	8			150	150
1558	22	1			150	150
1559	49	476			150	150
1560	2	0			121	147
1561	51	137			150	150
1562	0	0			150	150
1563	1	2			150	140
1564	52	39			150	150
1565	1	0			150	150
1566	5	168			150	150
1567	171	171			150	143
1568	325	63			150	150
1569	214	219			150	150
1570	1	67			150	150
1571	11	5			150	150
1572	66	35			150	128
1573	43	35			150	150
1574	108	72			150	150
1575	0	0			144	131
1576	23	8			150	150
1577	226	215			150	150
1578	0	0			126	150
1579	140	74			150	131
1580	71	79			120	150
1581	67	74			120	131
1582	127	4			150	150
1583	371	339			150	150
1584	174	289			150	150
1585	39	141			122	150
1586	1	0			150	150
1587	2	0			150	121
1588	9	5			150	150
1589	2	1			150	150
1590	621	50			150	150
1591	0	3			150	150
1592	22	1			99	99
1593	11	12			134	150
1594	25	12			150	150
1595	2	0			150	150
1596	26	57			129	150
1597	33	1			125	115
1598	11	12			150	138
1599	17	7			131	150
1600	0	0			150	150
1601	0	0			150	150
1602	0	0			150	150
1603	0	0			141	150
1604	0	0			150	130
1605	0	0			150	130
1606	0	0			150	150
1607	0	0			150	150
1608	0	0			150	150
1609	0	0			150	150
1610	0	0			150	136
1611	5	1			138	150
1612	2	1			150	150
1613	173	187			141	143
1614	148	272			143	146
1615	214	248			146	133
1616	20	32			150	150
1617	1	24			146	150
1618	26	34			150	150
1619	0	0			134	150
1620	47	33			150	150
1621	16	17			150	150
1622	0	0			96	96
1623	67	13			150	150
1624	112	50			150	150
1625	1	17			150	150
1626	17	16			150	150
1627	0	0			147	141
1628	362	484			150	150
1629	2	4			150	150
1630	1	9			150	140
1631	0	0			123	150
1632	0	0			123	150
1633	0	0			123	78
1634	0	0			150	78
1635	0	0			150	78
1636	37	19			150	121
1637	72	0			79	79
1638	0	18			150	150
1639	0	0			150	150
1640	1	2			150	150
1641	3	0			150	150
1642	3	0			150	150
1643	17	14			150	150
1644	505	22			113	136
1645	0	0			150	150
1646	0	0			115	150
1647	2	18			130	107
1648	7	18			148	107
1649	0	0			139	128
1650	0	1			108	123
1651	93	133			150	150
1652	31	29			150	150
1653	61	0			128	79
1654	0	11			150	150
1655	0	2			150	150
1656	11	2			150	150
1657	52	213			150	144
1658	94	0			150	76
1659	0	0			150	136
1660	2	0			150	150
1661	1	1			150	150
1662	1	0			150	150
1663	0	28			150	131
1664	0	28			150	131
1665	0	0			150	150
1666	0	0			150	122
1667	373	77			150	150
1668	103	81			150	150
1669	45	29			129	124
1670	0	0			150	150
1671	107	221			114	132
1672	10	17			150	150
1673	0	56			150	122
1674	0	0			150	150
1675	0	0			150	150
1676	43	73			150	150
1677	45	68			150	150
1678	19	22			150	150
1679	0	0			81	81
1680	13	20			130	150
1681	334	204			150	129
1682	2117	1390			150	150
1683	0	18			96	96
1684	0	24			96	93
1685	49	164			118	150
1686	45	77			133	150
1687	16	24			129	150
1688	0	0			150	150
1689	0	0			150	150
1690	0	1			142	150
1691	11	5			150	150
1692	0	5			114	145
1693	0	5			150	150
1694	0	1			150	150
1695	0	0			150	150
1696	0	10			150	145
1697	5	1			150	150
1698	5	0			150	150
1699	5	10			150	145
1700	1	10			150	145
1701	0	10			150	145
1702	0	0			123	150
1703	68	70			150	150
1704	0	0			150	108
1705	170	141			146	150
1706	59	20			150	146
1707	6	38			150	150
1708	2	0			126	99
1709	10	5			150	150
1710	0	1			150	150
1711	0	1			150	150
1712	0	0			150	150
1713	0	0			150	150
1714	0	0			96	90
1715	28	23			150	150
1716	13	42			150	150
1717	13	45			150	150
1718	199	5			150	150
1719	16	37			150	150
1720	34	147			108	150
1721	0	1			150	150
1722	29	60			150	150
1723	6	27			150	150
1724	6	4			150	150
1725	0	0			150	150
1726	0	0			144	150
1727	0	0			150	150
1728	78	8			150	150
1729	41	5			150	150
1730	33	36			150	150
1731	122	137			150	150
1732	29	79			150	150
1733	0	0			87	87
1734	0	0			150	147
1735	0	1			150	147
1736	0	20			79	150
1737	13	20			150	150
1738	3	20			150	150
1739	6	10			139	150
1740	51	150			150	150
1741	0	30			84	150
1742	0	0			150	150
1743	8	19			123	150
1744	15	5			150	150
1745	109	111			150	135
1746	81	69			150	136
1747	0	27			98	98
1748	1434	2456			150	150
1749	1434	697			150	150
1750	84	64			150	150
1751	4	11			150	150
1752	54	149			150	150
1753	8	0			140	125
1754	54	45			150	150
1755	0	0			150	107
1756	0	3			150	150
1757	2	26			106	150
1758	47	101			138	150
1759	45	69			150	150
1760	11	2			150	90
1761	2	1			150	150
1762	0	0			111	150
1763	0	0			150	150
1764	20	131			150	150
1765	0	47			120	150
1766	53	47			150	150
1767	0	0			150	150
1768	50	1			114	150
1769	1	209			132	150
1770	156	85			150	143
1771	1	22			150	150
1772	0	2			150	150
1773	0	2			105	150
1774	0	0			105	150
1775	0	0			150	150
1776	68	67			150	150
1777	134	15			150	150
1778	0	5			126	150
1779	0	220			82	150
1780	0	5			150	150
1781	0	0			150	150
1782	98	146			150	150
1783	11	3			120	132
1784	27	0			150	150
1785	27	3			150	150
1786	31	0			150	150
1787	120	8399			150	150
1788	6893	8399			111	150
1789	55	60			110	125
1790	169	60			150	125
1791	0	0			147	150
1792	53	30			150	150
1793	5	21			150	104
1794	120	61			150	126
1795	97	152			129	150
1796	0	77			147	147
1797	15	9			150	150
1798	0	0			150	150
1799	1	0			150	150
1800	0	1			150	150
1801	0	0			150	150
1802	1	0			150	150
1803	0	100			150	150
1804	0	44			150	150
1805	0	4			106	106
1806	0	0			100	100
1807	122	80			150	150
1808	122	2			150	150
1809	1331	0			150	150
1810	2848	0			150	150
1811	0	0			150	150
1812	715	1118			150	150
1813	100	110			150	150
1814	375	0			150	150
1815	178	62			150	108
1816	8	180			150	150
1817	8	280			150	150
1818	86	178			150	150
1819	8	178			150	150
1820	0	2			150	150
1821	0	2			150	150
1822	0	0			131	150
1823	262	213			150	150
1824	90	70			150	150
1825	102	88			150	150
1826	33	11			150	150
1827	83	0			84	87
1828	1540	154			150	119
1829	1091	0			132	150
1830	17	0			138	115
1831	11	27			150	150
1832	117	181			150	150
1833	0	32			150	150
1834	0	0			150	150
1835	59	85			150	150
1836	0	0			150	108
1837	2	15			124	150
1838	6	11			150	150
1839	1	13			150	150
1840	6	3			150	150
1841	109	138			150	150
1842	4	0			141	150
1843	1	0			150	137
1844	0	0			150	137
1845	0	1			150	150
1846	33	42			150	150
1847	397	494			150	150
1848	0	0			123	150
1849	71	688			150	150
1850	358	400			150	150
1851	102	3			150	99
1852	102	102			150	150
1853	2	73			118	150
1854	99	85			150	135
1855	0	0			93	126
1856	0	75			150	150
1857	0	0			150	150
1858	0	0			150	150
1859	0	4			150	150
1860	17	25			150	150
1861	25	5			150	129
1862	4	0			150	150
1863	1	5			150	143
1864	75	37			150	150
1865	0	0			150	98
1866	0	0			150	98
1867	81	100			150	150
1868	36	146			150	150
1869	245	195			150	144
1870	33	249			114	150
1871	18	1			150	128
1872	0	1			150	150
1873	108	80			150	150
1874	69	83			150	150
1875	48	54			150	139
1876	5	76			150	150
1877	114	203			150	150
1878	22	10			150	150
1879	0	1			150	145
1880	23	29			150	150
1881	31	0			150	150
1882	100	79			150	150
1883	73	101			150	150
1884	18	132			150	150
1885	80	137			150	150
1886	2	0			150	150
1887	0	2			129	114
1888	129	234			150	150
1889	16	377			150	150
1890	20	128			135	150
1891	28	30			142	150
1892	0	0			144	150
1893	0	0			144	150
1894	0	0			150	150
1895	6	3			150	132
1896	234	175			150	150
1897	269	39			150	150
1898	4	3			142	150
1899	0	6			96	93
1900	0	0			150	98
1901	0	0			150	98
1902	10	0			120	150
1903	26	1584			150	150
1904	31	1584			150	150
1905	0	0			150	150
1906	6	5			150	150
1907	1	1			150	150
1908	69	14			150	150
1909	113	9			150	150
1910	113	143			150	150
1911	113	168			150	150
1912	2	0			99	132
1913	18	72			150	150
1914	18	138			150	135
1915	72	138			150	135
1916	59	79			150	150
1917	0	1			149	150
1918	0	0			149	150
1919	35	33			150	150
1920	34	6			150	150
1921	34	1			150	150
1922	14	18			150	150
1923	4	32			150	150
1924	8	32			150	150
1925	65	46			150	150
1926	40	98			150	150
1927	29	50			149	150
1928	47	31			150	150
1929	56	46			150	129
1930	0	80			150	150
1931	0	0			77	150
1932	67	234			146	146
1933	5	273			150	139
1934	19	46			150	150
1935	45	0			150	80
1936	21	45			150	150
1937	2923	3832			150	150
1938	1119	1164			150	135
1939	13	26			150	150
1940	30	22			150	142
1941	19	18			150	150
1942	33	72			150	150
1943	184	1			150	135
1944	262	15			150	150
1945	319	69			144	144
1946	12	10			150	150
1947	0	0			111	150
1948	7	37			150	150
1949	39	38			150	150
1950	676	1614			150	150
1951	352	1799			150	150
1952	277	387			137	150
1953	4	5			150	150
1954	3	4			150	150
1955	0	6			150	150
1956	0	0			150	150
1957	0	0			150	79
1958	22	7			150	132
1959	29	4			150	150
1960	5	0			125	150
1961	4	0			125	150
1962	0	0			127	150
1963	4	0			125	150
1964	2	1			131	125
1965	1	10			150	150
1966	32	3			150	150
1967	0	0			116	150
1968	1	4			150	150
1969	6	1			150	150
1970	0	3			150	150
1971	1	1			150	150
1972	41	75			144	150
1973	4	68			150	150
1974	1	0			150	150
1975	1	1			150	150
1976	0	0			150	150
1977	88	103			150	150
1978	0	0			150	150
1979	85	66			150	150
1980	546	2480			150	141
1981	101	82			150	150
1982	3	0			127	150
1983	5	78			133	150
1984	3	0			104	150
1985	43	63			150	150
1986	11	23			150	150
1987	5	4			150	150
1988	0	0			132	150
1989	18	0			150	150
1990	296	317			150	150
1991	0	0			93	93
1992	0	0			93	150
1993	21	33			150	141
1994	22	48			150	150
1995	18	13			150	150
1996	17	2			150	150
1997	17	24			150	149
1998	2	24			150	149
1999	2	23			149	128
2000	13	24			149	128
2001	61	358			150	150
2002	0	0			150	114
2003	0	0			150	114
2004	0	0			150	150
2005	0	0			150	150
2006	0	2			150	150
2007	0	2			150	150
2008	0	0			134	150
2009	0	0			134	150
2010	0	7			134	150
2011	0	0			150	150
2012	2	2			150	150
2013	93	15			150	150
2014	1	0			150	150
2015	0	0			150	137
2016	0	0			150	137
2017	0	0			150	150
2018	3	72			150	150
2019	153	25			150	150
2020	153	22			150	150
2021	25	22			150	150
2022	21	713			150	150
2023	21	715			150	150
2024	0	0			150	150
2025	13	0			150	122
2026	0	110			150	150
2027	71	96			150	150
2028	20	6			150	150
2029	1	2			150	150
2030	656	689			150	150
2031	288	725			119	150
2032	16	13			150	150
2033	200	4			150	114
2034	180	4			150	114
2035	43	76			114	150
2036	0	18			135	117
2037	2	18			108	117
2038	2	0			108	135
2039	1	1			108	135
2040	115	10			148	148
2041	47	82			150	150
2042	10	19			142	150
2043	13	19			120	150
2044	16	18			150	142
2045	0	14			120	142
2046	3	11			117	150
2047	16	11			120	150
2048	2	11			117	150
2049	2	11			120	150
2050	2	18			150	150
2051	5	10			150	150
2052	0	0			150	150
2053	3	0			135	147
2054	2	18			115	130
2055	4	50			115	130
2056	6	13			121	150
2057	7	12			150	150
2058	0	0			150	150
2059	1	0			133	122
2060	1	2			133	150
2061	0	2			122	150
2062	36	11			150	150
2063	0	8			93	93
2064	7	18			121	150
2065	24	7			150	121
2066	0	45			123	150
2067	179	51			150	117
2068	2622	2959			150	150
2069	0	0			121	150
2070	0	0			150	150
2071	0	0			121	150
2072	0	0			84	84
2073	0	0			150	84
2074	0	0			150	84
2075	61	1			150	150
2076	24	4			147	147
2077	93	75			150	150
2078	123	169			150	133
2079	1	1			150	150
2080	0	0			150	150
2081	718	107			150	150
2082	317	243			139	150
2083	14	35			150	149
2084	1	0			108	108
2085	0	0			150	150
2086	31	13			150	129
2087	5	6			150	150
2088	124	139			150	150
2089	415	387			150	150
2090	342	392			150	146
2091	342	364			150	150
2092	307	364			146	150
2093	19	26			150	150
2094	106	108			150	150
2095	0	5			150	150
2096	1	2			150	129
2097	59	49			150	150
2098	55	8			150	150
2099	65	32			150	150
2100	54	3			150	150
2101	285	229			150	150
2102	164	190			150	150
2103	0	0			109	150
2104	3	3			150	150
2105	6	14			150	150
2106	1	0			126	150
2107	0	0			105	150
2108	90	106			142	150
2109	1	20			150	150
2110	0	0			150	150
2111	0	0			150	150
2112	0	0			150	150
2113	8	5			123	150
2114	0	6			93	93
2115	5	5			150	150
2116	2470	1520			150	150
2117	768	6614			150	150
2118	53	34			142	136
2119	11	7			144	150
2120	4	5			150	150
2121	0	0			115	118
2122	44	52			150	144
2123	18	15			150	123
2124	0	95			139	150
2125	44	30			150	150
2126	7	2			150	150
2127	27	2			143	150
2128	24	23			143	150
2129	0	0			150	150
2130	13	0			99	126
2131	0	0			99	102
2132	0	0			102	126
2133	0	0			102	129
2134	41	20			150	102
2135	16	10			150	150
2136	0	0			150	150
2137	0	0			150	98
2138	0	0			150	98
2139	3	4			139	150
2140	3	1			150	150
2141	6	0			150	150
2142	0	1			150	150
2143	0	7			150	150
2144	147	25			135	141
2145	30	30			150	150
2146	0	0			147	127
2147	2	40			150	150
2148	57	4			150	109
2149	38	0			142	150
2150	6	21			150	129
2151	1	1			102	99
2152	34	41			150	150
2153	0	3			97	150
2154	213	186			150	150
2155	245	366			150	150
2156	58	71			150	150
2157	94	17			150	150
2158	301	309			150	150
2159	54	103			150	150
2160	0	0			93	90
2161	0	31			102	150
2162	0	22			102	150
2163	106	80			150	150
2164	0	0			150	99
2165	0	17			148	78
2166	4	0			123	99
2167	10	22			150	150
2168	460	299			150	135
2169	15	30			150	142
2170	20	51			150	150
2171	317	116			150	96
2172	1	0			144	81
2173	0	0			120	150
2174	335	7			150	150
2175	38	16			101	150
2176	16	56			150	150
2177	14	0			108	96
2178	14	0			150	96
2179	14	14			150	108
2180	0	0			150	111
2181	1	41			150	150
2182	1	91			150	150
2183	68	58			150	150
2184	58	26			150	150
2185	11	14			150	150
2186	0	1			150	150
2187	0	0			125	150
2188	21	0			150	150
2189	0	0			150	150
2190	0	0			150	150
2191	17	0			150	97
2192	264	738			150	150
2193	264	767			150	150
2194	245	20			139	150
2195	274	313			139	150
2196	0	0			150	150
2197	3	0			150	117
2198	80	90			150	149
2199	67	30			123	150
2200	0	1			150	150
2201	0	1			150	150
2202	0	1			150	150
2203	0	0			150	150
2204	0	0			150	150
2205	0	0			150	150
2206	0	0			150	150
2207	22	32			150	150
2208	28	1			150	150
2209	0	0			150	150
2210	6	52			111	150
2211	265	382			150	150
2212	11	20			137	83
2213	4	1			150	129
2214	0	5			150	150
2215	1	0			87	87
2216	10	3			150	150
2217	38	62			150	150
2218	36	95			150	150
2219	426	0			150	150
2220	152	100			150	140
2221	111	220			138	150
2222	61	87			150	150
2223	0	1			150	150
2224	3	67			150	150
2225	7	111			150	150
2226	94	128			150	150
2227	94	90			150	133
2228	111	89			150	133
2229	119	182			150	150
2230	154	1			120	150
2231	71	146			120	150
2232	73	101			150	150
2233	85	115			150	150
2234	0	1			150	150
2235	0	0			150	150
2236	2	13			150	146
2237	1	13			150	146
2238	1	2			150	150
2239	12	28			150	150
2240	162	132			150	150
2241	6	139			150	150
2242	6	139			150	150
2243	0	0			150	150
2244	0	0			150	150
2245	0	0			150	150
2246	36	32			150	147
2247	62	8			150	136
2248	16	10			150	150
2249	7	1			150	150
2250	3	0			150	150
2251	55	0			150	150
2252	7	198			150	150
2253	0	0			138	150
2254	0	0			138	150
2255	0	0			150	150
2256	0	0			150	138
2257	0	0			150	138
2258	58	201			150	150
2259	73	51			150	150
2260	0	1			150	150
2261	125	116			150	150
2262	15	26			145	150
2263	0	0			139	150
2264	46	65			150	150
2265	106	21			150	132
2266	19	14			150	150
2267	0	0			150	150
2268	60	52			150	150
2269	77	45			150	150
2270	0	0			108	150
2271	29	123			150	150
2272	41	34			150	150
2273	0	0			144	147
2274	0	0			150	150
2275	507	2			150	150
2276	0	0			150	150
2277	112	110			150	150
2278	0	0			83	77
2279	180	550			138	150
2280	0	0			150	133
2281	0	0			150	150
2282	0	0			150	87
2283	0	0			87	150
2284	1	0			150	150
2285	79	62			149	150
2286	73	115			150	150
2287	73	75			150	150
2288	29	32			150	150
2289	22	36			150	150
2290	25	0			150	114
2291	8	16			150	150
2292	35	314			150	136
2293	2	11			118	150
2294	65	62			150	150
2295	89	90			150	150
2296	0	0			150	150
2297	25	34			150	150
2298	301	477			150	150
2299	195	272			150	150
2300	6	14			150	150
2301	363	363			150	150
2302	0	4			150	150
2303	0	4			150	150
2304	0	0			150	150
2305	37	63			150	150
2306	37	65			150	150
2307	70	83			134	150
2308	1	0			150	141
2309	16	15			150	150
2310	5	1			150	150
2311	0	0			123	150
2312	42	2			150	150
2313	0	0			150	150
2314	0	0			150	129
2315	103	119			150	147
2316	2	9			150	150
2317	0	0			125	150
2318	45	62			150	150
2319	3	22			150	150
2320	1	0			150	129
2321	309	120			150	150
2322	0	0			150	133
2323	0	94			150	149
2324	10	187			150	149
2325	0	0			129	150
2326	806	628			150	150
2327	48	93			126	150
2328	0	0			130	150
2329	0	0			93	150
2330	187	239			150	150
2331	2	0			150	150
2332	2	0			150	150
2333	2	2			150	150
2334	14	12			148	150
2335	15	10			150	148
2336	74	60			150	150
2337	14	23			150	126
2338	0	3			120	90
2339	0	0			120	90
2340	3	0			90	90
2341	27	31			150	144
2342	50	74			112	142
2343	89	91			150	150
2344	42	110			150	144
2345	0	0			150	98
2346	0	0			150	98
2347	49	146			150	150
2348	49	129			150	150
2349	284	267			150	145
2350	0	79			150	150
2351	0	79			109	150
2352	0	0			109	150
2353	17	85			150	150
2354	17	32			150	150
2355	10	9			150	150
2356	9	3			150	150
2357	5	4			135	149
2358	0	12			150	135
2359	18	24			150	124
2360	305	4			108	111
2361	0	1			143	134
2362	72	88			150	105
2363	82	164			105	141
2364	5	17			150	150
2365	6	22			135	150
2366	129	196			150	150
2367	0	0			150	140
2368	72	4			150	150
2369	19	0			150	149
2370	19	52			150	150
2371	0	50			149	150
2372	19	24			150	150
2373	169	435			128	150
2374	328	341			150	150
2375	67	81			150	150
2376	0	0			150	150
2377	0	1			150	150
2378	0	0			150	150
2379	0	1			150	150
2380	0	1			150	150
2381	1	0			150	150
2382	1	0			150	150
2383	1	0			150	150
2384	0	0			150	150
2385	0	0			150	150
2386	80	85			150	150
2387	18	26			149	150
2388	183	7			150	150
2389	0	0			150	134
2390	3	4			147	150
2391	1010	1268			150	150
2392	194	331			150	150
2393	0	0			150	150
2394	0	5			150	150
2395	33	1			150	87
2396	10	1			87	87
2397	2	0			138	150
2398	0	0			138	150
2399	2	0			150	150
2400	2	0			150	138
2401	2	1			150	138
2402	90	25			99	114
2403	147	185			150	150
2404	72	67			105	103
2405	302	290			150	150
2406	0	0			150	150
2407	0	49			150	150
2408	17	2			150	150
2409	14	2			150	150
2410	2799	1			150	77
2411	2413	1252			150	145
2412	354	991			145	150
2413	0	2			150	150
2414	2	0			127	127
2415	0	4			150	150
2416	0	0			127	127
2417	0	0			127	127
2418	0	0			127	127
2419	0	83			150	150
2420	0	0			150	126
2421	14	53			150	150
2422	3	1			150	150
2423	67	71			147	150
2424	3	0			135	150
2425	11	2			150	150
2426	0	0			150	150
2427	43	127			116	150
2428	90	0			87	87
2429	90	2			87	150
2430	0	0			150	103
2431	0	0			150	150
2432	1	11			112	150
2433	503	294			150	125
2434	7	3			150	116
2435	13	3			150	116
2436	7	15			150	150
2437	13	15			150	150
2438	442	449			150	150
2439	18	16			150	134
2440	0	9			102	99
2441	2	155			150	150
2442	0	0			150	150
2443	33	8			150	106
2444	57	61			150	150
2445	13	6			129	141
2446	0	0			150	150
2447	2	0			150	150
2448	99	61			150	150
2449	0	9			150	150
2450	39	31			119	150
2451	4	0			150	150
2452	0	0			136	150
2453	0	0			150	150
2454	0	1			150	150
2455	0	195			111	121
2456	527	408			150	150
2457	1	408			150	150
2458	110	87			141	150
2459	0	0			150	150
2460	11	29			141	150
2461	40	12			150	104
2462	6	12			150	104
2463	42	49			150	150
2464	596	883			150	150
2465	22	883			150	150
2466	0	0			99	99
2467	0	0			134	99
2468	6	1			150	134
2469	3	1			150	134
2470	1	0			150	150
2471	0	8			83	83
2472	2	0			83	110
2473	2	1			83	83
2474	0	1			110	83
2475	3	2			132	141
2476	0	18			99	99
2477	2	20			120	117
2478	15	4			150	150
2479	0	13			92	95
2480	5	10			95	129
2481	40	1			150	150
2482	293	957			150	150
2483	9	11			150	150
2484	165	93			150	92
2485	82	93			150	92
2486	0	0			111	150
2487	48	2			150	108
2488	0	0			147	150
2489	0	0			129	150
2490	0	0			129	150
2491	0	0			129	150
2492	0	2			129	150
2493	0	0			129	150
2494	0	0			150	150
2495	0	2			150	150
2496	0	0			150	150
2497	0	0			150	150
2498	0	2			150	150
2499	0	0			150	150
2500	0	0			150	150
2501	2	0			150	150
2502	0	0			150	150
2503	0	0			150	123
2504	165	184			150	150
2505	7	8			150	150
2506	0	0			150	150
2507	0	0			150	150
2508	166	166			147	150
2509	4	30			150	138
2510	0	0			150	146
2511	4	221			150	150
2512	23	36			109	143
2513	31	61			150	150
2514	1	58			139	148
2515	0	0			150	144
2516	0	0			150	150
2517	99	90			150	147
2518	33	31			144	150
2519	18	5			150	150
2520	4	8			150	143
2521	62	61			150	150
2522	14	27			121	150
2523	151	179			150	150
2524	0	0			150	111
2525	0	0			150	150
2526	0	0			150	150
2527	13	3			150	120
2528	3	0			150	150
2529	94	85			150	150
2530	32	36			122	150
2531	4	0			150	117
2532	14	163			150	150
2533	4	223			129	150
2534	52	0			150	150
2535	0	1			150	109
2536	0	7			94	94
2537	257	184			150	150
2538	11	8			150	150
2539	4	6			150	150
2540	369	6			150	150
2541	369	4			150	150
2542	0	1			121	133
2543	17	22			130	144
2544	21	10			145	150
2545	10	22			145	150
2546	0	0			126	150
2547	106	180			150	150
2548	0	0			119	150
2549	0	0			150	99
2550	0	0			116	99
2551	0	0			116	150
2552	0	0			150	150
2553	0	0			150	150
2554	26	12			150	150
2555	0	6			150	150
2556	7	11			150	150
2557	2	0			150	150
2558	0	105			150	150
2559	0	105			150	150
2560	174	172			150	150
2561	9	12			150	150
2562	5	8			150	149
2563	3	32			150	150
2564	0	46			150	150
2565	75	4			135	135
2566	24	74			150	150
2567	40	32			150	108
2568	50	32			150	108
2569	19	45			150	108
2570	3	4			150	150
2571	222	276			131	150
2572	48	117			150	150
2573	0	0			150	150
2574	15	3			150	111
2575	0	5			150	138
2576	0	5			150	150
2577	4	4			150	150
2578	60	3			150	150
2579	0	0			123	150
2580	0	0			143	137
2581	53	39			150	150
2582	0	0			150	150
2583	0	0			150	150
2584	0	12			78	78
2585	0	0			93	93
2586	148	33			150	150
2587	0	3			150	150
2588	165	0			150	150
2589	0	0			90	78
2590	0	0			117	78
2591	0	3			150	150
2592	35	54			130	150
2593	81	82			150	150
2594	20	1			150	150
2595	63	65			145	150
2596	10	5			150	150
2597	92	82			150	150
2598	170	0			150	150
2599	20	0			150	150
2600	28	12			149	117
2601	3	2			150	150
2602	3	3			150	150
2603	0	3			127	150
2604	8	0			150	150
2605	0	0			150	150
2606	2	2			150	150
2607	61	63			150	150
2608	0	0			150	150
2609	49	1			150	150
2610	0	0			150	150
2611	19	6			150	150
2612	14	8			150	137
2613	51	14			150	113
2614	67	14			150	113
2615	46	16			150	113
2616	2	0			150	150
2617	10	33			130	150
2618	0	0			150	150
2619	91	121			150	150
2620	0	1			150	150
2621	1	1			125	150
2622	61	47			150	150
2623	147	33			150	150
2624	146	99			150	150
2625	236	40			150	150
2626	2	22			150	150
2627	11	79			150	150
2628	49	68			150	150
2629	18	7			150	150
2630	18	8			150	150
2631	0	7			150	150
2632	219	194			150	150
2633	3	16			150	150
2634	3	2			150	150
2635	16	2			150	150
2636	48	55			150	150
2637	0	38			78	150
2638	2	20			150	150
2639	2	20			150	150
2640	10	6			124	117
2641	9	2			150	150
2642	0	0			150	150
2643	2	1			132	120
2644	3	1			141	138
2645	194	141			142	150
2646	0	6			93	93
2647	5	20			90	150
2648	59	63			150	150
2649	53	62			150	150
2650	0	0			131	141
2651	7	0			150	96
2652	14	13			150	150
2653	1	0			150	150
2654	1	7			150	150
2655	0	1			150	150
2656	0	3			150	150
2657	0	0			150	150
2658	0	0			150	150
2659	0	0			150	150
2660	2	1			81	150
2661	17	24			147	150
2662	0	0			150	150
2663	1	13			150	150
2664	4	6			145	150
2665	1	2			130	150
2666	0	0			138	120
2667	21	24			150	150
2668	24	1			150	127
2669	8	9			150	150
2670	7	16			119	125
2671	0	2			150	150
2672	190	128			150	150
2673	1	2			150	116
2674	3505	3663			150	150
2675	0	0			81	81
2676	0	0			150	150
2677	331	318			150	134
2678	100	43			150	116
2679	11	10			150	150
2680	258	322			150	150
2681	0	0			150	150
2682	90	83			150	150
2683	0	1			150	150
2684	0	37			150	115
2685	1	2			150	150
2686	0	0			145	150
2687	166	161			150	150
2688	93	175			150	137
2689	12	11			141	150
2690	93	147			124	150
2691	49	1			150	144
2692	11	3			150	150
2693	11	25			150	150
2694	0	0			123	150
2695	0	0			93	93
2696	3	0			150	137
2697	1	0			150	150
2698	0	0			150	135
2699	0	1			150	133
2700	1	0			133	150
2701	1002	999			150	144
2702	142	118			149	150
2703	140	269			150	150
2704	14	14			150	121
2705	11	4			126	126
2706	11	11			126	138
2707	2	9			126	138
2708	50	7			150	150
2709	3	7			149	150
2710	3	50			149	150
2711	11	52			150	150
2712	57	72			138	150
2713	39	30			150	150
2714	7	13			150	150
2715	115	68			150	150
2716	32	92			150	150
2717	32	22			150	150
2718	36	18			150	117
2719	46	75			150	150
2720	66	108			146	149
2721	11	72			150	150
2722	7	26			150	150
2723	13	18			150	150
2724	102	129			150	150
2725	129	159			150	150
2726	0	0			150	150
2727	19	19			142	113
2728	32	64			150	150
2729	45	59			150	150
2730	15	24			150	150
2731	129	144			136	127
2732	0	0			150	150
2733	33	11			150	150
2734	4	2			150	150
2735	134	108			127	125
2736	216	5			150	150
2737	2	0			150	125
2738	0	5			150	150
2739	35	5			150	150
2740	35	0			150	150
2741	244	488			150	150
2742	145	347			147	150
2743	0	0			150	98
2744	0	0			150	98
2745	0	0			150	150
2746	1	0			150	150
2747	3	2			150	150
2748	3	0			150	150
2749	2	0			150	150
2750	0	0			150	114
2751	3	17			150	150
2752	40	24			150	150
2753	0	0			123	150
2754	6993	11352			150	150
2755	4962	4632			150	150
2756	20	40			141	150
2757	38	22			150	123
2758	0	0			96	99
2759	0	1			150	150
2760	4	1			150	125
2761	113	118			150	150
2762	103	207			150	150
2763	41	93			150	150
2764	42	43			150	150
2765	4	7			147	147
2766	1	6			147	147
2767	0	4			150	150
2768	29	22			150	150
2769	35	570			118	150
2770	30	393			118	150
2771	5	0			150	150
2772	6	0			150	150
2773	0	0			94	94
2774	0	0			87	87
2775	0	0			87	87
2776	0	0			87	87
2777	0	0			150	150
2778	8	10			150	150
2779	17	36			150	150
2780	57	61			150	150
2781	100	1			150	150
2782	101	146			150	150
2783	74	152			138	150
2784	2	2			150	150
2785	1	2			150	150
2786	0	0			150	150
2787	71	21			150	150
2788	5	39			150	150
2789	1	0			141	150
2790	2	0			141	150
2791	15	4			150	150
2792	13	18			150	144
2793	151	0			150	150
2794	5	7			150	150
2795	5	62			150	146
2796	5	43			150	137
2797	7	62			150	146
2798	7	43			150	137
2799	3	8			150	147
2800	30	17			150	150
2801	183	160			150	120
2802	50	96			150	150
2803	0	0			123	150
2804	5	89			150	124
2805	492	470			150	150
2806	28	7			138	150
2807	73	58			140	103
2808	5	8			150	150
2809	0	4			150	150
2810	0	4			150	150
2811	4	4			150	150
2812	0	0			150	150
2813	498	4			145	147
2814	10	20			150	147
2815	10	30			150	150
2816	5	30			146	147
2817	0	0			150	150
2818	88	11			150	150
2819	2	0			150	150
2820	2	0			150	150
2821	0	0			150	150
2822	138	132			150	150
2823	62	66			150	150
2824	80	51			150	150
2825	171	70			150	128
2826	29	28			150	150
2827	83	145			150	150
2828	13	15			150	150
2829	105	186			129	150
2830	69	61			150	150
2831	69	2			150	150
2832	203	258			150	150
2833	7	258			144	150
2834	203	272			150	150
2835	164	160			131	150
2836	5	125			125	122
2837	48	119			150	150
2838	4	118			129	150
2839	23	46			132	117
2840	36	53			117	150
2841	14	33			150	150
2842	135	127			150	150
2843	107	102			144	150
2844	0	0			109	143
2845	0	0			150	150
2846	28	36			150	148
2847	3	0			150	150
2848	0	0			150	150
2849	4	6			126	148
2850	4	11			126	148
2851	4	5			126	148
2852	11	5			148	148
2853	9	0			148	148
2854	5	784			102	150
2855	184	142			145	150
2856	233	142			150	150
2857	19	122			150	135
2858	74	33			150	104
2859	43	30			150	150
2860	98	75			123	150
2861	77	79			150	150
2862	102	78			150	150
2863	0	0			150	150
2864	57	0			150	150
2865	20	2			150	150
2866	49	83			150	150
2867	15	148			120	117
2868	0	0			150	150
2869	0	0			150	150
2870	9	11			150	150
2871	35	26			150	118
2872	11	80			138	150
2873	19	14			150	127
2874	1	142			150	150
2875	5	1			150	150
2876	4	4			150	150
2877	0	0			140	150
2878	45	147			150	132
2879	0	0			123	140
2880	0	1			150	150
2881	92	107			150	150
2882	0	0			123	150
2883	24	19			150	150
2884	43	56			150	150
2885	56	54			150	150
2886	757	292			150	100
2887	36	292			138	100
2888	792	875			150	138
2889	833	948			150	150
2890	498	669			145	136
2891	0	2			147	150
2892	243	959			134	150
2893	8	2			150	150
2894	9	2			150	150
2895	3	3			150	150
2896	4	3			130	150
2897	196	3			150	150
2898	196	3			150	150
2899	196	4			150	130
2900	145	1			150	103
2901	83	93			143	150
2902	1	95			150	150
2903	8	2			150	150
2904	250	129			150	150
2905	17	8			150	150
2906	0	10			142	116
2907	0	0			150	150
2908	22	36			150	122
2909	0	0			150	148
2910	560	714			150	144
2911	709	8			144	150
2912	709	1061			144	150
2913	725	866			150	138
2914	3	13			150	150
2915	29	0			150	150
2916	44	43			147	150
2917	159	156			150	150
2918	2	156			150	150
2919	1	0			150	150
2920	20	333			150	150
2921	10	19			126	150
2922	0	0			150	150
2923	28	41			150	150
2924	30	31			150	139
2925	97	30			136	98
2926	8	13			150	150
2927	38	49			150	150
2928	0	0			96	102
2929	0	1			96	96
2930	187	69			150	150
2931	102	1			87	87
2932	30	21			150	150
2933	0	0			150	150
2934	0	0			150	150
2935	0	0			132	150
2936	0	0			150	150
2937	15	40			150	150
2938	7	27			150	150
2939	0	1			150	121
2940	0	0			109	150
2941	0	8			150	150
2942	0	8			150	150
2943	1	8			150	150
2944	0	8			150	150
2945	0	0			150	150
2946	1	0			150	150
2947	0	0			150	150
2948	1	0			150	150
2949	0	0			150	150
2950	0	1			150	150
2951	5	22			134	143
2952	0	0			123	150
2953	98	195			136	150
2954	2	181			136	150
2955	123	181			150	150
2956	123	2			150	136
2957	142	113			150	136
2958	91	129			150	148
2959	0	0			90	150
2960	18	49			150	150
2961	0	0			129	129
2962	12	107			150	150
2963	0	0			78	78
2964	0	0			78	78
2965	0	0			78	78
2966	0	0			150	150
2967	61	88			150	150
2968	0	0			150	150
2969	2	0			150	150
2970	128	280			150	150
2971	8	41			100	141
2972	93	99			150	150
2973	22	23			150	150
2974	0	0			96	150
2975	0	0			150	147
2976	38	10			150	150
2977	0	7			150	147
2978	3	5			141	135
2979	23	30			128	146
2980	3	2			150	150
2981	54	1			150	108
2982	0	0			150	150
2983	0	6			150	150
2984	515	534			150	150
2985	389	587			150	150
2986	3	8			150	150
2987	209	255			150	150
2988	40	13			150	105
2989	12	13			117	105
2990	3	12			150	148
2991	109	292			150	150
2992	612	643			150	150
2993	42	34			150	150
2994	29	42			150	148
2995	20	13			101	130
2996	10	52			150	133
2997	26	71			150	150
2998	8	71			150	150
2999	119	140			150	150
3000	249	2			150	150
3001	0	223			119	150
3002	2	5			150	150
3003	0	0			123	150
3004	0	1			150	150
3005	16	0			150	132
3006	131	246			119	150
3007	0	0			138	150
3008	8	237			101	150
3009	0	0			150	150
3010	0	0			150	150
3011	0	0			150	150
3012	0	0			148	150
3013	0	0			150	150
3014	0	0			138	140
3015	0	0			150	150
3016	0	0			128	150
3017	0	0			150	150
3018	2	0			150	98
3019	5	1			150	98
3020	16	42			150	150
3021	31	59			150	150
3022	31	3			150	150
3023	41	49			150	150
3024	0	0			147	141
3025	7	19			150	150
3026	39	61			150	150
3027	17	1			150	129
3028	3	0			96	96
3029	11	13			150	150
3030	6	138			150	128
3031	80	86			150	150
3032	518	770			150	150
3033	9	25			123	146
3034	17	15			141	123
3035	8	23			129	149
3036	3	14			150	139
3037	2	10			150	150
3038	163	33			150	150
3039	138	37			140	150
3040	78	130			150	150
3041	0	0			147	141
3042	11	17			150	150
3043	31	9			150	150
3044	4	51			121	150
3045	0	0			150	130
3046	356	330			150	150
3047	16	18			150	150
3048	23	15			150	150
3049	12	20			150	150
3050	18	3			130	150
3051	0	0			150	150
3052	287	24			136	150
3053	287	300			136	150
3054	0	0			150	150
3055	0	1			110	150
3056	0	0			150	150
3057	0	3			150	114
3058	0	0			102	132
3059	63	73			150	150
3060	5	2			150	150
3061	210	213			150	126
3062	0	5			150	150
3063	11	16			150	150
3064	1	7			150	150
3065	0	13			150	150
3066	21	0			150	116
3067	9	0			132	116
3068	1	30			150	150
3069	14	30			120	144
3070	87	357			150	150
3071	87	321			150	144
3072	393	419			150	150
3073	178	303			150	150
3074	0	60			81	150
3075	45	30			150	150
3076	41	45			150	150
3077	31	42			150	150
3078	13	17			135	135
3079	11	15			150	135
3080	6	23			132	150
3081	6	4			150	147
3082	0	0			145	150
3083	0	0			150	150
3084	1	9			150	150
3085	4	2			116	150
3086	5	0			87	150
3087	0	0			150	103
3088	0	0			150	150
3089	0	0			150	150
3090	58	35			150	150
3091	1	1			150	150
3092	0	4			150	128
3093	0	0			150	150
3094	0	0			150	148
3095	11	22			150	150
3096	0	2			150	150
3097	0	1			150	112
3098	18	17			150	150
3099	4	51			150	150
3100	0	0			150	150
3101	90	0			145	150
3102	6	8			150	150
3103	0	1			105	147
