ID	IJC_SAMPLE_1	SJC_SAMPLE_1	IJC_SAMPLE_2	SJC_SAMPLE_2	IncFormLen	SkipFormLen
0	0	0			247	137
1	0	0			367	137
2	0	0			367	247
3	0	0			168	98
4	0	0			168	98
5	0	0			138	255
6	0	0			138	255
7	0	0			153	255
8	0	0			153	138
9	0	0			153	138
10	0	0			247	137
11	0	0			367	137
12	0	0			367	247
13	0	0			138	255
14	0	0			138	255
15	0	0			153	255
16	0	0			153	138
17	0	0			153	138
18	0	0			123	165
19	0	0			247	137
20	0	0			367	137
21	0	0			367	247
22	0	0			138	255
23	0	0			138	255
24	0	0			153	255
25	0	0			153	138
26	0	0			153	138
27	0	0			174	214
28	0	0			224	108
29	0	0			192	111
30	0	0			123	165
31	0	0			247	137
32	0	0			367	137
33	0	0			367	247
34	0	0			138	255
35	0	0			138	255
36	0	0			153	255
37	0	0			153	138
38	0	0			153	138
39	0	0			123	165
40	0	0			247	137
41	0	0			367	137
42	0	0			367	247
43	0	0			168	98
44	0	0			168	98
45	0	0			192	111
46	0	0			179	259
47	0	0			259	333
48	0	0			193	192
49	0	0			147	141
50	0	0			218	103
51	0	0			360	151
52	0	0			193	192
53	0	0			111	153
54	0	0			218	103
55	0	0			360	151
56	0	0			147	141
57	0	0			218	103
58	0	0			360	151
59	0	0			193	192
60	0	0			147	141
61	0	0			111	153
62	0	0			193	192
63	0	0			147	141
64	0	0			372	372
65	0	0			218	103
66	0	0			360	151
67	0	0			84	102
68	0	0			148	226
69	0	0			165	238
70	0	0			231	174
71	0	0			141	312
72	0	0			138	297
73	0	0			1374	252
74	0	0			99	126
75	0	0			99	102
76	0	0			102	126
77	0	0			102	129
78	0	0			170	186
79	0	0			206	217
80	0	0			230	203
81	0	0			403	121
82	0	0			182	177
83	0	0			284	177
84	0	0			172	246
85	0	0			172	153
86	0	0			232	211
87	0	0			232	170
88	0	0			190	183
89	0	0			166	291
90	0	0			160	108
91	0	0			126	179
92	0	0			218	103
93	0	0			360	151
94	0	0			173	173
95	0	0			372	372
96	0	0			210	165
97	0	0			123	165
98	0	0			106	170
99	0	0			420	238
100	10	51			138	297
101	1	4			170	186
102	0	0			193	192
103	0	0			192	111
104	0	0			231	231
105	34	55			198	267
106	2	6			194	457
107	0	287			115	205
108	28	54			184	176
109	39	39			131	147
110	10	0			111	105
111	0	0			217	183
112	0	0			193	114
113	0	2			213	123
114	1	20			184	222
115	49	50			206	217
116	50	0			175	121
117	35	0			175	121
118	366	1			1266	192
119	1	0			93	90
120	387	642			143	183
121	12	23			210	231
122	2	24			144	111
123	0	0			93	93
124	0	0			206	126
125	0	3			206	235
126	0	3			126	235
127	23	23			198	213
128	467	44			153	210
129	0	0			175	160
130	18	58			123	140
131	2	4			211	172
132	1	0			420	238
133	151	162			181	172
134	210	224			293	254
135	26	216			104	293
136	58	22			252	146
137	4	113			188	185
138	49	212			262	738
139	9	6			156	124
140	0	2			163	207
141	0	0			136	168
142	0	1			182	221
143	6	137			159	163
144	0	20			167	212
145	17	32			142	227
146	158	176			251	225
147	197	2			2424	234
148	0	1			167	195
149	18	12			263	215
150	9	1			215	169
151	27	95			128	239
152	569	377			155	137
153	194	4659			285	247
154	3246	4659			155	247
155	74	1			115	118
156	58	12			154	146
157	61	28			172	123
158	44	71			170	220
159	20	2			223	434
160	15	0			223	113
161	20	0			223	113
162	11	1			282	254
163	14	67			146	229
164	46	27			238	174
165	40	331			109	250
166	48	33			327	204
167	212	79			138	102
168	90	124			102	111
169	63	144			146	153
170	5	7			153	119
171	5	120			153	130
172	139	5			153	119
173	7	120			119	130
174	0	166			154	255
175	129	184			255	130
176	10	146			121	204
177	1	150			121	204
178	33	150			175	204
179	48	150			180	204
180	33	1			175	121
181	48	1			180	121
182	20	61			147	144
183	0	2			175	215
184	0	0			185	133
185	2	4			129	148
186	45	111			148	194
187	2	3			1030	221
188	1	3			197	221
189	165	68			254	254
190	27	86			199	233
191	305	151			243	143
192	0	0			141	175
193	0	5			219	184
194	907	225			243	132
195	96	110			191	294
196	26	27			260	152
197	50	135			289	243
198	70	135			211	243
199	50	149			192	243
200	709	870			226	238
201	1	0			300	144
202	0	1			117	243
203	126	149			179	173
204	1	0			222	207
205	0	0			645	198
206	68	50			191	203
207	0	0			123	182
208	11	303			193	225
209	1485	2015			255	318
210	7	349			155	164
211	0	13			232	266
212	7	0			357	155
213	251	232			148	230
214	82	249			218	204
215	67	101			201	287
216	19	68			166	217
217	0	21			151	192
218	48	185			148	123
219	19	163			131	206
220	1	0			141	139
221	0	0			163	118
222	980	53			161	222
223	980	86			161	278
224	0	0			183	168
225	0	0			150	222
226	21	2			319	319
227	24	5			192	122
228	25	8			193	193
229	21	3			106	226
230	349	712			188	208
231	15704	8658			285	204
232	848	647			480	400
233	1035	647			693	400
234	2	2			97	97
235	1	0			111	153
236	0	0			218	103
237	0	0			360	151
238	26	8			247	177
239	79	139			214	254
240	272	33			729	113
241	18	123			159	417
242	18	116			159	378
243	0	0			249	373
244	0	0			136	229
245	0	0			147	229
246	44	143			133	243
247	49	33			207	143
248	86	87			319	288
249	89	15			451	197
250	201	360			205	165
251	237	458			220	205
252	0	0			148	198
253	249	315			163	162
254	878	28			161	161
255	1349	25			156	141
256	0	0			268	366
257	0	0			314	366
258	20	14			240	240
259	46	68			136	227
260	66	27			164	136
261	61	27			144	136
262	40	0			213	120
263	30	231			260	454
264	26	94			129	288
265	10	37			197	159
266	0	2			200	195
267	0	2			200	250
268	7	0			124	121
269	3	2			153	157
270	2419	2198			192	207
271	948	1616			168	117
272	213	492			166	253
273	0	0			122	119
274	833	834			153	165
275	19	24			163	187
276	615	763			176	228
277	271	210			138	176
278	272	556			138	176
279	18	128			140	241
280	56	142			237	269
281	118	100			202	195
282	0	0			171	118
283	74	1			328	174
284	125	3			85	85
285	2	1			173	206
286	588	549			244	150
287	0	0			143	143
288	0	0			103	143
289	2	1			299	249
290	100	286			163	393
291	42	285			163	393
292	2	72			131	163
293	0	0			172	172
294	134	159			138	183
295	56	1			138	193
296	591	3			192	265
297	121	134			248	193
298	9	16			164	202
299	63	96			183	243
300	279	949			201	639
301	5	13			230	202
302	0	0			157	265
303	2	0			269	265
304	2	0			269	157
305	7	15			162	230
306	15	6			206	187
307	12	6			202	187
308	1	0			133	102
309	94	197			311	299
310	94	228			311	302
311	2	4			248	173
312	83	176			238	242
313	206	190			238	276
314	89	102			201	170
315	159	352			192	306
316	0	0			163	132
317	63	4			158	158
318	103	106			252	238
319	410	276			234	165
320	196	154			144	243
321	0	0			166	291
322	0	0			190	183
323	0	0			232	170
324	0	0			232	211
325	6233	12573			116	210
326	76	29			397	200
327	2	0			202	226
328	0	0			166	226
329	0	0			125	143
330	2	0			202	204
331	1	2			223	202
332	0	2			166	202
333	2	2			207	202
334	2	7			373	300
335	0	0			167	136
336	4	4			116	199
337	0	0			123	232
338	0	0			204	213
339	32	46			199	141
340	323	394			195	195
341	82	29			153	270
342	92	96			148	197
343	208	266			172	193
344	2	1			194	190
345	0	1			216	190
346	13	1			241	190
347	4	1			199	190
348	10	2			241	211
349	0	2			216	194
350	13	2			241	194
351	4	2			199	194
352	13	0			241	216
353	4	0			199	216
354	4	13			199	241
355	4	9			199	241
356	60	93			145	172
357	1	12			185	159
358	322	587			160	180
359	49	29			324	197
360	28	48			197	256
361	7	46			146	273
362	17	7			193	146
363	4	14			150	198
364	3	2			150	174
365	17	52			118	151
366	0	0			158	189
367	2	0			202	121
368	59	116			163	207
369	51	56			205	175
370	31	56			117	175
371	31	51			117	205
372	29	36			160	108
373	29	65			108	180
374	63	99			122	161
375	63	105			122	165
376	26	101			117	149
377	216	46			601	117
378	1	37			125	198
379	0	9			131	125
380	102	0			185	173
381	65	0			160	173
382	21	19			174	165
383	6	18			149	180
384	3	66			124	180
385	2	5			148	154
386	0	0			174	214
387	5	1			214	179
388	13	12			168	144
389	462	382			191	194
390	387	408			195	191
391	63	59			165	155
392	264	96			240	183
393	114	85			168	157
394	3144	2107			241	172
395	2	1			168	193
396	11	41			171	243
397	20	50			138	158
398	107	7			315	158
399	0	0			120	120
400	4	3			133	150
401	40	0			183	114
402	112	77			224	165
403	203	12			268	134
404	6	6			127	126
405	11	8			184	252
406	11	64			129	204
407	8	1			162	141
408	6	3			268	123
409	1	2			150	215
410	230	235			209	143
411	199	235			185	143
412	2	2			201	170
413	0	1			129	153
414	296	167			188	144
415	107	167			195	196
416	133	150			204	196
417	103	150			177	196
418	31	82			174	322
419	45	16			234	174
420	1053	421			230	166
421	464	1060			156	230
422	1	691			100	100
423	78	197			119	180
424	63	1			127	119
425	152	2254			162	3319
426	128	115			222	173
427	12	2			230	95
428	1	1			174	96
429	31	24			164	148
430	114	42			208	145
431	0	0			135	177
432	1	2			167	155
433	4	1			198	187
434	47	94			147	140
435	11	94			162	140
436	46	94			214	140
437	47	210			147	229
438	11	210			162	229
439	46	210			214	229
440	195	267			167	141
441	37	201			154	167
442	298	201			261	167
443	507	201			456	167
444	431	201			288	167
445	16	56			154	167
446	530	56			510	167
447	0	0			166	295
448	35	7			292	155
449	7	31			155	224
450	20	5			224	187
451	3	0			176	142
452	9	2			250	176
453	61	88			136	166
454	345	215			297	236
455	10	0			199	138
456	10	1			199	147
457	0	1			138	147
458	633	493			198	162
459	30	132			123	227
460	0	0			167	167
461	78	32			243	177
462	41	32			219	177
463	10	5			250	229
464	9	9			141	228
465	101	236			238	334
466	525	364			194	147
467	111	145			151	196
468	35	40			165	167
469	1	412			117	271
470	185	146			234	201
471	82	89			174	166
472	119	91			223	174
473	140	95			236	195
474	496	129			171	171
475	482	503			171	171
476	0	0			450	651
477	0	0			176	133
478	0	0			108	135
479	85	115			251	185
480	1039	2246			154	282
481	28	266			172	209
482	0	7			337	200
483	0	7			337	196
484	62	96			302	148
485	8	8			202	159
486	1	0			171	198
487	250	3			140	178
488	114	187			114	246
489	159	98			135	102
490	2	5054			145	244
491	2447	5054			188	244
492	296	144			181	181
493	9	15			189	249
494	13	5			179	249
495	13	5			182	249
496	9	26			189	189
497	13	16			179	189
498	13	16			182	189
499	514	581			194	208
500	26	18			284	192
501	0	0			430	150
502	0	1			163	366
503	1	1			152	247
504	0	0			197	104
505	17	4			182	151
506	1	7			197	273
507	68	20			211	157
508	32	41			198	191
509	8	32			95	156
510	95	107			141	162
511	26	6			177	177
512	9	10			220	221
513	9	10			201	221
514	0	3			84	84
515	31	3			102	153
516	48	28			186	174
517	140	109			211	168
518	3	2			328	200
519	90	99			174	210
520	0	0			231	220
521	2	5			102	201
522	13	56			128	243
523	25	14			187	128
524	1	186			169	137
525	89	148			200	199
526	54	86			234	171
527	0	370			156	135
528	19	33			150	129
529	1	51			147	147
530	277	243			203	178
531	13	81			214	278
532	20	81			212	278
533	20	13			212	214
534	50	0			286	133
535	0	0			244	174
536	1	0			189	228
537	157	84			284	146
538	49	3			215	159
539	1074	1126			159	152
540	39	30			167	142
541	19	51			142	208
542	2	1			226	197
543	39	53			197	207
544	21	83			133	278
545	3	67			166	166
546	1	0			168	168
547	42	0			363	168
548	42	1			363	168
549	2306	8			127	229
550	166	8			207	161
551	12	0			197	200
552	46	69			147	155
553	50	68			172	155
554	2	1			260	258
555	29	2			207	161
556	8	41			162	255
557	3	235			157	234
558	122	140			234	168
559	167	138			234	168
560	115	135			234	168
561	2027	39			147	245
562	2	0			321	84
563	6	0			516	84
564	0	5			205	462
565	18	31			173	340
566	132	201			194	222
567	15	10			200	166
568	569	592			288	220
569	99	65			202	313
570	49	14			183	136
571	88	73			220	183
572	0	0			191	195
573	4	133			128	161
574	21	40			119	118
575	49	21			153	119
576	0	6			145	220
577	0	6			145	671
578	4	3			233	149
579	504	373			242	170
580	54	74			301	238
581	7	36			126	177
582	0	60			200	227
583	47	44			160	218
584	18	70			160	255
585	100	85			205	172
586	21	32			167	186
587	1052	854			154	147
588	2	0			185	189
589	0	0			179	119
590	0	0			79	82
591	17	11			214	214
592	14	52			220	368
593	50	13			704	197
594	0	13			253	197
595	3	40			108	144
596	3	13			108	102
597	0	0			78	255
598	15	701			186	205
599	15	456			186	233
600	13	70			111	161
601	388	276			322	198
602	177	391			211	322
603	9	6			162	198
604	34	49			154	213
605	11	0			113	137
606	749	621			225	195
607	93	411			118	238
608	420	309			238	153
609	38	44			250	239
610	482	213			267	150
611	4	0			216	192
612	524	219			265	182
613	0	0			158	125
614	118	356			148	259
615	35	25			158	124
616	1	1			249	246
617	0	0			246	81
618	8	0			138	236
619	0	2			159	168
620	0	1			159	162
621	2	1			168	162
622	0	0			192	196
623	0	0			354	354
624	20	20			198	203
625	4388	857			201	201
626	484	6112			151	151
627	91	3			149	137
628	134	148			161	164
629	0	0			98	98
630	0	0			81	81
631	71	0			128	132
632	0	0			168	105
633	0	0			117	105
634	0	1			196	193
635	515	281			394	219
636	0	0			171	171
637	16	30			198	132
638	24	3			198	292
639	38	2			162	120
640	5	0			163	215
641	1	86			147	144
642	11	1			261	166
643	2	10			147	261
644	10	30			133	147
645	26	37			147	207
646	181	352			178	205
647	22	32			137	155
648	73	49			258	156
649	0	12			236	197
650	34	52			114	149
651	353	927			135	433
652	0	0			147	141
653	12	5			207	161
654	192	107			171	114
655	73	172			114	147
656	317	127			218	142
657	0	0			157	146
658	15	0			84	84
659	2	193			133	207
660	68	76			190	251
661	40	86			154	171
662	76	25			193	121
663	118	579			204	750
664	7	2			196	151
665	12	1			692	190
666	11	1			196	163
667	61	21			144	108
668	102	120			178	159
669	38	15			149	130
670	3	2			225	141
671	89	53			207	143
672	357	156			311	189
673	165	113			263	187
674	0	0			260	455
675	95	57			192	130
676	97	87			192	185
677	97	136			192	243
678	15	4			240	181
679	15	7			240	115
680	19	7			176	198
681	52	84			192	267
682	1	1			171	231
683	45	1			126	270
684	0	0			221	170
685	8	7			208	120
686	0	3			153	135
687	1	0			96	96
688	94	36			190	116
689	281	50			231	150
690	311	25			231	150
691	0	0			160	173
692	0	2			129	137
693	28	20			219	204
694	205	1			100	100
695	632	402			271	156
696	177	54			142	171
697	177	284			142	182
698	12	10			279	234
699	2	1			318	421
700	1	2			318	318
701	36	8			222	114
702	13	11			156	201
703	0	0			172	125
704	0	0			193	192
705	3	66			135	136
706	23	14			180	147
707	3	3			200	142
708	1	0			142	194
709	3	0			142	111
710	0	0			182	179
711	35	116			137	287
712	10	19			133	168
713	29	0			168	114
714	2	0			252	180
715	27	52			132	128
716	34	61			230	203
717	0	1			168	246
718	1	0			174	200
719	55	217			198	251
720	146	149			251	167
721	171	150			251	167
722	0	0			226	148
723	267	144			249	142
724	61	64			167	160
725	0	0			165	153
726	4	31			103	183
727	107	90			300	230
728	9	5			186	216
729	0	2			76	211
730	526	306			143	130
731	62	174			172	221
732	83	104			210	172
733	0	0			138	195
734	9	17			173	156
735	1	1			186	194
736	31	116			143	250
737	22	0			163	138
738	173	0			243	138
739	173	22			243	163
740	0	0			110	127
741	912	677			290	269
742	0	0			126	180
743	389	251			245	162
744	32	9			186	131
745	12	1			125	195
746	0	0			530	142
747	225	134			129	102
748	16	100			251	242
749	35	18			245	189
750	0	0			143	284
751	0	0			141	255
752	11	7			138	135
753	0	0			123	99
754	38	38			141	140
755	0	15			211	214
756	0	0			198	131
757	0	0			193	192
758	40	276			169	416
759	260	56			416	164
760	13	36			155	179
761	0	24			191	732
762	0	67			166	178
763	0	120			166	178
764	459	962			224	304
765	60	45			126	170
766	7	7			161	175
767	42	58			210	234
768	48	48			225	210
769	18	15			182	148
770	180	74			594	412
771	13	3			290	256
772	13	3			290	255
773	173	290			145	168
774	131	73			211	166
775	129	24			211	166
776	77	120			166	186
777	85	190			186	243
778	0	1			120	208
779	329	63			307	137
780	213	63			375	137
781	75	114			167	175
782	93	80			175	140
783	10	4			147	354
784	0	0			168	202
785	0	0			135	237
786	0	1			211	151
787	0	0			169	126
788	25	336			121	702
789	2	40			121	144
790	22	17			243	110
791	19	13			283	165
792	5	26			92	183
793	25	25			150	181
794	0	0			262	317
795	91	2			227	215
796	6248	23892			222	261
797	314	422			172	224
798	343	283			270	322
799	28	26			176	138
800	20	15			228	138
801	2	14			114	170
802	1	43			213	234
803	132	224			208	221
804	11	123			151	146
805	82	4			255	168
806	67	4			291	168
807	3	46			143	185
808	23	44			269	142
809	92	59			225	324
810	61	59			180	324
811	62	70			180	324
812	0	0			81	81
813	82	46			247	194
814	128	48			177	146
815	0	237			127	210
816	0	0			195	179
817	23	2			178	183
818	13	2			197	183
819	13	23			197	178
820	1	57			134	168
821	1	0			233	102
822	1	0			111	114
823	0	3			134	118
824	133	204			157	187
825	201	173			213	157
826	8	243			270	314
827	4	6			197	159
828	19	5			316	197
829	6	14			239	316
830	3	0			87	84
831	10	0			255	147
832	10	0			255	150
833	0	0			183	150
834	53	152			173	193
835	0	0			142	106
836	145	250			141	178
837	205	170			167	150
838	180	0			83	83
839	6092	4263			289	189
840	3275	5905			188	289
841	0	0			200	196
842	0	0			84	84
843	77	204			243	252
844	231	176			323	223
845	155	176			318	223
846	70	2			92	92
847	0	2			99	99
848	0	0			208	211
849	6	1			206	144
850	6	4			206	167
851	1	4			144	167
852	104	171			214	286
853	4	9			262	299
854	4	6			262	133
855	4	2			262	236
856	9	2			299	236
857	6	2			133	236
858	91	25			258	155
859	23	4			278	195
860	14	189			278	151
861	23	5			274	191
862	15	315			274	158
863	129	352			132	216
864	529	126			216	219
865	0	1			178	109
866	126	62			266	136
867	0	0			186	358
868	0	0			186	186
869	72	53			274	197
870	977	10			185	197
871	30	59			171	182
872	187	127			183	141
873	11	5			158	238
874	266	324			227	198
875	29	4			125	136
876	231	2			286	128
877	442	202			207	195
878	110	3			185	249
879	236	77			147	185
880	8	2			279	132
881	0	2			173	132
882	0	8			173	279
883	139	106			255	175
884	18	79			112	225
885	3004	55			178	173
886	3287	13			107	113
887	1	4			198	279
888	7	43			207	290
889	194	1895			164	248
890	0	1			255	206
891	26	15			191	158
892	26	13			191	124
893	30	45			191	177
894	30	45			191	171
895	3	73			158	262
896	3	17			158	110
897	83	88			137	144
898	0	0			138	149
899	135	0			185	150
900	85	0			214	150
901	73	194			168	201
902	13646	11581			171	259
903	546	701			173	194
904	0	3			217	230
905	64	36			267	120
906	10	2			204	114
907	466	264			362	198
908	64	70			252	243
909	329	195			386	275
910	215	130			275	202
911	0	0			114	200
912	41	33			122	147
913	55	166			162	238
914	47	64			153	108
915	1	83			121	154
916	159	156			243	189
917	3	3			216	143
918	2752	1063			232	138
919	0	0			97	99
920	12	5			171	179
921	11	0			171	158
922	19	11			321	260
923	0	0			120	120
924	0	1			135	195
925	1	5			192	174
926	0	0			164	279
927	33	13			160	108
928	67	281			113	254
929	184	652			145	209
930	568	1344			209	298
931	49	59			173	168
932	440	137			183	101
933	15	976			101	304
934	100	971			101	304
935	0	1			87	87
936	0	0			102	229
937	203	100			204	119
938	203	108			204	131
939	109	109			188	190
940	119	146			190	174
941	69	86			245	185
942	463	1156			219	258
943	107	137			195	206
944	38	120			136	171
945	93	268			171	265
946	3	3			297	195
947	35	91			124	153
948	5	3			99	100
949	0	0			231	150
950	12	6			177	209
951	210	183			167	170
952	1	18			153	169
953	24	18			250	169
954	13	39			114	195
955	73	67			387	366
956	80	41			366	207
957	535	35767			272	253
958	3	2			105	153
959	0	0			90	90
960	2	19			90	78
961	0	0			117	78
962	33	24			211	163
963	0	771			113	142
964	538	771			142	142
965	538	0			142	113
966	337	614			171	251
967	594	609			171	151
968	0	0			167	167
969	2	19			192	381
970	8	14			148	198
971	4	14			223	198
972	4	9			148	198
973	53	169			201	270
974	118	220			111	123
975	6	220			111	123
976	816	559			216	155
977	7	14			109	141
978	116	43			225	142
979	1	90			147	247
980	4	90			206	247
981	9	0			175	121
982	29	1			136	128
983	0	23			170	244
984	3	9			157	138
985	4	3			219	198
986	91	118			282	168
987	0	0			234	195
988	0	1			209	174
989	0	1			209	174
990	0	1			273	174
991	0	1			273	174
992	0	0			87	90
993	6	0			128	199
994	2618	16264			103	263
995	7937	16264			170	263
996	4	18			116	169
997	74	13			293	169
998	9	56			113	164
999	7	0			200	133
1000	34	59			164	245
1001	23	57			149	195
1002	9	7			213	225
1003	28	108			196	209
1004	0	3			190	190
1005	20	0			192	105
1006	0	21			87	87
1007	23	73			129	189
1008	9	2			399	224
1009	2	0			245	205
1010	2	0			245	314
1011	0	0			205	314
1012	104	53			236	215
1013	0	0			154	124
1014	14	163			110	348
1015	0	0			178	106
1016	26	54			179	252
1017	0	0			184	282
1018	0	0			332	306
1019	13	41			102	120
1020	57	107			132	155
1021	11	21			189	216
1022	0	0			162	152
1023	3	1			207	300
1024	0	0			200	300
1025	15	13			141	149
1026	15	21			141	152
1027	2	3			173	262
1028	5	6			245	231
1029	0	12			114	102
1030	1	12			126	102
1031	20	7			160	102
1032	51	3			244	102
1033	219	39			634	201
1034	70	75			201	179
1035	261	259			163	138
1036	126	153			266	152
1037	335	97			219	203
1038	23	22			145	174
1039	35	17			209	146
1040	0	0			180	167
1041	0	1			180	131
1042	0	1			167	131
1043	2	411			98	239
1044	1	3			217	252
1045	30	0			164	235
1046	24	18			198	165
1047	0	146			188	171
1048	1	146			117	171
1049	0	0			117	161
1050	1	0			117	188
1051	1	149			165	189
1052	803	532			214	170
1053	0	5			162	207
1054	1	0			199	168
1055	79	6			198	180
1056	1137	691			254	177
1057	38	20			222	228
1058	0	0			127	129
1059	115	186			179	241
1060	2	0			216	269
1061	16	20			194	223
1062	2	0			474	474
1063	0	1			474	474
1064	6	25			141	239
1065	0	0			110	198
1066	0	0			110	229
1067	0	0			215	146
1068	14	93			124	128
1069	179	0			242	184
1070	215	142			234	242
1071	1	47			151	136
1072	37	74			195	251
1073	0	0			98	95
1074	5	71			130	201
1075	403	440			146	178
1076	9	9			138	183
1077	45	21			153	128
1078	43	5			153	128
1079	23	77			233	179
1080	11	11			280	238
1081	16	25			162	180
1082	577	453			170	151
1083	452	872			151	231
1084	1	106			106	155
1085	0	146			79	247
1086	8	20			98	176
1087	25	39			185	254
1088	33	1			250	203
1089	29	26			250	328
1090	5	3			258	160
1091	0	5			132	132
1092	6	0			93	93
1093	0	0			96	90
1094	0	5			96	90
1095	8	1			87	99
1096	4	21			116	116
1097	59	198			123	216
1098	59	200			123	222
1099	0	0			345	360
1100	24	52			146	164
1101	54	35			166	163
1102	124	0			98	101
1103	123	182			168	177
1104	3992	5216			193	249
1105	135	50			301	162
1106	28	19			274	209
1107	0	36			283	274
1108	283	500			280	369
1109	111	226			182	195
1110	349	226			219	195
1111	48	112			180	222
1112	0	6			173	173
1113	0	0			282	211
1114	10	24			204	204
1115	9	25			138	179
1116	86	95			266	278
1117	1	70			223	220
1118	1006	1111			351	345
1119	410	474			209	240
1120	150	154			268	243
1121	60	54			188	160
1122	0	18			167	235
1123	6	0			250	220
1124	763	1050			174	182
1125	16	165			136	193
1126	0	2			181	171
1127	0	0			181	136
1128	2	0			171	136
1129	83	75			129	133
1130	87	95			129	146
1131	15	1864			133	796
1132	50	93			133	146
1133	56	1862			133	796
1134	11	14			146	183
1135	487	329			360	234
1136	28	242			294	206
1137	57	72			249	204
1138	29	56			194	249
1139	31	4047			124	208
1140	1	4047			118	208
1141	4220	4274			208	215
1142	0	135			158	473
1143	109	73			273	262
1144	17	68			171	188
1145	14	84			207	122
1146	133	148			202	176
1147	162	16			201	157
1148	162	71			201	157
1149	42	104			109	126
1150	70	24			150	164
1151	65	89			152	192
1152	773	1823			134	188
1153	88	22			360	135
1154	261	22			849	135
1155	23	30			141	177
1156	293	19			159	141
1157	153	1			159	141
1158	9	15			138	204
1159	9	16			138	204
1160	29	16			150	204
1161	29	9			150	138
1162	159	2			87	87
1163	0	1			165	155
1164	47	8			220	220
1165	14	15			172	183
1166	266	422			126	162
1167	2	3			140	95
1168	13	27			164	202
1169	64	14			443	98
1170	68	56			443	279
1171	2	0			146	135
1172	3	13			249	162
1173	2	39			130	270
1174	2	5			130	121
1175	31	21			270	179
1176	12	10			204	264
1177	65	158			107	134
1178	64	157			97	134
1179	136	100			268	204
1180	49	76			108	151
1181	0	63			173	236
1182	3	0			81	81
1183	6	13			225	243
1184	124	188			232	240
1185	1	322			149	210
1186	249	106			235	120
1187	0	0			281	172
1188	0	0			281	187
1189	0	0			281	237
1190	0	0			213	281
1191	0	0			84	84
1192	0	1			123	219
1193	6	0			203	162
1194	0	0			173	172
1195	0	0			205	131
1196	30	39			143	119
1197	65	39			212	119
1198	2	0			220	190
1199	0	0			138	169
1200	10	13			128	220
1201	80	52			169	137
1202	0	0			211	163
1203	90	82			150	110
1204	89	2			150	110
1205	0	0			251	190
1206	3	39			141	166
1207	16	5			254	174
1208	1	2			204	156
1209	162	338			137	194
1210	3	2			108	167
1211	50	44			170	152
1212	113	7			159	157
1213	1	9			194	162
1214	210	249			167	227
1215	0	9			174	279
1216	0	0			174	127
1217	9	0			279	127
1218	0	1			96	90
1219	3	19			157	210
1220	8	20			157	210
1221	2	8			254	157
1222	2	13			254	157
1223	15	8			194	157
1224	21	3			194	254
1225	49	3			209	95
1226	49	0			209	137
1227	3	0			95	137
1228	0	4			147	141
1229	0	4			152	141
1230	0	0			152	147
1231	0	0			108	245
1232	12	47			129	192
1233	12	4			148	167
1234	2	5			188	244
1235	2	12			188	319
1236	2	4			188	244
1237	2	5			162	244
1238	2	12			162	319
1239	0	3			174	147
1240	87	18			168	163
1241	49	79			131	153
1242	0	0			81	81
1243	0	0			172	172
1244	177	125			151	128
1245	5	215			81	144
1246	1	215			81	144
1247	1	5			81	81
1248	0	17			177	180
1249	9	7			189	97
1250	0	0			241	183
1251	115	53			150	135
1252	5	0			175	154
1253	355	341			195	187
1254	352	242			187	187
1255	22	27			143	139
1256	1	4			148	172
1257	0	0			166	137
1258	0	0			153	343
1259	1	0			132	176
1260	9	85			148	165
1261	9	50			148	161
1262	44	8			138	97
1263	23	23			223	225
1264	112	205			246	236
1265	137	206			246	236
1266	2	0			195	161
1267	0	0			161	211
1268	147	53			138	99
1269	135	400			183	216
1270	4	0			218	177
1271	848	612			168	165
1272	265	2467			104	364
1273	38	0			262	213
1274	2068	3862			348	348
1275	1436	3862			348	348
1276	1279	3862			348	348
1277	80	535			351	348
1278	2735	445			348	348
1279	1436	2068			348	348
1280	1279	2068			348	348
1281	1279	1436			348	348
1282	0	0			211	172
1283	83	80			190	174
1284	91	40			364	153
1285	0	1			173	199
1286	264	187			167	131
1287	4	1			160	206
1288	0	0			197	197
1289	141	52			249	162
1290	158	52			252	162
1291	25	0			90	93
1292	14	0			147	202
1293	218	200			213	217
1294	83	30			206	212
1295	41	58			181	226
1296	505	512			168	190
1297	5	21			140	200
1298	0	0			218	103
1299	0	0			360	151
1300	9	104			196	145
1301	8	11			118	154
1302	0	0			120	160
1303	0	0			168	160
1304	0	0			168	120
1305	0	0			160	120
1306	0	0			202	189
1307	2	335			165	1290
1308	32	1			111	114
1309	72	854			311	147
1310	1052	15			154	167
1311	258	317			248	239
1312	0	5			292	215
1313	0	5			159	215
1314	15	0			163	220
1315	0	35			121	135
1316	0	113			119	112
1317	1138	626			232	175
1318	2	181			102	263
1319	0	0			90	87
1320	46	8			372	372
1321	714	1831			133	225
1322	0	0			96	96
1323	0	1			280	196
1324	60	75			357	276
1325	15	32			114	144
1326	27	33			192	199
1327	0	0			147	141
1328	22	40			230	214
1329	18651	646			151	151
1330	15797	17385			201	209
1331	0	0			214	169
1332	62	2			438	208
1333	111	48			226	159
1334	34	119			136	245
1335	4	8			126	123
1336	4	8			126	186
1337	4	1			129	135
1338	4	1			111	135
1339	2	0			111	262
1340	3	0			129	231
1341	128	52			218	152
1342	7	13			193	199
1343	0	2			110	93
1344	4	1			267	270
1345	2	1			270	190
1346	2	1			270	187
1347	0	2			211	182
1348	3722	21189			185	217
1349	20	5			296	173
1350	11	5			183	173
1351	20	20			148	247
1352	49	39			251	190
1353	1	11			205	114
1354	19	11			206	126
1355	68	28			251	150
1356	2	1			132	226
1357	30	16			171	147
1358	0	0			201	184
1359	9289	4042			217	109
1360	231	145			172	155
1361	231	413			172	246
1362	402	0			172	153
1363	2	94			248	308
1364	1641	3159			147	175
1365	1641	189			147	118
1366	239	5			241	169
1367	109	92			168	206
1368	6	74			286	135
1369	189	21			177	148
1370	189	28			177	148
1371	0	0			140	234
1372	5	6			142	161
1373	10	0			90	105
1374	79	74			160	176
1375	725	245			269	269
1376	1793	1570			248	177
1377	3	1570			114	177
1378	1	2			256	242
1379	13	8			151	136
1380	0	13			120	140
1381	28	59			197	181
1382	4	0			158	268
1383	1	0			153	268
1384	1	0			258	268
1385	0	0			181	268
1386	1	4			153	158
1387	1	4			258	158
1388	0	4			181	158
1389	1	1			258	153
1390	0	1			181	153
1391	1	24			121	162
1392	0	0			121	133
1393	0	0			177	133
1394	0	0			177	121
1395	5	1			141	163
1396	7	51			195	270
1397	799	856			226	221
1398	0	0			217	208
1399	18	139			160	254
1400	134	40			254	144
1401	0	0			153	298
1402	1	16			170	205
1403	10	15			205	193
1404	13	8			193	154
1405	69	128			175	190
1406	5	21			102	177
1407	5	6			246	220
1408	65	131			149	159
1409	53	20			183	125
1410	2	3			164	100
1411	2	2			226	185
1412	2	0			209	114
1413	100	84			219	302
1414	0	0			222	98
1415	90	366			177	163
1416	4	1			213	219
1417	0	3			159	342
1418	0	4			159	264
1419	443	278			285	177
1420	0	0			186	196
1421	2	4			155	213
1422	0	0			151	175
1423	1	73			148	262
1424	0	0			84	96
1425	0	0			144	93
1426	0	0			102	117
1427	0	1			133	117
1428	0	0			168	109
1429	1	1			231	109
1430	25	39			122	185
1431	7	0			708	168
1432	26	21			144	132
1433	2	2			135	168
1434	142	251			159	171
1435	2	0			221	106
1436	30	12			120	117
1437	0	0			195	171
1438	0	0			176	171
1439	114	556			124	282
1440	2	13			111	194
1441	133	136			239	326
1442	133	73			239	176
1443	136	73			326	176
1444	0	0			423	189
1445	0	0			123	192
1446	47	42			198	170
1447	0	0			246	210
1448	0	0			198	246
1449	0	0			176	130
1450	0	0			176	149
1451	60	431			197	427
1452	60	14			197	275
1453	60	14			197	121
1454	412	14			427	121
1455	431	14			427	275
1456	431	14			427	121
1457	394	53			427	143
1458	436	13			427	121
1459	399	53			427	143
1460	1	77			143	139
1461	38	78			143	139
1462	163	898			226	220
1463	3	676			143	342
1464	0	0			353	330
1465	24	49			131	160
1466	0	0			147	137
1467	0	0			114	170
1468	0	0			133	199
1469	44	0			198	87
1470	33	57			160	204
1471	161	208			181	164
1472	427	21			674	262
1473	47	18			207	133
1474	5	4			182	184
1475	10	9			184	215
1476	0	14			249	461
1477	0	13			249	461
1478	0	0			84	93
1479	1	170			173	3082
1480	0	0			110	223
1481	84	95			218	201
1482	0	4			212	425
1483	5	0			459	193
1484	5	9			137	173
1485	28	22			164	178
1486	112	97			240	198
1487	0	1			209	158
1488	63	5			163	158
1489	4152	2626			249	190
1490	39	13			186	166
1491	1	0			172	164
1492	33	0			202	156
1493	0	0			153	163
1494	0	0			78	78
1495	63	54			142	160
1496	108	83			250	188
1497	0	0			154	207
1498	1642	2555			213	240
1499	506	1297			166	219
1500	337	541			151	166
1501	337	5			151	118
1502	152	234			179	215
1503	93	72			187	139
1504	163	154			404	216
1505	24	154			139	216
1506	68	143			139	216
1507	10	1			238	192
1508	1423	178			1005	246
1509	0	0			294	99
1510	0	67			155	81
1511	0	0			128	278
1512	114	82			208	161
1513	95	116			222	194
1514	306	117			301	153
1515	112	135			153	143
1516	28	19			211	148
1517	0	1			172	183
1518	4	16			153	180
1519	0	0			134	302
1520	0	6			114	180
1521	38	0			152	92
1522	11	5			201	224
1523	17	4			266	127
1524	1	0			185	156
1525	0	14			226	280
1526	19	145			143	197
1527	19	68			143	193
1528	0	4			148	226
1529	50	12			209	138
1530	9	40			127	218
1531	3	0			163	220
1532	12	0			198	159
1533	12	0			198	292
1534	0	0			166	291
1535	0	0			190	183
1536	0	0			232	170
1537	0	0			232	211
1538	0	0			218	103
1539	0	0			360	151
1540	1	11			173	224
1541	6	289			144	252
1542	4	3			210	133
1543	7	4			159	210
1544	0	0			166	287
1545	4	2			149	149
1546	17	36			186	245
1547	0	29			105	133
1548	2	25			217	177
1549	2	33			217	193
1550	2	14			217	157
1551	2	22			217	173
1552	221	13			188	123
1553	7	1			173	193
1554	12	1			197	193
1555	1	1			214	193
1556	1	7			214	173
1557	1	12			214	197
1558	39	19			184	173
1559	76	518			199	166
1560	2	0			121	147
1561	315	143			636	154
1562	0	0			165	173
1563	3	2			195	140
1564	94	72			217	221
1565	1	1			194	227
1566	62	334			176	197
1567	337	171			197	143
1568	464	150			192	179
1569	368	496			198	252
1570	377	601			247	307
1571	20	14			161	169
1572	68	35			153	128
1573	44	140			153	263
1574	129	1219			168	1095
1575	0	0			144	131
1576	68	49			238	217
1577	266	245			175	166
1578	0	0			126	179
1579	213	74			190	131
1580	71	200			120	226
1581	67	74			120	131
1582	135	4			153	153
1583	995	482			257	190
1584	348	502			214	217
1585	39	250			122	190
1586	4	1			243	182
1587	3	0			182	121
1588	15	9			220	185
1589	2	1			166	198
1590	626	50			151	151
1591	0	6			180	201
1592	22	1			99	99
1593	11	14			134	154
1594	26	14			160	154
1595	7	0			226	169
1596	26	117			129	237
1597	33	1			125	115
1598	15	12			160	138
1599	17	14			131	188
1600	0	0			180	330
1601	0	0			258	438
1602	0	0			258	438
1603	0	0			141	259
1604	0	0			152	130
1605	0	0			150	130
1606	0	0			152	156
1607	0	0			150	156
1608	0	0			150	152
1609	0	0			150	152
1610	0	0			186	136
1611	5	2			138	167
1612	2	2			174	206
1613	173	187			141	143
1614	148	272			143	146
1615	214	248			146	133
1616	25	52			156	199
1617	1	29			146	183
1618	106	57			317	187
1619	0	0			134	581
1620	63	47			190	162
1621	40	38			201	231
1622	0	0			96	96
1623	215	30			273	159
1624	129	95			159	186
1625	8	30			198	203
1626	41	63			247	334
1627	0	0			147	141
1628	842	1045			231	254
1629	3	5			173	164
1630	16	9			187	140
1631	0	2			123	284
1632	0	2			123	273
1633	0	0			123	78
1634	2	0			284	78
1635	2	0			273	78
1636	85	19			242	121
1637	72	0			79	79
1638	42	81			304	291
1639	0	0			179	169
1640	4	8			243	252
1641	12	0			309	205
1642	12	0			275	205
1643	34	20			256	211
1644	505	22			113	136
1645	0	0			194	457
1646	0	0			115	205
1647	2	18			130	107
1648	7	18			148	107
1649	0	0			139	128
1650	0	1			108	123
1651	186	208			222	188
1652	35	73			167	253
1653	61	0			128	79
1654	0	18			164	184
1655	0	13			164	216
1656	18	13			184	216
1657	77	213			242	144
1658	114	0			178	76
1659	0	0			238	136
1660	2	0			173	270
1661	2	1			185	173
1662	1	0			201	219
1663	1	28			191	131
1664	1	28			173	131
1665	0	0			170	212
1666	0	0			456	122
1667	642	157			240	231
1668	195	264			213	266
1669	45	29			129	124
1670	2	1			195	153
1671	107	221			114	132
1672	10	20			162	162
1673	2	56			223	122
1674	0	0			215	267
1675	0	0			196	267
1676	87	425			227	603
1677	89	176			227	304
1678	30	62			213	304
1679	0	0			81	81
1680	13	62			130	288
1681	546	204			193	129
1682	2693	7630			165	378
1683	0	18			96	96
1684	0	24			96	93
1685	49	195			118	174
1686	45	84			133	155
1687	16	38			129	210
1688	2	0			395	168
1689	0	2			154	395
1690	0	1			142	150
1691	50	13			496	211
1692	0	5			114	145
1693	0	7			166	193
1694	0	1			166	188
1695	0	0			166	212
1696	0	10			166	145
1697	7	1			193	188
1698	7	0			193	212
1699	7	10			193	145
1700	1	10			188	145
1701	0	10			212	145
1702	0	0			123	192
1703	174	189			247	233
1704	0	0			151	108
1705	170	149			146	154
1706	64	20			158	146
1707	54	57			260	193
1708	2	0			126	99
1709	16	19			210	235
1710	0	1			159	177
1711	0	1			156	177
1712	3	0			209	155
1713	2	0			245	155
1714	0	0			96	90
1715	57	39			265	222
1716	26	90			172	247
1717	26	685			172	1032
1718	295	5			210	172
1719	87	87			269	230
1720	34	231			108	197
1721	1	1			1374	252
1722	119	98			243	201
1723	7	29			174	174
1724	15	52			223	345
1725	0	5			214	269
1726	0	0			144	162
1727	2	0			322	199
1728	228	51			248	306
1729	178	24			349	178
1730	41	45			173	173
1731	358	286			297	270
1732	132	128			306	230
1733	0	0			87	87
1734	0	0			165	147
1735	0	1			159	147
1736	0	44			79	260
1737	31	45			278	234
1738	8	45			188	234
1739	6	18			139	194
1740	98	214			195	183
1741	0	108			84	309
1742	0	0			165	337
1743	8	24			123	165
1744	16	6			172	191
1745	135	111			165	135
1746	137	69			186	136
1747	0	27			98	98
1748	5283	4096			351	192
1749	5283	2627			351	210
1750	157	231			191	267
1751	6	22			165	231
1752	151	252			216	210
1753	8	0			140	125
1754	55	94			151	210
1755	5	0			438	107
1756	0	3			150	187
1757	2	35			106	202
1758	47	191			138	230
1759	113	201			258	254
1760	19	2			180	90
1761	7	14			339	351
1762	0	1			111	169
1763	0	0			194	237
1764	38	145			207	161
1765	0	58			120	171
1766	141	114			266	223
1767	0	0			153	153
1768	50	34			114	168
1769	1	586			132	290
1770	293	85			212	143
1771	2	28			194	178
1772	0	3			152	194
1773	0	3			105	194
1774	0	0			105	152
1775	0	0			354	354
1776	131	127			239	213
1777	138	29			152	203
1778	0	12			126	245
1779	0	238			82	163
1780	0	10			210	231
1781	59	7			309	240
1782	269	176			1063	165
1783	11	3			120	132
1784	38	2			198	292
1785	38	3			198	159
1786	36	0			163	220
1787	210	12158			200	183
1788	6893	12158			111	183
1789	55	60			110	125
1790	187	60			158	125
1791	0	0			147	209
1792	53	67			152	202
1793	12	21			181	104
1794	151	61			169	126
1795	97	266			129	196
1796	0	77			147	147
1797	27	22			189	238
1798	0	0			208	237
1799	2	0			241	214
1800	0	2			193	215
1801	0	5			193	295
1802	2	5			215	295
1803	1	184			215	226
1804	1	139			215	364
1805	0	4			106	106
1806	0	0			100	100
1807	177	663			181	812
1808	177	123			181	314
1809	1503	4			177	174
1810	2904	4			156	174
1811	0	0			219	157
1812	1489	2459			214	240
1813	254	253			269	237
1814	581	0			267	175
1815	240	62			168	108
1816	27	186			232	156
1817	27	329			232	191
1818	86	227			150	191
1819	27	242			232	236
1820	0	2			159	239
1821	0	3			159	305
1822	0	0			131	159
1823	343	247			172	172
1824	94	159			156	213
1825	119	92			163	156
1826	36	23			163	182
1827	83	0			84	87
1828	2317	154			163	119
1829	1091	46			132	428
1830	17	0			138	115
1831	54	37			259	180
1832	127	349			159	228
1833	0	60			230	193
1834	0	0			258	240
1835	67	188			162	268
1836	0	0			361	108
1837	2	30			124	192
1838	12	23			215	229
1839	2	25			164	229
1840	12	4			215	164
1841	289	338			265	244
1842	4	0			141	192
1843	17	0			247	137
1844	4	0			367	137
1845	4	17			367	247
1846	83	92			258	233
1847	926	532			227	157
1848	0	0			123	192
1849	209	695			168	151
1850	823	603			225	794
1851	230	3			224	99
1852	230	240			224	234
1853	2	94			118	187
1854	169	85			197	135
1855	0	0			93	126
1856	2	79			168	168
1857	0	0			193	251
1858	0	0			167	193
1859	0	15			218	292
1860	51	35			247	179
1861	37	5			183	129
1862	6	1			165	205
1863	7	5			490	143
1864	113	57			216	180
1865	0	0			168	98
1866	0	0			168	98
1867	277	218			287	231
1868	61	384			167	235
1869	259	195			156	144
1870	33	293			114	168
1871	23	1			219	128
1872	3	7			293	359
1873	208	179			227	232
1874	69	146			150	194
1875	87	54			200	139
1876	144	2661			3036	5337
1877	418	219			266	156
1878	30	10			207	161
1879	0	1			164	145
1880	78	79			267	223
1881	60	9			235	176
1882	215	180			233	228
1883	174	221			228	237
1884	138	264			237	225
1885	200	269			237	225
1886	2	0			247	255
1887	0	2			129	114
1888	200	394			185	235
1889	80	537			400	235
1890	20	166			135	193
1891	28	75			142	252
1892	0	0			144	197
1893	0	0			144	157
1894	0	19			159	243
1895	6	3			150	132
1896	397	231			207	200
1897	1046	327			342	204
1898	4	5			142	217
1899	0	6			96	93
1900	0	0			168	98
1901	0	0			168	98
1902	10	4			120	247
1903	71	2150			200	197
1904	160	2150			304	197
1905	0	0			156	207
1906	13	8			222	208
1907	3	4			188	231
1908	108	14			205	157
1909	142	37			159	159
1910	142	171			159	159
1911	321	197			267	159
1912	2	0			99	132
1913	18	178			150	234
1914	18	138			150	135
1915	178	138			234	135
1916	108	163			203	226
1917	0	5			149	364
1918	0	0			149	152
1919	67	287			220	758
1920	41	17			168	217
1921	41	12			168	217
1922	25	57			220	261
1923	52	36			309	169
1924	47	36			261	169
1925	83	85			159	200
1926	79	169			198	241
1927	29	56			149	151
1928	53	45			151	173
1929	101	46			231	129
1930	0	166			153	294
1931	0	0			77	401
1932	67	234			146	146
1933	174	273			182	139
1934	19	75			167	207
1935	45	0			167	80
1936	44	115			227	286
1937	5450	6313			192	202
1938	1593	1164			177	135
1939	64	77			234	230
1940	81	22			230	142
1941	19	140			153	653
1942	90	201			229	296
1943	239	1			187	135
1944	270	16			155	155
1945	319	69			144	144
1946	27	17			259	210
1947	0	0			111	153
1948	9	57			236	236
1949	76	96			209	234
1950	2735	2288			274	180
1951	1026	1995			180	162
1952	277	806			137	218
1953	6	12			180	270
1954	12	11			316	270
1955	0	8			325	180
1956	0	0			167	167
1957	0	0			235	79
1958	36	7			234	132
1959	43	4			234	159
1960	5	0			125	168
1961	4	0			125	168
1962	0	0			127	168
1963	4	0			125	168
1964	2	1			131	125
1965	24	27			202	185
1966	40	30			161	195
1967	0	0			116	158
1968	2	4			168	168
1969	9	1			180	180
1970	0	4			180	180
1971	2	3			217	250
1972	41	881			144	1116
1973	810	106			1116	175
1974	1	0			153	225
1975	2	1			177	156
1976	0	0			175	205
1977	131	251			187	262
1978	0	0			159	152
1979	100	140			160	224
1980	595	2480			156	141
1981	162	220			231	238
1982	3	0			127	195
1983	5	93			133	178
1984	3	1			104	155
1985	69	87			183	188
1986	24	106			196	475
1987	18	19			196	208
1988	0	0			132	169
1989	33	0			207	192
1990	688	459			231	184
1991	0	0			93	93
1992	0	0			93	228
1993	29	33			167	141
1994	32	65			191	191
1995	24	18			167	220
1996	23	7			167	220
1997	23	24			167	149
1998	7	24			220	149
1999	2	23			149	128
2000	13	24			149	128
2001	76	411			166	166
2002	0	0			171	114
2003	0	0			174	114
2004	0	0			194	173
2005	0	0			194	197
2006	0	5			194	196
2007	0	11			194	303
2008	0	0			134	173
2009	0	0			134	197
2010	0	10			134	196
2011	0	0			173	197
2012	5	11			196	303
2013	240	24			278	177
2014	2	0			195	174
2015	0	0			247	137
2016	0	0			367	137
2017	0	0			367	247
2018	9	459			154	189
2019	540	308			189	205
2020	540	458			189	195
2021	308	458			205	195
2022	304	1538			205	219
2023	304	1473			205	216
2024	0	0			171	228
2025	19	0			196	122
2026	2	136			161	248
2027	129	203			205	233
2028	33	11			210	179
2029	5	8			189	220
2030	776	960			160	170
2031	288	845			119	160
2032	39	17			238	162
2033	679	4			417	114
2034	608	4			372	114
2035	43	79			114	153
2036	0	18			135	117
2037	2	18			108	117
2038	2	0			108	135
2039	1	1			108	135
2040	115	10			148	148
2041	72	2993			180	2209
2042	10	22			142	163
2043	13	22			120	163
2044	17	18			161	142
2045	0	14			120	142
2046	3	12			117	161
2047	16	12			120	161
2048	2	12			117	161
2049	2	12			120	161
2050	2	27			179	259
2051	14	35			259	333
2052	0	0			162	153
2053	3	0			135	147
2054	2	18			115	130
2055	4	50			115	130
2056	6	25			121	249
2057	9	12			159	159
2058	0	0			237	237
2059	1	0			133	122
2060	1	13			133	250
2061	0	13			122	250
2062	71	31			198	201
2063	0	8			93	93
2064	7	22			121	156
2065	38	7			199	121
2066	0	77			123	243
2067	184	51			156	117
2068	5375	6069			212	224
2069	0	0			121	190
2070	0	0			190	199
2071	0	0			121	190
2072	0	0			84	84
2073	0	0			156	84
2074	0	0			156	84
2075	93	6			228	171
2076	24	4			147	147
2077	115	300			168	256
2078	127	169			159	133
2079	1	2			249	244
2080	0	0			150	164
2081	1346	778			168	180
2082	317	493			139	231
2083	24	35			174	149
2084	1	0			108	108
2085	0	11			251	525
2086	34	13			163	129
2087	5	7			165	179
2088	327	508			273	324
2089	1102	876			267	245
2090	353	392			154	146
2091	353	452			154	161
2092	307	452			146	161
2093	29	146			195	420
2094	330	206			251	247
2095	0	5			151	172
2096	1	2			165	129
2097	98	105			205	228
2098	69	18			161	162
2099	79	42			161	162
2100	68	13			161	162
2101	533	294			224	167
2102	388	438			227	224
2103	0	0			109	204
2104	3	3			159	159
2105	8	50			196	392
2106	1	0			126	150
2107	0	0			105	150
2108	90	112			142	158
2109	25	26			300	165
2110	0	1			152	187
2111	0	1			152	267
2112	1	1			187	267
2113	8	8			123	167
2114	0	6			93	93
2115	5	10			158	228
2116	7222	1978			208	156
2117	1443	11366			171	208
2118	53	34			142	136
2119	11	29			144	197
2120	8	6			211	198
2121	0	0			115	118
2122	97	52			234	144
2123	30	15			197	123
2124	0	110			139	174
2125	72	53			207	213
2126	7	2			160	166
2127	27	3			143	166
2128	24	38			143	210
2129	0	0			190	169
2130	13	0			99	126
2131	0	0			99	102
2132	0	0			102	126
2133	0	0			102	129
2134	82	20			204	102
2135	27	25			204	204
2136	0	0			180	201
2137	0	0			168	98
2138	0	0			168	98
2139	3	7			139	171
2140	3	3			186	199
2141	7	0			198	247
2142	0	1			153	169
2143	0	7			157	156
2144	147	25			135	141
2145	74	93			261	261
2146	0	0			147	127
2147	5	52			163	162
2148	70	4			175	109
2149	38	13			142	175
2150	12	21			174	129
2151	1	1			102	99
2152	42	55			160	162
2153	0	5			97	200
2154	724	352			298	183
2155	436	846			194	235
2156	82	88			172	162
2157	148	99			200	233
2158	421	544			186	193
2159	186	289			173	209
2160	0	0			93	90
2161	0	54			102	245
2162	0	33			102	197
2163	124	128			162	201
2164	0	0			206	99
2165	0	17			148	78
2166	4	0			123	99
2167	23	42			240	216
2168	494	299			159	135
2169	36	30			209	142
2170	114	101			237	195
2171	632	116			235	96
2172	1	0			144	81
2173	0	0			120	150
2174	370	7			171	156
2175	38	51			101	171
2176	34	678			184	915
2177	14	0			108	96
2178	18	0			189	96
2179	18	14			189	108
2180	0	0			192	111
2181	1	66			158	182
2182	1	132			158	208
2183	122	132			205	231
2184	68	34			167	175
2185	11	22			150	209
2186	0	1			162	168
2187	0	26			125	231
2188	35	26			172	236
2189	0	0			327	185
2190	0	0			338	200
2191	19	0			151	97
2192	570	1177			212	216
2193	570	1563			212	284
2194	245	326			139	212
2195	274	619			139	212
2196	2	1			210	156
2197	5	0			189	117
2198	85	90			157	149
2199	67	70			123	162
2200	0	2			336	192
2201	0	2			192	192
2202	0	2			243	192
2203	0	0			243	192
2204	0	0			336	192
2205	0	0			336	243
2206	0	0			177	336
2207	29	32			166	151
2208	51	7			215	212
2209	0	0			193	192
2210	6	61			111	170
2211	349	857			165	238
2212	11	20			137	83
2213	6	1			177	129
2214	1	5			198	207
2215	1	0			87	87
2216	20	5			197	157
2217	46	104			162	208
2218	73	97			218	151
2219	479	7			173	179
2220	184	100			166	140
2221	111	317			138	189
2222	126	134			219	201
2223	0	7			198	229
2224	87	76			249	159
2225	115	187			259	212
2226	170	227			212	211
2227	170	90			212	133
2228	210	89			211	133
2229	301	301			230	192
2230	154	2			120	162
2231	71	153			120	155
2232	196	103			247	153
2233	87	173			153	189
2234	0	1			176	231
2235	0	1			232	292
2236	5	13			165	146
2237	2	13			164	146
2238	2	5			164	165
2239	25	70			222	285
2240	483	193			263	191
2241	87	200			207	191
2242	61	200			181	191
2243	0	0			233	265
2244	0	0			210	247
2245	2	0			268	223
2246	78	32			226	147
2247	194	8			372	136
2248	30	16			231	174
2249	28	15			220	217
2250	5	1			234	213
2251	117	0			263	183
2252	8	232			168	180
2253	0	0			138	255
2254	0	0			138	255
2255	0	0			153	255
2256	0	0			153	138
2257	0	0			153	138
2258	162	390			219	216
2259	140	67			253	180
2260	0	1			291	170
2261	205	230			181	217
2262	15	26			145	150
2263	0	0			139	164
2264	91	65			218	150
2265	127	21			165	132
2266	40	31			273	270
2267	0	0			182	300
2268	203	82			279	198
2269	107	49			198	152
2270	0	3			108	194
2271	330	142			392	157
2272	46	70			162	223
2273	0	0			144	147
2274	0	1			660	304
2275	771	247			193	177
2276	0	0			226	220
2277	153	111			179	151
2278	0	0			83	77
2279	180	688			138	180
2280	0	0			176	133
2281	0	0			157	196
2282	0	0			164	87
2283	0	0			87	222
2284	2	0			190	190
2285	79	95			149	191
2286	107	190			162	202
2287	107	168			162	254
2288	30	91			161	236
2289	48	36			205	150
2290	37	0			212	114
2291	37	114			299	229
2292	35	314			150	136
2293	2	15			118	169
2294	116	97			192	198
2295	179	261			234	300
2296	0	0			262	183
2297	30	65			178	236
2298	598	623			189	168
2299	358	4029			198	1299
2300	10	34			167	197
2301	501	681			180	222
2302	0	10			168	191
2303	0	14			168	291
2304	0	1			168	183
2305	55	66			184	153
2306	55	96			184	196
2307	70	234			134	291
2308	2	0			159	141
2309	18	22			160	213
2310	7	1			163	164
2311	0	0			123	165
2312	62	3			219	213
2313	0	0			167	167
2314	0	0			164	129
2315	109	119			151	147
2316	2	14			169	170
2317	0	0			125	212
2318	118	128			268	225
2319	32	70			293	231
2320	1	0			190	129
2321	512	207			243	243
2322	5	0			177	133
2323	5	94			184	149
2324	15	187			184	149
2325	0	0			129	156
2326	1071	1948			174	297
2327	48	104			126	158
2328	0	0			130	159
2329	0	0			93	159
2330	190	491			156	221
2331	2	0			199	169
2332	5	0			193	169
2333	5	2			193	199
2334	14	12			148	153
2335	16	10			156	148
2336	92	105			180	199
2337	16	23			153	126
2338	0	3			120	90
2339	0	0			120	90
2340	3	0			90	90
2341	65	31			239	144
2342	50	74			112	142
2343	111	148			172	178
2344	93	110			228	144
2345	0	0			168	98
2346	0	0			168	98
2347	59	310			162	252
2348	59	180			162	175
2349	406	267			184	145
2350	30	90			490	166
2351	0	90			109	166
2352	0	30			109	490
2353	21	214			170	329
2354	21	89			170	227
2355	13	14			216	207
2356	12	6			216	183
2357	5	4			135	149
2358	2	12			187	135
2359	20	24			158	124
2360	305	4			108	111
2361	0	1			143	134
2362	182	88			209	105
2363	82	164			105	141
2364	42	99			506	571
2365	6	24			135	153
2366	281	313			208	183
2367	0	0			172	140
2368	200	43			235	189
2369	23	0			176	149
2370	23	145			176	280
2371	0	141			149	249
2372	55	64			247	252
2373	169	842			128	218
2374	735	407			218	163
2375	67	99			151	164
2376	0	0			223	168
2377	0	2			1325	189
2378	0	0			234	169
2379	0	2			234	189
2380	0	2			169	189
2381	2	1			189	213
2382	2	0			213	186
2383	2	0			213	274
2384	0	0			187	186
2385	0	0			186	274
2386	142	274			195	285
2387	18	40			149	220
2388	360	138			236	196
2389	0	0			174	134
2390	3	4			147	175
2391	1530	1693			180	171
2392	299	435			168	178
2393	0	0			221	255
2394	0	7			190	192
2395	33	1			150	87
2396	10	1			87	87
2397	2	2			138	255
2398	0	2			138	255
2399	2	2			153	255
2400	2	0			153	138
2401	2	1			153	138
2402	90	25			99	114
2403	228	239			198	177
2404	72	67			105	103
2405	357	490			165	193
2406	0	0			220	664
2407	6	83			221	235
2408	23	2			206	210
2409	20	2			221	210
2410	5116	1			206	77
2411	4730	1252			206	145
2412	354	1416			145	179
2413	0	2			248	248
2414	2	0			127	127
2415	0	4			248	248
2416	0	0			127	127
2417	0	0			127	127
2418	0	0			127	127
2419	1	116			167	221
2420	0	0			169	126
2421	19	71			167	183
2422	3	1			156	150
2423	67	161			147	260
2424	3	0			135	154
2425	58	8			440	210
2426	1	2			198	230
2427	43	214			116	200
2428	90	0			87	87
2429	90	6			87	193
2430	0	0			218	103
2431	0	0			360	151
2432	1	17			112	184
2433	548	294			158	125
2434	9	3			157	116
2435	16	3			181	116
2436	9	21			157	169
2437	16	21			181	169
2438	1436	1252			231	219
2439	28	16			174	134
2440	0	9			102	99
2441	7	1926			151	1631
2442	2	0			191	214
2443	59	8			197	106
2444	251	159			285	237
2445	13	6			129	141
2446	0	0			230	204
2447	2	0			217	204
2448	111	74			171	157
2449	3	12			200	175
2450	39	62			119	213
2451	4	1			150	178
2452	0	0			136	167
2453	0	0			207	218
2454	0	2			193	192
2455	0	195			111	121
2456	586	1381			164	281
2457	26	1381			158	281
2458	110	275			141	312
2459	0	0			166	224
2460	11	39			141	165
2461	62	12			202	104
2462	35	12			264	104
2463	56	68			172	173
2464	1473	2072			220	204
2465	884	2072			215	204
2466	0	0			99	99
2467	0	0			134	99
2468	6	1			152	134
2469	3	1			152	134
2470	1	0			167	167
2471	0	8			83	83
2472	2	0			83	110
2473	2	1			83	83
2474	0	1			110	83
2475	3	2			132	141
2476	0	18			99	99
2477	2	20			120	117
2478	17	4			162	153
2479	0	13			92	95
2480	5	10			95	129
2481	150	183			282	332
2482	514	1690			242	242
2483	24	102			259	583
2484	283	93			194	92
2485	239	93			245	92
2486	0	0			111	274
2487	51	2			158	108
2488	0	0			147	207
2489	0	0			129	163
2490	0	0			129	213
2491	0	0			129	173
2492	0	5			129	209
2493	0	0			129	178
2494	0	0			213	173
2495	0	5			213	209
2496	0	0			213	178
2497	0	0			153	215
2498	0	5			173	209
2499	0	0			173	178
2500	0	0			173	215
2501	5	0			209	178
2502	1	0			181	178
2503	0	0			178	123
2504	499	235			291	179
2505	10	9			166	152
2506	2	0			278	473
2507	1	1			166	234
2508	166	228			147	174
2509	4	30			166	138
2510	0	0			163	146
2511	11	239			232	166
2512	23	36			109	143
2513	53	88			186	194
2514	1	58			139	148
2515	0	0			154	144
2516	1	0			200	274
2517	150	90			191	147
2518	33	43			144	196
2519	49	5			342	150
2520	38	8			376	143
2521	96	78			195	167
2522	14	57			121	260
2523	259	183			190	153
2524	0	0			163	111
2525	0	0			169	203
2526	0	0			196	203
2527	18	3			176	120
2528	3	0			196	220
2529	179	116			223	181
2530	32	54			122	196
2531	6	0			177	117
2532	399	313			390	198
2533	4	1215			129	639
2534	62	7			177	243
2535	0	1			150	109
2536	0	7			94	94
2537	418	230			204	165
2538	25	27			183	183
2539	18	25			183	183
2540	530	25			204	183
2541	530	18			204	183
2542	0	1			121	133
2543	17	22			130	144
2544	21	11			145	164
2545	10	43			145	208
2546	0	0			126	193
2547	208	435			215	260
2548	0	0			119	326
2549	0	0			202	99
2550	0	0			116	99
2551	0	0			116	202
2552	0	0			173	205
2553	0	0			210	173
2554	49	36			237	306
2555	0	17			227	217
2556	8	14			167	202
2557	3	0			285	278
2558	2	471			186	358
2559	2	186			186	186
2560	253	296			189	252
2561	32	19			258	258
2562	5	8			165	149
2563	10	54			168	216
2564	0	59			179	179
2565	75	4			135	135
2566	26	82			159	159
2567	41	32			153	108
2568	58	32			159	108
2569	27	45			159	108
2570	14	22			288	180
2571	222	464			131	202
2572	144	152			229	177
2573	0	0			193	192
2574	32	3			264	111
2575	0	5			174	138
2576	0	22			174	297
2577	29	17			423	357
2578	67	15			180	168
2579	0	0			123	192
2580	0	0			143	137
2581	68	39			173	150
2582	0	0			151	220
2583	1	3			201	240
2584	0	12			78	78
2585	0	0			93	93
2586	148	108			150	364
2587	11	11			195	195
2588	180	0			163	198
2589	0	0			90	78
2590	0	0			117	78
2591	1	12			168	177
2592	35	77			130	186
2593	151	350			198	456
2594	22	2			169	215
2595	63	155			145	231
2596	13	9			240	231
2597	174	291			213	286
2598	252	13			213	210
2599	28	0			210	210
2600	28	12			149	117
2601	5	7			270	258
2602	4	5			210	270
2603	0	13			127	340
2604	12	4			172	163
2605	2	0			204	162
2606	2	3			179	225
2607	102	81			189	171
2608	0	0			202	366
2609	71	12			171	169
2610	0	1			186	186
2611	36	7			198	192
2612	29	8			272	137
2613	103	14			256	113
2614	113	14			225	113
2615	98	16			256	113
2616	5	0			321	167
2617	10	56			130	193
2618	0	0			464	228
2619	143	224			183	216
2620	0	1			182	163
2621	1	5			125	411
2622	96	82			201	217
2623	246	96			191	173
2624	245	162			191	173
2625	299	47			173	192
2626	2	38			182	311
2627	59	214			251	315
2628	62	70			164	151
2629	18	10			155	170
2630	18	19			155	257
2631	0	7			157	203
2632	607	674			273	297
2633	6	50			178	332
2634	6	2			178	182
2635	50	2			332	182
2636	87	161			261	273
2637	0	64			78	197
2638	9	22			200	156
2639	10	22			216	156
2640	10	6			124	117
2641	12	2			207	161
2642	0	0			161	161
2643	2	1			132	120
2644	3	1			141	138
2645	194	223			142	181
2646	0	6			93	93
2647	5	54			90	228
2648	159	126			286	221
2649	116	81			221	186
2650	0	0			131	141
2651	8	0			179	96
2652	46	42			261	257
2653	8	0			816	211
2654	5	60			337	536
2655	2	2			261	213
2656	0	6			160	245
2657	0	0			160	188
2658	0	0			175	208
2659	0	0			158	175
2660	2	1			81	170
2661	17	49			147	249
2662	0	0			163	390
2663	2	46			194	397
2664	4	9			145	226
2665	1	2			130	178
2666	0	0			138	120
2667	29	59			168	209
2668	32	1			208	127
2669	117	19			899	245
2670	7	16			119	125
2671	0	2			368	152
2672	386	332			247	220
2673	57	2			206	116
2674	9005	8126			260	243
2675	0	0			81	81
2676	0	0			172	172
2677	379	318			160	134
2678	101	43			154	116
2679	26	28			264	264
2680	306	442			165	184
2681	1	0			173	192
2682	187	103			238	174
2683	0	1			307	192
2684	71	37			315	115
2685	1	3			225	164
2686	0	0			145	160
2687	224	197			189	189
2688	151	175			189	137
2689	12	36			141	245
2690	93	310			124	210
2691	54	1			160	144
2692	12	11			154	177
2693	12	33			154	177
2694	0	0			123	173
2695	0	0			93	93
2696	3	0			187	137
2697	3	0			240	240
2698	0	0			251	135
2699	0	1			191	133
2700	1	2			133	332
2701	1014	999			154	144
2702	142	146			149	171
2703	415	559			232	204
2704	24	14			180	121
2705	11	4			126	126
2706	11	11			126	138
2707	2	9			126	138
2708	58	7			173	199
2709	3	7			149	199
2710	3	58			149	173
2711	11	60			184	173
2712	57	125			138	188
2713	69	56			201	224
2714	32	32			355	269
2715	162	183			176	215
2716	50	94			165	156
2717	50	24			165	153
2718	38	18			156	117
2719	81	105			197	210
2720	66	108			146	149
2721	15	118			171	247
2722	7	33			161	161
2723	28	37			194	226
2724	173	129			188	150
2725	129	315			150	222
2726	0	0			198	152
2727	19	19			142	113
2728	142	94			327	204
2729	68	133			179	201
2730	18	31			162	196
2731	129	144			136	127
2732	0	0			189	199
2733	34	22			156	177
2734	34	10			947	255
2735	134	108			127	125
2736	502	35			257	158
2737	2	0			193	125
2738	1	6			178	308
2739	150	6			325	308
2740	150	1			325	178
2741	279	512			152	152
2742	145	506			147	172
2743	0	0			168	98
2744	0	0			168	98
2745	11	1			224	157
2746	12	1			218	157
2747	6	3			190	160
2748	6	1			190	168
2749	3	1			160	168
2750	0	0			157	114
2751	8	29			171	197
2752	58	68			177	220
2753	0	0			123	192
2754	15493	17824			204	186
2755	8095	8646			191	208
2756	20	167			141	390
2757	165	22			390	123
2758	0	0			96	99
2759	3	1			248	171
2760	7	1			184	125
2761	218	286			231	244
2762	234	334			218	190
2763	43	133			153	185
2764	85	45			188	153
2765	4	7			147	147
2766	1	6			147	147
2767	0	5			155	192
2768	83	71			277	271
2769	35	1914			118	585
2770	30	1092			118	296
2771	7	1			218	180
2772	7	1			173	180
2773	0	0			94	94
2774	0	0			87	87
2775	0	0			87	87
2776	0	0			87	87
2777	0	0			172	172
2778	8	13			167	158
2779	24	95			182	312
2780	93	177			213	279
2781	181	10			234	196
2782	1447	345			729	238
2783	74	1498			138	729
2784	10	6			268	297
2785	6	6			199	297
2786	0	0			219	210
2787	124	23			186	151
2788	15	56			166	188
2789	1	0			141	243
2790	2	0			141	243
2791	16	7			186	182
2792	50	18			273	144
2793	417	37			263	236
2794	5	14			154	187
2795	5	62			154	146
2796	5	43			154	137
2797	14	62			187	146
2798	14	43			187	137
2799	4	8			165	147
2800	52	43			198	234
2801	277	160			175	120
2802	71	120			180	175
2803	0	0			123	192
2804	47	89			173	124
2805	501	534			153	161
2806	28	19			138	168
2807	73	58			140	103
2808	7	16			174	214
2809	0	8			218	306
2810	0	9			218	226
2811	8	9			306	226
2812	0	0			226	199
2813	498	4			145	147
2814	10	20			150	147
2815	10	216			150	289
2816	5	30			146	147
2817	0	0			194	181
2818	133	11			207	161
2819	3	0			173	247
2820	3	0			186	247
2821	0	0			166	247
2822	180	313			167	246
2823	76	121			159	221
2824	120	142			175	237
2825	220	70			172	128
2826	66	54			247	204
2827	171	187			205	172
2828	17	19			177	173
2829	105	582			129	292
2830	96	101			182	197
2831	96	45			182	358
2832	362	297			212	165
2833	7	297			144	165
2834	362	381			212	197
2835	164	319			131	212
2836	5	125			125	122
2837	84	202			199	237
2838	4	141			129	178
2839	23	46			132	117
2840	36	61			117	162
2841	237	141			621	795
2842	431	835			320	482
2843	107	137			144	179
2844	0	0			109	143
2845	0	0			186	194
2846	37	36			171	148
2847	4	0			219	189
2848	1	0			216	189
2849	4	6			126	148
2850	4	11			126	148
2851	4	5			126	148
2852	11	5			148	148
2853	9	0			148	148
2854	5	1608			102	237
2855	184	718			145	344
2856	343	718			182	344
2857	152	122			213	135
2858	76	33			159	104
2859	62	65			173	204
2860	98	75			123	154
2861	207	198			258	254
2862	158	192			188	261
2863	0	1			189	177
2864	66	0			196	160
2865	25	249			168	867
2866	239	777			299	759
2867	15	148			120	117
2868	0	0			387	366
2869	0	0			366	207
2870	17	14			276	202
2871	37	26			154	118
2872	11	82			138	156
2873	36	14			201	127
2874	1	219			197	277
2875	6	10			160	248
2876	9	5			204	160
2877	0	0			140	213
2878	87	147			168	132
2879	0	0			123	140
2880	0	21			232	460
2881	107	167			159	190
2882	0	0			123	192
2883	56	27			258	178
2884	262	97			561	206
2885	71	160			165	291
2886	811	292			165	100
2887	36	292			138	100
2888	846	875			165	138
2889	1180	1002			174	165
2890	498	669			145	136
2891	0	2			147	150
2892	243	1215			134	170
2893	41	2			352	180
2894	20	2			223	180
2895	36	3			352	180
2896	4	3			130	180
2897	217	3			156	180
2898	217	36			156	352
2899	217	4			156	130
2900	222	1			215	103
2901	83	170			143	215
2902	2	280			186	320
2903	117	12			899	245
2904	455	981			198	347
2905	26	27			208	219
2906	0	10			142	116
2907	0	0			195	386
2908	118	36			348	122
2909	0	0			226	148
2910	1143	714			209	144
2911	709	771			144	213
2912	709	2747			144	306
2913	2411	866			306	138
2914	11	73			180	279
2915	52	0			203	338
2916	44	43			147	150
2917	330	279			225	207
2918	69	279			174	207
2919	1	0			192	228
2920	65	636			245	245
2921	10	30			126	212
2922	0	0			195	219
2923	39	70			169	202
2924	59	31			202	139
2925	97	30			136	98
2926	16	20			204	177
2927	49	67			179	168
2928	0	0			96	102
2929	0	1			96	96
2930	262	103			214	214
2931	102	1			87	87
2932	40	39			170	202
2933	0	0			177	162
2934	0	0			205	177
2935	0	0			132	205
2936	0	0			241	273
2937	24	58			201	191
2938	9	29			172	164
2939	0	1			403	121
2940	0	0			109	165
2941	0	9			247	196
2942	0	9			173	196
2943	2	9			228	196
2944	0	9			197	196
2945	0	0			173	247
2946	2	0			228	247
2947	0	0			197	247
2948	2	0			228	173
2949	0	0			197	173
2950	0	2			197	228
2951	5	22			134	143
2952	0	0			123	192
2953	98	286			136	178
2954	2	272			136	178
2955	196	272			186	178
2956	196	2			186	136
2957	215	113			186	136
2958	99	129			162	148
2959	0	0			90	198
2960	68	100			232	236
2961	0	0			129	129
2962	68	220			184	192
2963	0	0			78	78
2964	0	0			78	78
2965	0	0			78	78
2966	0	0			220	220
2967	105	144			207	194
2968	0	2			179	179
2969	2	0			159	159
2970	428	378			244	177
2971	8	41			100	141
2972	160	108			190	155
2973	115	75			333	297
2974	0	0			96	213
2975	0	0			208	147
2976	70	24			206	203
2977	0	7			159	147
2978	3	5			141	135
2979	23	30			128	146
2980	4	2			198	171
2981	55	1			158	108
2982	0	0			209	155
2983	7	13			387	327
2984	1088	1398			245	262
2985	1107	1160			250	245
2986	14	9			220	173
2987	457	405			240	189
2988	49	13			168	105
2989	12	13			117	105
2990	4	12			155	148
2991	174	306			186	156
2992	638	1180			153	204
2993	123	78			273	279
2994	31	42			161	148
2995	20	13			101	130
2996	44	52			189	133
2997	42	79			182	177
2998	29	79			284	177
2999	196	273			200	192
3000	381	16			228	261
3001	0	315			119	218
3002	2	5			159	159
3003	0	0			123	181
3004	0	1			190	152
3005	32	0			237	132
3006	131	390			119	217
3007	0	0			138	195
3008	8	366			101	196
3009	0	0			192	221
3010	0	0			177	221
3011	0	0			177	192
3012	0	0			148	214
3013	0	0			187	214
3014	0	0			138	140
3015	0	0			261	386
3016	0	0			128	261
3017	0	0			246	261
3018	2	0			168	98
3019	5	1			168	98
3020	71	44			267	158
3021	56	110			224	192
3022	56	65			224	338
3023	92	160			192	311
3024	0	0			147	141
3025	7	33			154	225
3026	57	89			180	181
3027	18	1			165	129
3028	3	0			96	96
3029	16	24			161	230
3030	6	138			168	128
3031	80	115			154	173
3032	1250	1947			205	227
3033	9	25			123	146
3034	17	15			141	123
3035	8	23			129	149
3036	6	14			221	139
3037	4	13			212	221
3038	172	109			155	177
3039	138	113			140	177
3040	133	187			183	180
3041	0	0			147	141
3042	16	24			249	248
3043	41	13			233	173
3044	4	58			121	157
3045	0	0			173	130
3046	653	487			201	182
3047	20	45			168	215
3048	51	19			226	168
3049	12	49			154	230
3050	18	15			130	191
3051	0	0			184	219
3052	287	144			136	186
3053	287	2125			136	715
3054	0	0			168	153
3055	0	8			110	241
3056	0	0			168	184
3057	0	3			155	114
3058	0	0			102	132
3059	104	106			193	174
3060	9	5			198	180
3061	333	213			184	126
3062	1	5			223	168
3063	17	29			178	250
3064	37	80			693	678
3065	3	110			173	339
3066	195	0			538	116
3067	9	0			132	116
3068	47	36			271	161
3069	14	30			120	144
3070	414	416			254	170
3071	414	321			254	144
3072	596	594			187	171
3073	318	328			214	156
3074	0	70			81	165
3075	78	49			192	177
3076	60	70			177	190
3077	56	53			190	183
3078	13	17			135	135
3079	13	15			159	135
3080	6	25			132	159
3081	6	4			150	147
3082	0	0			145	159
3083	0	1			190	190
3084	4	12			208	164
3085	4	5			116	208
3086	5	0			87	151
3087	0	0			218	103
3088	0	0			360	151
3089	0	0			150	275
3090	64	92			162	234
3091	4	1			197	156
3092	0	4			194	128
3093	0	0			169	174
3094	0	0			152	148
3095	11	51			152	253
3096	1	6			162	178
3097	1	1			162	112
3098	30	42			190	240
3099	99	77			283	183
3100	1	0			203	191
3101	90	3			145	214
3102	6	30			165	401
3103	0	1			105	147
