ID	IJC_SAMPLE_1	SJC_SAMPLE_1	IJC_SAMPLE_2	SJC_SAMPLE_2	IncFormLen	SkipFormLen
0	0	0			150	137
1	0	0			150	137
2	0	0			150	150
3	0	0			150	98
4	0	0			150	98
5	0	0			138	150
6	0	0			138	150
7	0	0			150	150
8	0	0			150	138
9	0	0			150	138
10	0	0			150	137
11	0	0			150	137
12	0	0			150	150
13	0	0			138	150
14	0	0			138	150
15	0	0			150	150
16	0	0			150	138
17	0	0			150	138
18	0	0			123	150
19	0	0			150	137
20	0	0			150	137
21	0	0			150	150
22	0	0			138	150
23	0	0			138	150
24	0	0			150	150
25	0	0			150	138
26	0	0			150	138
27	0	0			150	150
28	0	0			150	108
29	0	0			150	111
30	0	0			123	150
31	0	0			150	137
32	0	0			150	137
33	0	0			150	150
34	0	0			138	150
35	0	0			138	150
36	0	0			150	150
37	0	0			150	138
38	0	0			150	138
39	0	0			123	150
40	0	0			150	137
41	0	0			150	137
42	0	0			150	150
43	0	0			150	98
44	0	0			150	98
45	0	0			150	111
46	0	0			150	150
47	0	0			150	150
48	0	0			150	150
49	0	0			147	141
50	0	0			150	103
51	0	0			150	150
52	0	0			150	150
53	0	0			111	150
54	0	0			150	103
55	0	0			150	150
56	0	0			147	141
57	0	0			150	103
58	0	0			150	150
59	0	0			150	150
60	0	0			147	141
61	0	0			111	150
62	0	0			150	150
63	0	0			147	141
64	0	0			150	150
65	0	0			150	103
66	0	0			150	150
67	0	0			84	102
68	0	0			148	150
69	0	0			150	150
70	0	0			150	150
71	0	0			141	150
72	0	0			138	150
73	0	0			150	150
74	0	0			99	126
75	0	0			99	102
76	0	0			102	126
77	0	0			102	129
78	0	0			150	150
79	0	0			150	150
80	0	0			150	150
81	0	0			150	121
82	0	0			150	150
83	0	0			150	150
84	0	0			150	150
85	0	0			150	150
86	0	0			150	150
87	0	0			150	150
88	0	0			150	150
89	0	0			150	150
90	0	0			150	108
91	0	0			126	150
92	0	0			150	103
93	0	0			150	150
94	0	0			150	150
95	0	0			150	150
96	4	6			150	150
97	0	0			123	150
98	0	0			106	150
99	0	0			150	150
100	17	26			138	150
101	47	59			150	150
102	0	0			150	150
103	0	0			150	111
104	0	0			150	150
105	0	0			150	150
106	0	88			115	150
107	8	0			111	105
108	0	1			150	150
109	0	0			150	114
110	55	391			150	123
111	2	8			150	150
112	16	25			150	150
113	2	148			148	150
114	32	0			150	121
115	15	0			150	150
116	18	2			93	90
117	48	71			150	150
118	60	76			150	150
119	1	18			144	111
120	0	0			93	93
121	0	0			150	126
122	0	0			150	150
123	0	0			126	150
124	70	35			150	150
125	1542	31			150	150
126	4	0			150	150
127	58	66			123	140
128	11	5			150	150
129	0	0			150	150
130	34	29			150	146
131	1	86			150	150
132	6	34			150	150
133	19	19			150	150
134	0	6			136	150
135	0	0			150	150
136	510	634			150	150
137	278	244			150	150
138	1	5			150	150
139	35	27			142	150
140	95	110			150	150
141	2	5			150	150
142	2	8			150	150
143	40	49			142	150
144	2	17			150	150
145	9	0			150	150
146	277	435			150	150
147	32	4			115	118
148	69	67			150	150
149	283	252			150	150
150	135	179			150	146
151	9	2			150	150
152	6	1			150	113
153	9	1			150	113
154	11	0			150	150
155	14	57			150	150
156	9	11			150	150
157	8	18			136	150
158	13	26			150	150
159	8	28			146	150
160	298	209			150	150
161	6	3			146	150
162	0	0			150	119
163	0	8			150	130
164	3	0			150	119
165	0	8			119	130
166	0	2			150	150
167	1	9			150	130
168	25	159			121	150
169	3	171			121	150
170	16	171			150	150
171	19	171			150	150
172	16	3			150	121
173	19	3			150	121
174	4	10			147	144
175	0	0			150	150
176	0	0			150	133
177	16	24			118	150
178	26	4			129	148
179	105	116			148	150
180	1	1			150	150
181	3	1			150	150
182	54	24			150	150
183	16	6			150	150
184	38	28			150	150
185	1	26			150	150
186	0	1			141	150
187	15	8			150	150
188	753	133			150	132
189	76	35			150	150
190	38	42			150	150
191	25	26			150	147
192	2	2			150	144
193	0	0			117	150
194	25	22			134	150
195	61	16			150	150
196	61	65			150	150
197	27	96			150	150
198	0	0			150	150
199	0	0			150	150
200	73	85			150	150
201	51	38			150	150
202	0	0			123	150
203	2	15			150	150
204	45	20			150	150
205	10	7			150	150
206	1	385			150	150
207	0	7			150	150
208	0	0			150	150
209	390	332			141	129
210	308	6			148	150
211	29	146			150	150
212	51	48			150	150
213	29	38			150	150
214	163	234			150	150
215	23	30			150	150
216	0	5			150	150
217	97	187			148	123
218	2	0			141	139
219	0	0			150	118
220	566	10			150	150
221	566	19			150	150
222	0	0			150	150
223	0	0			150	150
224	0	0			150	150
225	10	4			150	122
226	17	1			150	150
227	6	1			106	150
228	381	455			150	150
229	24	122			150	150
230	3	122			150	150
231	0	1			97	97
232	0	0			111	150
233	0	0			150	103
234	0	0			150	150
235	6	6			150	150
236	26	20			147	150
237	0	1			150	150
238	1	0			136	150
239	1	0			147	150
240	36	3			133	150
241	23	48			150	143
242	45	20			150	150
243	45	38			150	150
244	78	70			150	150
245	21	0			150	150
246	0	0			148	150
247	132	205			150	150
248	74	83			150	138
249	271	6			150	150
250	382	10			150	141
251	80	86			150	150
252	0	0			150	150
253	0	0			150	150
254	2	0			150	150
255	46	10			136	150
256	37	36			150	136
257	37	36			144	136
258	31	0			150	120
259	0	0			150	150
260	0	0			150	150
261	7	4			124	121
262	6	3			150	150
263	937	796			150	150
264	691	1173			150	117
265	168	212			150	150
266	0	0			122	119
267	42	52			150	150
268	1325	1417			150	150
269	7	1415			129	150
270	515	561			150	150
271	1116	2074			150	150
272	89	114			150	150
273	0	0			150	118
274	44	1			150	150
275	65	5			85	85
276	0	1			150	150
277	28	25			150	150
278	0	0			143	143
279	0	0			103	143
280	3	2			150	150
281	12	82			150	150
282	0	0			150	150
283	96	144			150	150
284	52	0			138	150
285	599	2			150	150
286	5	5			150	150
287	28	1			137	150
288	5	10			111	126
289	7	39			91	150
290	0	0			150	150
291	0	0			150	150
292	0	0			150	150
293	0	0			150	150
294	10	2			150	150
295	10	2			150	150
296	6	2			150	150
297	38	39			150	150
298	48	20			150	109
299	8	0			133	102
300	47	37			150	150
301	47	56			150	150
302	0	0			150	150
303	20	57			150	150
304	177	183			150	150
305	492	64			150	132
306	65	80			150	150
307	0	0			150	132
308	43	9			150	150
309	114	81			144	150
310	0	0			150	150
311	0	0			150	150
312	0	0			150	150
313	0	0			150	150
314	14	9			150	150
315	1	0			150	150
316	0	0			150	150
317	0	0			125	143
318	1	0			150	150
319	0	2			150	150
320	0	1			150	150
321	4	1			150	150
322	0	19			150	150
323	0	0			150	136
324	0	4			116	150
325	0	0			123	150
326	0	0			150	150
327	0	51			150	141
328	9	7			150	150
329	75	86			150	150
330	74	6			150	150
331	1	0			150	150
332	0	0			150	150
333	3	0			150	150
334	7	0			150	150
335	1	0			150	150
336	0	1			150	150
337	3	1			150	150
338	7	1			150	150
339	3	0			150	150
340	7	0			150	150
341	7	3			150	150
342	5	2			150	150
343	18	22			150	150
344	20	23			145	150
345	0	7			150	150
346	9	12			150	150
347	8	5			146	150
348	3	3			150	146
349	15	1			150	150
350	10	0			150	150
351	0	0			150	150
352	0	0			150	121
353	23	23			148	114
354	22	41			150	108
355	20	25			108	150
356	103	172			122	150
357	49	193			144	150
358	30	96			117	149
359	0	4			131	125
360	154	0			150	150
361	111	0			150	150
362	146	206			150	150
363	9	25			149	150
364	59	62			150	150
365	8	0			148	150
366	0	0			150	150
367	47	53			150	150
368	56	23			150	144
369	3	1			150	150
370	984	1191			150	150
371	0	0			150	150
372	11	24			138	150
373	0	0			120	120
374	6	1			133	150
375	12	1			150	114
376	68	128			150	150
377	304	257			150	138
378	71	26			150	138
379	71	24			150	134
380	15	4			127	126
381	1	2			150	150
382	32	26			129	150
383	10	2			150	147
384	0	7			150	123
385	6	0			150	150
386	0	0			150	150
387	1	0			129	150
388	10	3			150	150
389	84	78			150	144
390	48	46			150	150
391	53	41			150	150
392	189	333			150	150
393	259	405			150	150
394	279	189			150	150
395	251	261			150	150
396	0	86			100	100
397	55	135			119	150
398	62	0			127	119
399	16	8			150	95
400	6	0			150	96
401	197	158			150	150
402	0	0			135	150
403	1	1			150	150
404	0	1			150	150
405	77	90			150	141
406	0	0			150	150
407	27	41			150	150
408	14	10			150	150
409	8	0			150	142
410	14	5			150	150
411	114	128			150	150
412	170	140			150	132
413	184	196			150	150
414	6	0			150	138
415	6	0			150	147
416	0	0			138	147
417	95	110			123	150
418	18	17			150	150
419	0	0			150	150
420	90	58			150	150
421	16	58			150	150
422	3	3			150	150
423	5	9			141	150
424	33	61			150	150
425	3	137			117	150
426	292	306			150	150
427	0	0			150	150
428	0	0			150	133
429	0	0			108	135
430	4	45			150	150
431	31	45			150	150
432	5	65			150	150
433	0	2			150	150
434	0	0			150	150
435	11	165			150	148
436	0	2			150	150
437	2	2			150	150
438	48	1			140	150
439	64	87			114	150
440	78	42			135	102
441	172	98			150	150
442	15	14			150	150
443	2	3			150	150
444	1	3			150	150
445	15	19			150	150
446	2	8			150	150
447	1	8			150	150
448	2	2			150	150
449	4	6			135	150
450	0	0			150	150
451	0	1			150	150
452	0	0			150	104
453	10	0			150	150
454	0	0			150	150
455	19	18			150	150
456	4	29			95	150
457	52	6			150	150
458	17	18			150	150
459	14	18			150	150
460	0	22			84	84
461	19	1			102	150
462	53	63			150	150
463	1	6			150	150
464	291	236			150	137
465	1	2			150	150
466	2	3			102	150
467	12	19			128	150
468	11	17			150	128
469	44	195			150	150
470	38	95			150	150
471	0	333			150	135
472	48	64			150	129
473	3	41			147	147
474	9	25			150	150
475	16	25			150	150
476	16	9			150	150
477	36	1			150	133
478	3	0			150	150
479	1	0			150	150
480	28	41			150	146
481	41	3			150	150
482	65	16			150	150
483	489	538			150	150
484	1	0			150	150
485	5	6			150	150
486	8	190			150	150
487	0	0			150	150
488	22	0			150	150
489	22	0			150	150
490	552	1			127	150
491	414	2			150	150
492	346	456			150	150
493	90	8			150	150
494	15	3			150	150
495	133	141			147	150
496	99	143			150	150
497	0	1			150	150
498	16	0			150	150
499	24	58			150	150
500	786	0			147	150
501	0	0			150	84
502	3	0			150	84
503	1	0			150	150
504	23	17			150	150
505	50	31			150	150
506	0	5			150	150
507	49	137			150	150
508	0	15			145	150
509	4	10			150	150
510	0	10			145	150
511	5	85			150	150
512	0	26			150	150
513	24	16			150	150
514	24	27			150	150
515	112	131			150	150
516	11	260			150	150
517	1	0			150	150
518	28	69			150	150
519	0	0			150	119
520	14	1			112	98
521	0	0			79	82
522	5	0			150	150
523	7	3			150	150
524	2	2			150	150
525	1	2			150	150
526	2	45			108	144
527	2	14			108	102
528	0	0			78	150
529	21	272			150	150
530	21	107			150	150
531	19	51			111	150
532	19	0			150	150
533	15	10			150	150
534	194	182			150	150
535	79	93			150	150
536	7	0			113	137
537	250	252			150	150
538	6	133			150	150
539	58	111			118	150
540	125	169			150	150
541	12	19			150	150
542	19	11			150	150
543	149	303			150	150
544	0	0			150	150
545	146	139			150	150
546	0	2			150	125
547	291	411			148	150
548	44	35			150	124
549	0	0			150	150
550	0	0			150	81
551	6	0			138	150
552	0	0			150	150
553	0	0			150	150
554	0	0			150	150
555	0	0			150	150
556	0	0			150	150
557	10	16			150	150
558	372	146			150	150
559	185	670			150	150
560	48	2			149	137
561	49	61			150	150
562	0	0			98	98
563	0	0			81	81
564	55	7			128	132
565	0	0			150	105
566	0	0			117	105
567	0	1			150	150
568	0	0			150	150
569	51	63			150	150
570	4	0			150	150
571	9	0			150	150
572	5	252			147	144
573	23	6			147	150
574	2	13			119	147
575	132	123			141	150
576	46	93			133	147
577	115	97			147	150
578	96	88			150	140
579	362	473			150	150
580	0	18			150	150
581	50	115			114	149
582	0	0			147	141
583	2	6			150	150
584	0	0			150	146
585	11	0			84	84
586	23	4			150	150
587	26	40			150	131
588	26	37			150	150
589	1	8			150	150
590	0	0			150	150
591	3	1			150	150
592	25	47			150	144
593	65	19			144	108
594	91	96			150	150
595	0	0			150	141
596	0	0			150	150
597	2	17			150	150
598	176	153			150	130
599	181	192			150	150
600	181	192			150	150
601	0	7			150	150
602	0	14			150	115
603	3	2			150	150
604	21	20			150	150
605	0	0			150	150
606	7	0			126	150
607	2	0			150	150
608	111	188			150	120
609	11	18			150	135
610	5	0			96	96
611	43	25			150	116
612	79	7			150	150
613	0	0			150	150
614	0	2			129	137
615	190	156			150	135
616	3	7			150	150
617	184	1			100	100
618	7	16			150	150
619	0	0			150	150
620	0	0			150	150
621	96	32			150	114
622	93	91			150	150
623	0	0			150	125
624	0	0			150	150
625	16	18			150	147
626	0	2			150	142
627	1	0			142	150
628	0	0			142	111
629	0	0			150	150
630	100	71			150	132
631	14	10			133	150
632	26	3			150	114
633	0	0			150	150
634	17	67			150	150
635	0	2			150	150
636	0	0			150	150
637	4	1			150	148
638	39	59			150	150
639	7	6			150	150
640	37	95			150	142
641	12	0			150	150
642	0	7			103	150
643	26	31			150	150
644	11	3			150	150
645	0	1			76	150
646	0	0			138	150
647	0	1			150	150
648	269	451			143	150
649	9	0			150	138
650	26	0			150	138
651	26	9			150	150
652	0	0			110	127
653	0	0			126	150
654	53	70			150	150
655	36	46			135	150
656	6	1			125	150
657	0	0			150	142
658	1	14			150	150
659	13	10			150	150
660	66	66			150	150
661	0	0			143	150
662	0	0			141	150
663	204	366			150	150
664	255	165			150	150
665	0	0			123	99
666	0	15			150	150
667	0	0			150	131
668	0	0			150	150
669	47	80			150	150
670	50	82			150	150
671	26	28			150	150
672	0	31			150	150
673	2	65			150	150
674	3	118			150	150
675	126	205			150	150
676	46	40			126	150
677	114	104			150	150
678	92	103			150	150
679	89	132			150	150
680	10	16			150	148
681	3	0			150	150
682	11	97			150	150
683	0	1			150	150
684	0	1			150	150
685	270	7			150	149
686	52	101			150	150
687	101	52			150	150
688	89	141			150	150
689	103	143			150	150
690	0	0			120	150
691	36	26			150	150
692	6	0			147	150
693	7	0			150	150
694	0	0			135	150
695	0	1			150	150
696	0	0			150	126
697	0	65			121	144
698	0	29			150	110
699	1	33			92	150
700	150	261			150	150
701	0	0			150	150
702	75	0			150	150
703	134	217			150	150
704	3	16			150	150
705	1042	2630			150	150
706	54	77			150	150
707	31	14			150	138
708	45	49			150	138
709	0	9			114	150
710	27	26			150	150
711	4	49			150	150
712	10	41			150	150
713	8	87			150	146
714	32	0			150	150
715	29	0			150	150
716	6	104			143	150
717	1	40			150	142
718	13	5			150	150
719	13	5			150	150
720	13	10			150	150
721	0	0			81	81
722	100	76			150	146
723	2	0			150	150
724	58	66			150	150
725	13	2			150	150
726	5	2			150	150
727	5	13			150	150
728	0	0			150	102
729	1	2			111	114
730	0	1			134	118
731	56	88			150	150
732	3	64			150	150
733	11	8			150	150
734	11	10			150	150
735	5	11			150	150
736	0	0			87	84
737	5	0			150	147
738	5	0			150	150
739	0	0			150	150
740	17	44			150	150
741	1	0			142	106
742	98	158			150	150
743	21	158			150	150
744	111	119			150	150
745	66	0			83	83
746	0	0			150	150
747	3	0			84	84
748	15	54			150	150
749	27	0			92	92
750	1	9			99	99
751	0	0			150	150
752	0	2			150	144
753	0	0			150	150
754	2	0			144	150
755	29	35			150	150
756	0	5			150	150
757	0	5			150	133
758	0	1			150	150
759	5	1			150	150
760	5	1			133	150
761	3	7			150	150
762	3	6			150	150
763	135	60			132	150
764	270	42			150	150
765	5	3			150	150
766	8	2			150	109
767	0	0			150	150
768	0	0			150	150
769	9	26			150	150
770	410	0			150	150
771	64	63			150	150
772	64	83			150	141
773	1	2			150	150
774	2	2			150	150
775	264	447			150	150
776	23	0			125	136
777	0	1			150	128
778	42	21			150	150
779	28	2			150	150
780	103	21			147	150
781	1	0			150	132
782	3	0			150	132
783	3	1			150	150
784	15	52			112	150
785	722	23			150	150
786	1001	3			107	113
787	2	1			150	150
788	0	9			150	150
789	1	619			150	150
790	0	0			150	150
791	20	49			150	150
792	20	42			150	124
793	23	62			150	150
794	8	38			150	150
795	8	14			150	110
796	0	0			138	149
797	114	0			150	150
798	56	0			150	150
799	2	1			150	110
800	0	0			150	150
801	12	9			150	114
802	26	28			150	150
803	28	48			150	150
804	0	0			114	150
805	23	20			122	147
806	22	43			150	150
807	24	29			150	108
808	41	75			150	143
809	104	127			150	150
810	0	0			97	99
811	2	4			150	150
812	18	1			150	150
813	0	0			120	120
814	3	1			150	135
815	0	0			135	150
816	1	4			150	150
817	0	0			150	150
818	38	8			150	108
819	426	54			150	150
820	13	27			113	150
821	270	276			150	150
822	29	39			150	150
823	0	0			87	87
824	2	0			102	150
825	51	68			150	150
826	248	330			136	150
827	0	0			150	150
828	30	95			124	150
829	1	6			99	100
830	0	0			150	150
831	22	2			150	150
832	0	0			150	150
833	0	0			150	150
834	17	13			150	128
835	28	49			114	150
836	13	6			150	150
837	49	20			150	150
838	2	555			128	150
839	48	48			150	150
840	0	1			90	90
841	1	13			90	78
842	0	0			117	78
843	7	7			150	150
844	15	25			150	150
845	0	443			113	142
846	124	443			142	142
847	124	0			142	113
848	173	243			150	150
849	328	324			150	130
850	0	2			150	150
851	0	0			150	150
852	7	3			148	150
853	2	3			150	150
854	5	2			148	150
855	23	48			150	150
856	28	33			109	141
857	16	18			150	142
858	1	126			147	150
859	2	126			150	150
860	3	0			150	121
861	10	0			136	128
862	0	6			150	150
863	4	5			150	138
864	3	4			150	150
865	20	90			150	150
866	0	0			150	150
867	0	1			150	150
868	0	0			150	150
869	0	1			150	150
870	0	0			150	150
871	0	0			87	90
872	7	0			128	150
873	925	2556			103	150
874	2041	2556			150	150
875	9	1			150	150
876	4	22			113	150
877	3	1			150	133
878	12	1			150	150
879	7	14			150	150
880	2	3			150	150
881	37	46			150	150
882	3	65			150	150
883	0	0			150	150
884	5	1			150	105
885	1	10			87	87
886	12	78			129	150
887	7	1			150	150
888	0	0			150	150
889	0	0			150	150
890	0	0			150	150
891	584	790			150	150
892	379	721			118	150
893	97	113			150	150
894	125	123			150	150
895	114	97			150	150
896	0	0			150	124
897	15	0			150	106
898	0	0			150	150
899	1	0			150	150
900	8	98			102	120
901	69	78			132	150
902	7	1			150	150
903	0	0			150	150
904	0	0			150	150
905	0	0			150	150
906	105	114			150	150
907	133	1			150	150
908	11	6			141	149
909	11	10			141	150
910	12	0			150	150
911	0	2			150	150
912	1	11			114	102
913	1	11			126	102
914	7	7			150	102
915	23	8			150	102
916	19	191			150	150
917	270	0			150	150
918	1	0			150	150
919	1	0			150	131
920	0	0			150	131
921	0	107			98	150
922	2	5			150	150
923	73	1			150	150
924	27	28			150	150
925	0	104			150	150
926	5	0			117	150
927	150	232			150	150
928	1	414			150	150
929	3	22			150	150
930	0	0			150	150
931	3	0			150	150
932	26	10			150	150
933	0	0			127	129
934	0	0			150	150
935	10	20			150	150
936	1	0			150	150
937	0	0			150	150
938	20	16			141	150
939	0	0			110	150
940	0	0			110	150
941	0	0			150	146
942	0	112			124	128
943	23	1			150	150
944	0	33			150	136
945	15	30			150	150
946	0	10			98	95
947	7	46			130	150
948	0	38			150	138
949	140	60			138	150
950	2	13			150	150
951	1	59			106	150
952	1	110			79	150
953	12	24			98	150
954	42	42			150	150
955	4	10			150	150
956	23	0			150	150
957	11	38			150	150
958	5	5			150	150
959	0	1			132	132
960	42	38			125	150
961	4	0			93	93
962	2	0			96	90
963	4	1			96	90
964	14	1			87	99
965	0	50			116	116
966	42	71			123	150
967	0	0			150	150
968	31	85			146	150
969	78	95			150	150
970	63	0			98	101
971	181	187			150	150
972	18	21			150	150
973	594	556			150	150
974	50	110			150	150
975	9	11			150	150
976	0	16			150	150
977	28	52			150	150
978	3	49			150	150
979	55	1			150	150
980	0	0			150	150
981	13	26			150	150
982	9	24			138	150
983	0	2			150	150
984	0	8			150	150
985	32	56			150	150
986	347	562			150	150
987	52	58			150	150
988	70	58			150	150
989	0	5			150	150
990	0	0			150	150
991	12	152			136	150
992	0	0			150	150
993	0	0			150	136
994	0	0			150	136
995	19	38			146	150
996	18	6			146	150
997	7	73			150	150
998	61	73			150	150
999	4	167			150	122
1000	25	36			109	126
1001	35	1			150	150
1002	19	25			150	150
1003	2	3			150	135
1004	2	3			150	135
1005	2	1			141	150
1006	0	0			138	150
1007	41	92			130	150
1008	29	0			87	87
1009	0	0			150	150
1010	16	2			150	150
1011	12	15			150	150
1012	12	16			150	150
1013	11	4			150	98
1014	6	3			150	150
1015	0	0			146	135
1016	0	1			150	150
1017	20	54			130	150
1018	20	30			130	121
1019	24	96			150	150
1020	99	5			150	150
1021	69	54			150	150
1022	44	20			150	150
1023	29	95			107	134
1024	31	110			97	150
1025	80	79			150	150
1026	1	20			150	150
1027	17	0			81	81
1028	1	1			150	150
1029	2	106			150	150
1030	127	120			144	150
1031	0	2			150	150
1032	0	2			150	150
1033	0	0			150	150
1034	0	0			150	150
1035	0	0			84	84
1036	0	0			123	150
1037	9	2			150	150
1038	0	0			150	150
1039	0	0			150	131
1040	14	21			143	119
1041	22	21			150	119
1042	0	0			150	150
1043	0	0			138	150
1044	100	129			150	150
1045	28	32			150	137
1046	91	105			150	140
1047	0	0			150	150
1048	73	59			150	110
1049	125	652			144	150
1050	1	0			150	150
1051	0	5			150	150
1052	0	0			150	150
1053	78	175			137	150
1054	72	11			150	150
1055	0	0			150	150
1056	79	50			150	150
1057	0	3			150	150
1058	0	0			150	127
1059	3	0			150	127
1060	0	0			96	90
1061	5	5			150	150
1062	2	5			150	150
1063	2	2			150	150
1064	1	9			150	150
1065	3	13			150	150
1066	4	4			150	150
1067	5	0			150	95
1068	5	0			150	137
1069	0	0			95	137
1070	0	6			147	141
1071	0	6			150	141
1072	0	0			150	147
1073	823	313			150	112
1074	0	1			108	150
1075	8	2			148	150
1076	0	0			150	150
1077	0	0			150	150
1078	0	0			150	150
1079	0	0			150	150
1080	0	0			150	150
1081	2	10			150	147
1082	0	0			81	81
1083	0	0			150	150
1084	1	136			81	144
1085	1	136			81	144
1086	1	1			81	81
1087	16	5			150	150
1088	0	0			150	150
1089	131	27			150	135
1090	1	0			150	150
1091	86	45			150	150
1092	60	54			143	139
1093	17	19			148	150
1094	0	0			150	137
1095	0	1			150	150
1096	1	0			132	150
1097	23	44			148	150
1098	23	29			148	150
1099	86	11			138	97
1100	79	0			138	97
1101	23	21			97	150
1102	29	21			150	150
1103	0	0			150	150
1104	0	0			150	150
1105	61	113			150	150
1106	3	0			150	150
1107	18	0			150	150
1108	0	0			150	150
1109	0	0			150	150
1110	40	44			150	150
1111	10	26			150	150
1112	4	16			150	150
1113	1	0			150	150
1114	12	16			150	150
1115	172	142			150	131
1116	2	0			150	150
1117	0	0			150	150
1118	113	65			150	150
1119	123	65			150	150
1120	8	65			150	150
1121	8	113			150	150
1122	8	123			150	150
1123	154	0			90	93
1124	22	0			147	150
1125	28	29			150	150
1126	0	0			150	103
1127	0	0			150	150
1128	0	0			120	150
1129	0	0			150	150
1130	0	0			150	120
1131	0	0			150	120
1132	0	0			150	150
1133	1	9			150	150
1134	7	0			111	114
1135	0	4			150	150
1136	0	4			150	150
1137	3	0			150	150
1138	0	6			121	135
1139	0	137			119	112
1140	1	133			102	150
1141	0	0			90	87
1142	1	1			150	150
1143	0	0			96	96
1144	0	0			150	150
1145	10	14			150	150
1146	28	22			150	146
1147	16	45			114	144
1148	0	0			147	141
1149	6	14			150	150
1150	1470	119			150	150
1151	0	0			150	150
1152	0	0			150	150
1153	45	92			136	150
1154	6	10			126	123
1155	6	7			126	150
1156	0	1			129	135
1157	1	2			111	135
1158	1	1			111	150
1159	1	0			129	150
1160	63	39			150	150
1161	1	10			150	150
1162	130	138			150	150
1163	172	160			150	150
1164	0	5			110	93
1165	0	0			150	150
1166	0	0			150	150
1167	0	0			150	150
1168	1	1			150	150
1169	9	16			150	150
1170	10	16			150	150
1171	12	9			150	150
1172	0	17			150	114
1173	21	27			113	150
1174	11	10			150	126
1175	80	62			150	150
1176	3	0			132	150
1177	0	0			150	150
1178	124	179			150	150
1179	234	0			150	150
1180	0	64			150	150
1181	554	910			147	150
1182	554	68			147	118
1183	35	1			150	150
1184	57	38			150	150
1185	57	24			150	135
1186	1	61			150	135
1187	0	0			140	150
1188	5	3			142	150
1189	4	0			90	105
1190	88	65			138	115
1191	79	67			150	150
1192	153	52			150	150
1193	0	0			150	150
1194	2	1			150	136
1195	5	43			120	140
1196	20	134			150	150
1197	3	2			150	150
1198	1	2			150	150
1199	2	2			150	150
1200	2	2			150	150
1201	1	3			150	150
1202	2	3			150	150
1203	2	3			150	150
1204	2	1			150	150
1205	2	1			150	150
1206	1	57			121	150
1207	1	1			121	133
1208	0	1			150	133
1209	0	1			150	121
1210	15	15			150	150
1211	9	1			141	150
1212	2	90			150	150
1213	379	476			150	150
1214	2	0			150	150
1215	8	46			150	150
1216	139	4			144	150
1217	0	0			150	150
1218	0	2			150	150
1219	3	7			150	150
1220	7	6			150	150
1221	3	2			134	150
1222	5	2			150	134
1223	1	4			102	150
1224	0	7			150	150
1225	69	5			150	150
1226	24	96			150	150
1227	73	183			150	150
1228	44	38			149	150
1229	241	217			150	150
1230	1	5			150	100
1231	5	9			150	150
1232	0	0			150	114
1233	52	52			150	150
1234	0	0			150	98
1235	4	526			150	150
1236	141	123			149	150
1237	2	2			150	150
1238	0	1			150	150
1239	0	1			150	150
1240	0	1			150	150
1241	1	7			150	150
1242	15	17			150	150
1243	470	293			150	150
1244	0	0			150	150
1245	0	0			84	96
1246	0	0			144	93
1247	0	0			102	117
1248	2	172			131	129
1249	11	7			150	150
1250	47	52			150	150
1251	11	5			150	150
1252	2	0			133	117
1253	2	0			150	109
1254	5	0			150	109
1255	0	0			150	150
1256	84	95			150	144
1257	60	77			144	132
1258	0	0			135	150
1259	62	84			150	150
1260	44	144			150	150
1261	24	22			150	150
1262	3	0			150	106
1263	17	22			150	150
1264	6	5			150	150
1265	0	0			150	150
1266	0	0			150	150
1267	4	7			111	150
1268	13	1			150	150
1269	13	15			150	150
1270	1	15			150	150
1271	0	0			150	150
1272	0	0			123	150
1273	28	26			150	150
1274	116	132			150	150
1275	63	55			150	150
1276	50	40			150	150
1277	0	0			150	130
1278	0	0			150	149
1279	20	37			150	150
1280	20	19			150	150
1281	20	19			150	121
1282	25	19			150	121
1283	37	19			150	150
1284	37	19			150	121
1285	46	21			150	121
1286	2	157			150	150
1287	0	0			150	150
1288	0	0			147	137
1289	0	0			114	150
1290	0	0			133	150
1291	68	0			150	87
1292	89	148			150	150
1293	2	7			150	150
1294	17413	18624			150	150
1295	4	8			150	150
1296	6	1			150	150
1297	0	1			150	150
1298	0	0			150	150
1299	0	0			84	93
1300	0	11			150	150
1301	0	0			110	150
1302	0	0			150	150
1303	8	24			150	150
1304	2	0			137	150
1305	4	27			150	150
1306	12	12			150	150
1307	38	42			150	150
1308	2	0			150	150
1309	55	0			150	150
1310	62	57			146	150
1311	58	2			150	150
1312	14	1			150	150
1313	0	0			150	150
1314	0	0			78	78
1315	0	0			150	150
1316	146	274			150	150
1317	158	170			150	150
1318	158	1			150	118
1319	57	44			150	150
1320	369	388			150	144
1321	104	61			150	139
1322	128	42			150	150
1323	38	42			139	150
1324	95	45			139	150
1325	58	0			150	150
1326	9	14			150	150
1327	10	12			150	150
1328	0	0			150	99
1329	1	34			150	81
1330	0	0			128	150
1331	77	84			150	150
1332	116	90			150	150
1333	0	2			150	150
1334	9	1			150	150
1335	11	11			150	150
1336	0	0			134	150
1337	39	57			150	150
1338	0	12			114	150
1339	35	0			150	92
1340	4	1			150	150
1341	0	0			150	127
1342	0	0			150	150
1343	4	20			119	150
1344	0	0			150	150
1345	8	46			143	150
1346	8	2			143	150
1347	1	4			148	150
1348	0	0			150	150
1349	5	0			150	150
1350	5	0			150	150
1351	0	0			150	150
1352	1	0			150	150
1353	0	0			150	150
1354	0	0			150	150
1355	11	16			150	150
1356	9	8			150	150
1357	0	0			150	103
1358	0	0			150	150
1359	1	1			150	150
1360	17	256			144	150
1361	0	0			150	133
1362	1	0			150	150
1363	3	5			150	128
1364	0	0			150	150
1365	0	1			149	149
1366	2	3			150	150
1367	4	5			150	150
1368	1	36			105	133
1369	84	23			150	123
1370	10	0			150	150
1371	16	0			150	150
1372	0	0			150	150
1373	0	10			150	150
1374	0	16			150	150
1375	19	625			150	150
1376	0	0			121	147
1377	23	38			150	150
1378	0	0			150	150
1379	96	164			150	135
1380	6	15			150	140
1381	267	330			150	150
1382	275	294			150	135
1383	0	2			150	150
1384	209	77			150	150
1385	210	19			150	150
1386	138	159			150	150
1387	13	6			150	150
1388	37	26			150	150
1389	58	51			150	150
1390	0	0			144	131
1391	36	30			150	150
1392	196	288			150	150
1393	0	0			126	150
1394	214	108			150	131
1395	109	140			120	150
1396	97	108			120	131
1397	66	6			150	150
1398	116	170			150	150
1399	4	1			150	150
1400	0	2			150	121
1401	0	0			150	150
1402	1011	162			150	150
1403	0	0			150	150
1404	6	0			99	99
1405	11	13			134	150
1406	13	13			150	150
1407	3	0			150	150
1408	8	57			129	150
1409	55	0			125	115
1410	8	15			150	138
1411	8	2			150	138
1412	0	1			150	150
1413	0	0			150	150
1414	0	0			150	150
1415	0	0			141	150
1416	0	0			150	130
1417	0	0			150	130
1418	0	0			150	150
1419	0	0			150	150
1420	0	0			150	150
1421	0	0			150	150
1422	0	0			150	136
1423	3	0			150	150
1424	86	110			141	143
1425	93	132			143	146
1426	113	125			146	133
1427	98	120			150	150
1428	12	49			146	150
1429	14	50			150	150
1430	0	0			134	150
1431	0	0			96	96
1432	64	22			150	150
1433	64	47			150	150
1434	50	48			150	150
1435	5	12			150	150
1436	89	102			150	150
1437	0	0			147	141
1438	1	0			150	150
1439	1	22			150	140
1440	0	0			123	150
1441	0	1			123	150
1442	0	0			123	78
1443	0	0			150	78
1444	1	0			150	78
1445	16	15			150	150
1446	44	0			79	79
1447	0	2			150	150
1448	0	0			150	150
1449	2	10			150	150
1450	11	17			150	150
1451	4	0			150	150
1452	9	0			150	150
1453	29	19			150	150
1454	271	34			113	136
1455	0	0			150	150
1456	0	0			115	150
1457	0	0			139	128
1458	46	172			145	150
1459	97	172			148	150
1460	3	172			150	150
1461	0	0			108	123
1462	70	86			150	150
1463	73	48			150	150
1464	48	37			150	150
1465	175	191			150	135
1466	39	25			150	150
1467	97	3			128	79
1468	1	25			150	150
1469	1	7			150	150
1470	25	7			150	150
1471	76	207			150	144
1472	142	1			150	76
1473	0	0			150	136
1474	0	0			150	150
1475	0	0			150	150
1476	0	0			150	150
1477	0	51			150	131
1478	0	51			150	131
1479	0	0			150	150
1480	0	0			150	122
1481	264	28			150	150
1482	71	53			129	124
1483	0	0			150	150
1484	181	225			114	132
1485	74	17			150	114
1486	8	14			150	150
1487	0	39			150	122
1488	0	0			150	150
1489	0	0			150	150
1490	126	141			150	150
1491	18	19			150	150
1492	0	0			81	81
1493	29	52			130	150
1494	5	79			150	150
1495	227	241			150	129
1496	0	23			96	96
1497	0	18			96	93
1498	68	149			118	150
1499	68	33			133	150
1500	122	235			122	150
1501	160	112			150	122
1502	18	20			129	150
1503	0	0			150	150
1504	0	0			150	150
1505	0	1			142	150
1506	0	9			114	145
1507	0	7			150	150
1508	0	0			150	150
1509	0	1			150	150
1510	0	4			150	145
1511	7	0			150	150
1512	7	1			150	150
1513	7	4			150	145
1514	0	4			150	145
1515	1	4			150	145
1516	0	0			123	150
1517	0	0			150	108
1518	48	12			150	150
1519	49	32			150	150
1520	15	0			126	99
1521	10	5			150	150
1522	5	0			150	150
1523	2	0			150	150
1524	0	0			150	150
1525	0	0			150	150
1526	0	0			96	90
1527	82	79			150	150
1528	21	31			150	150
1529	20	22			150	150
1530	160	6			150	150
1531	42	92			150	150
1532	94	82			150	108
1533	1	0			150	150
1534	0	3			150	150
1535	10	26			150	150
1536	6	2			150	150
1537	0	0			150	150
1538	0	0			144	150
1539	2	0			150	150
1540	94	0			150	150
1541	24	3			150	150
1542	54	65			150	150
1543	0	0			87	87
1544	0	0			150	147
1545	0	0			150	147
1546	0	22			79	150
1547	5	23			150	150
1548	2	23			150	150
1549	133	42			150	150
1550	4	4			139	150
1551	53	89			150	150
1552	0	31			84	150
1553	0	0			150	150
1554	15	18			123	150
1555	3	2			150	129
1556	3	1			150	150
1557	44	42			150	135
1558	324	281			150	136
1559	0	8			98	98
1560	246	223			150	150
1561	111	237			150	150
1562	1	0			140	125
1563	66	56			150	150
1564	0	0			150	107
1565	0	8			150	150
1566	10	51			106	150
1567	93	144			138	150
1568	7	1			150	90
1569	4	4			150	150
1570	0	0			111	150
1571	0	0			150	150
1572	6	160			150	150
1573	0	47			120	150
1574	3	4			150	150
1575	0	120			132	150
1576	57	46			150	143
1577	0	5			150	150
1578	0	5			105	150
1579	0	0			105	150
1580	30	1			129	150
1581	0	0			150	150
1582	83	79			150	150
1583	1	4			126	150
1584	5	5			150	150
1585	0	161			82	150
1586	0	0			150	150
1587	0	0			150	150
1588	117	149			150	150
1589	8	0			150	150
1590	8	0			150	150
1591	34	1			150	150
1592	58	3638			150	150
1593	2067	3638			111	150
1594	19	20			110	125
1595	64	20			150	125
1596	0	2			147	150
1597	47	29			150	150
1598	61	65			150	126
1599	0	146			147	147
1600	0	0			150	150
1601	146	239			150	150
1602	43	74			150	150
1603	0	0			150	150
1604	4	4			133	150
1605	1	0			150	150
1606	1	0			150	150
1607	0	0			150	150
1608	0	67			150	150
1609	0	21			150	150
1610	9	35			106	106
1611	10	49			100	100
1612	578	0			150	150
1613	1225	0			150	150
1614	6	63			150	150
1615	8	0			150	150
1616	190	290			150	150
1617	68	155			150	150
1618	1	18			150	150
1619	152	156			150	150
1620	222	0			150	150
1621	98	104			150	150
1622	9	89			150	150
1623	9	123			150	150
1624	9	84			150	150
1625	0	0			150	150
1626	0	0			150	150
1627	0	0			131	150
1628	491	527			150	150
1629	45	29			150	150
1630	35	4			150	150
1631	21	0			84	87
1632	553	53			150	119
1633	396	0			132	150
1634	22	0			138	115
1635	24	23			150	150
1636	1	30			150	150
1637	12	30			150	150
1638	29	32			150	150
1639	47	4			150	132
1640	119	107			150	150
1641	0	132			150	150
1642	0	0			150	150
1643	0	0			150	108
1644	1	9			124	150
1645	1	13			150	150
1646	7	0			150	150
1647	19	0			141	150
1648	4	0			150	137
1649	0	0			150	137
1650	0	4			150	150
1651	21	22			150	150
1652	0	0			123	150
1653	0	42			118	150
1654	52	43			150	135
1655	0	0			93	126
1656	0	26			150	150
1657	6	8			150	150
1658	0	0			150	150
1659	0	0			150	150
1660	0	6			150	150
1661	25	40			150	150
1662	48	2			150	129
1663	1	1			150	150
1664	8	2			150	143
1665	6	13			114	150
1666	0	0			150	98
1667	0	0			150	98
1668	9	0			150	128
1669	0	0			150	150
1670	75	86			150	150
1671	39	4			150	150
1672	78	64			150	150
1673	34	44			150	150
1674	63	67			150	139
1675	0	21			150	150
1676	128	218			150	150
1677	20	20			150	150
1678	0	4			150	145
1679	37	1			150	150
1680	32	27			150	150
1681	13	18			150	150
1682	0	5			129	114
1683	21	385			150	150
1684	2	2			150	150
1685	21	209			135	150
1686	23	39			142	150
1687	0	0			144	150
1688	0	0			144	150
1689	0	0			150	150
1690	11	4			150	132
1691	630	336			150	150
1692	581	82			150	150
1693	5	0			142	150
1694	0	13			96	93
1695	0	0			150	98
1696	0	0			150	98
1697	8	0			120	150
1698	113	50			150	117
1699	88	126			150	150
1700	14	1054			150	150
1701	5	1054			150	150
1702	36	40			150	150
1703	0	0			150	150
1704	4	7			150	150
1705	3	6			150	150
1706	0	0			150	150
1707	16	11			150	150
1708	7	3			141	150
1709	0	0			99	132
1710	41	199			150	150
1711	41	262			150	135
1712	199	262			150	135
1713	73	115			150	150
1714	0	4			149	150
1715	0	1			149	150
1716	12	23			150	150
1717	28	21			150	150
1718	28	2			150	150
1719	20	13			150	150
1720	31	41			150	150
1721	25	50			150	150
1722	25	31			149	150
1723	30	32			150	150
1724	0	162			150	150
1725	0	0			77	150
1726	1	564			148	150
1727	27	25			146	146
1728	9	26			150	150
1729	20	0			150	80
1730	4665	5860			150	150
1731	146	119			150	150
1732	515	618			150	135
1733	30	26			150	142
1734	154	135			150	150
1735	42	65			150	150
1736	66	0			150	135
1737	71	23			150	150
1738	85	24			144	144
1739	0	0			111	150
1740	5	51			150	150
1741	24	19			150	150
1742	16	18			150	150
1743	0	40			150	150
1744	11	0			150	150
1745	0	0			150	79
1746	9	0			150	150
1747	5	2			125	150
1748	6	2			125	150
1749	0	2			127	150
1750	5	2			125	150
1751	0	3			131	125
1752	4943	8076			150	150
1753	23	4			150	150
1754	0	0			116	150
1755	6	12			150	150
1756	0	1			150	150
1757	3	6			150	150
1758	0	3			150	150
1759	0	0			150	150
1760	0	0			150	150
1761	0	0			150	150
1762	0	0			150	150
1763	0	0			150	150
1764	80	160			150	141
1765	88	105			150	150
1766	1	0			127	150
1767	4	42			133	150
1768	0	0			104	150
1769	125	21			150	144
1770	0	0			132	150
1771	107	0			150	150
1772	254	729			105	129
1773	14	729			126	129
1774	0	0			93	93
1775	0	0			93	150
1776	5	11			150	141
1777	11	8			150	150
1778	11	0			150	150
1779	11	24			150	149
1780	0	24			150	149
1781	26	61			150	150
1782	9	31			150	150
1783	0	0			150	114
1784	0	0			150	114
1785	3	2			150	150
1786	3	0			150	150
1787	1	3			150	150
1788	1	8			150	150
1789	2	2			134	150
1790	2	0			134	150
1791	0	6			134	150
1792	2	0			150	150
1793	3	8			150	150
1794	0	0			150	150
1795	0	0			150	137
1796	0	0			150	137
1797	0	0			150	150
1798	110	140			150	150
1799	9	49			150	150
1800	88	35			150	150
1801	32	932			150	150
1802	32	932			150	150
1803	0	0			150	150
1804	4	0			150	122
1805	1	20			150	150
1806	20	12			150	150
1807	68	42			114	150
1808	0	0			135	117
1809	0	0			108	117
1810	0	0			108	135
1811	0	0			108	135
1812	86	3			148	148
1813	23	19			142	150
1814	9	19			120	150
1815	19	13			150	142
1816	0	13			120	142
1817	0	25			117	150
1818	9	25			120	150
1819	0	25			117	150
1820	0	25			120	150
1821	0	46			150	150
1822	19	28			150	150
1823	0	0			150	150
1824	0	0			135	147
1825	1	24			115	130
1826	1	40			115	130
1827	22	3			150	150
1828	4	13			150	150
1829	0	0			150	150
1830	1	3			133	122
1831	1	2			133	150
1832	3	2			122	150
1833	29	6			150	150
1834	0	11			93	93
1835	11	10			121	150
1836	10	2			150	121
1837	2	12			123	150
1838	62	31			150	117
1839	0	0			121	150
1840	0	0			150	150
1841	0	0			121	150
1842	0	0			84	84
1843	0	0			150	84
1844	0	0			150	84
1845	160	0			150	150
1846	18	20			147	147
1847	100	122			150	133
1848	1	2			150	150
1849	0	0			150	150
1850	18	12			139	150
1851	51	109			150	150
1852	0	1			150	150
1853	32	31			129	150
1854	90	63			150	141
1855	0	0			150	150
1856	7	57			150	150
1857	14	58			150	150
1858	10	19			150	150
1859	144	168			150	150
1860	1	3			150	150
1861	1	0			150	129
1862	116	121			150	150
1863	66	118			150	150
1864	3	0			109	150
1865	9	16			150	150
1866	19	19			136	142
1867	11	10			150	150
1868	0	0			126	150
1869	0	0			105	150
1870	2	5			150	150
1871	2	0			150	150
1872	5	0			150	150
1873	2	14			123	150
1874	0	8			93	93
1875	15	9			150	140
1876	0	0			150	150
1877	14	25			150	150
1878	33	28			142	136
1879	14	10			146	150
1880	0	1			150	150
1881	1	0			115	118
1882	36	25			150	123
1883	72	30			150	150
1884	13	5			150	150
1885	12	8			143	150
1886	0	0			150	150
1887	18	16			99	126
1888	0	0			99	102
1889	1	15			102	126
1890	1	5			102	129
1891	80	64			150	150
1892	150	0			150	102
1893	162	71			150	102
1894	1	115			150	150
1895	12	0			150	150
1896	0	0			150	98
1897	0	0			150	98
1898	7	10			139	150
1899	0	4			150	150
1900	5	2			150	150
1901	2	0			150	150
1902	237	202			139	150
1903	60	93			150	150
1904	24	80			150	150
1905	0	2			150	150
1906	36	28			150	150
1907	0	11			150	150
1908	97	34			135	141
1909	6	1			150	150
1910	0	0			147	127
1911	68	8			150	109
1912	50	1			142	150
1913	0	0			102	99
1914	26	22			150	150
1915	0	0			97	150
1916	132	11			150	150
1917	65	48			150	150
1918	211	41			150	150
1919	322	232			150	150
1920	0	0			93	90
1921	5	78			102	150
1922	5	77			102	150
1923	178	192			150	150
1924	0	1			150	99
1925	6	24			148	78
1926	29	0			123	99
1927	23	26			150	142
1928	31	38			150	150
1929	2	2			150	150
1930	1	0			144	81
1931	1	11			120	150
1932	216	24			150	150
1933	25	26			101	150
1934	15	55			150	150
1935	7	0			108	96
1936	6	0			150	96
1937	6	7			150	108
1938	0	0			150	111
1939	0	25			150	150
1940	0	64			150	150
1941	5	37			150	150
1942	10	4			150	150
1943	0	0			150	150
1944	0	0			125	150
1945	13	0			150	150
1946	0	0			150	150
1947	0	0			150	150
1948	281	0			150	97
1949	0	6			150	150
1950	65	61			150	150
1951	45	54			150	136
1952	0	0			150	117
1953	22	31			124	147
1954	88	83			150	149
1955	90	187			150	150
1956	0	1			150	150
1957	0	1			150	150
1958	0	1			150	150
1959	0	0			150	150
1960	0	0			150	150
1961	0	0			150	150
1962	0	0			150	150
1963	30	0			150	150
1964	0	0			150	150
1965	8	39			111	150
1966	59	75			150	150
1967	199	500			150	150
1968	2	500			150	150
1969	4	8			150	150
1970	0	0			87	87
1971	2	6			150	150
1972	96	6			150	150
1973	29	60			150	150
1974	24	55			150	150
1975	151	4			150	150
1976	43	51			150	150
1977	0	0			150	150
1978	3	146			150	150
1979	6	205			150	150
1980	4	188			150	150
1981	152	191			150	150
1982	151	180			150	133
1983	216	171			150	133
1984	132	0			120	150
1985	56	65			150	150
1986	0	27			150	150
1987	0	0			150	150
1988	6	26			150	146
1989	2	26			150	146
1990	2	6			150	150
1991	7	76			150	150
1992	47	204			150	150
1993	35935	4296			150	98
1994	0	0			150	150
1995	0	0			150	150
1996	1	0			150	150
1997	17	9			150	147
1998	14	4			150	136
1999	6	4			150	150
2000	0	0			150	150
2001	85	0			150	150
2002	0	113			150	150
2003	0	0			138	150
2004	0	0			138	150
2005	0	0			150	150
2006	0	0			150	138
2007	0	0			150	138
2008	499	468			150	150
2009	1	2			150	150
2010	144	173			150	150
2011	0	0			139	150
2012	10	15			150	150
2013	0	1			150	150
2014	81	108			150	150
2015	112	87			150	150
2016	0	1			108	150
2017	10	188			150	150
2018	0	0			144	147
2019	0	0			150	150
2020	889	1			150	150
2021	0	0			150	150
2022	43	57			150	150
2023	130	61			145	150
2024	0	0			83	77
2025	0	0			150	133
2026	0	0			150	150
2027	0	0			150	87
2028	0	0			87	150
2029	0	0			150	150
2030	104	77			149	150
2031	26	72			150	150
2032	17	14			150	150
2033	42	28			150	150
2034	10	1			150	114
2035	7	2			150	150
2036	28	326			150	136
2037	2	15			118	150
2038	99	84			150	150
2039	0	0			150	150
2040	47	7			150	150
2041	275	354			150	150
2042	58	124			150	150
2043	2	11			150	150
2044	2	16			150	150
2045	2	0			150	150
2046	26	66			150	150
2047	26	64			150	150
2048	0	0			150	141
2049	17	14			150	150
2050	12	10			150	150
2051	0	0			123	150
2052	35	3			150	150
2053	0	0			150	150
2054	352	586			150	150
2055	0	0			150	129
2056	4	17			150	150
2057	0	0			125	150
2058	1	49			150	150
2059	4	0			150	129
2060	320	104			150	150
2061	0	0			150	133
2062	3	51			150	149
2063	7	89			150	149
2064	0	0			129	150
2065	184	168			150	150
2066	40	114			126	150
2067	0	0			130	150
2068	0	0			93	150
2069	224	1			150	150
2070	225	339			150	150
2071	0	0			150	150
2072	5	0			150	150
2073	5	0			150	150
2074	21	22			150	150
2075	34	1			148	150
2076	32	24			148	150
2077	15	20			150	148
2078	115	112			150	150
2079	12	9			150	126
2080	1	8			120	90
2081	1	0			120	90
2082	8	0			90	90
2083	7	13			150	144
2084	5	3			150	139
2085	71	57			150	150
2086	113	29			150	102
2087	0	0			150	98
2088	0	0			150	98
2089	35	2			150	150
2090	28	85			150	150
2091	0	31			150	150
2092	0	31			109	150
2093	0	0			109	150
2094	23	132			150	150
2095	23	89			150	150
2096	6	11			150	150
2097	5	8			150	150
2098	10	14			135	149
2099	0	22			150	135
2100	194	2			108	111
2101	0	0			143	134
2102	53	52			150	105
2103	45	93			105	141
2104	0	1			150	140
2105	12	0			150	149
2106	12	38			150	150
2107	0	30			149	150
2108	24	31			150	150
2109	23	16			150	105
2110	66	126			128	150
2111	83	147			150	150
2112	66	88			150	150
2113	0	0			150	150
2114	4	89			150	150
2115	3	89			150	150
2116	3	89			150	150
2117	0	0			150	150
2118	0	0			150	150
2119	0	0			150	150
2120	0	0			150	150
2121	0	0			150	150
2122	0	0			150	150
2123	0	0			150	150
2124	0	0			150	150
2125	0	0			150	150
2126	18	44			149	150
2127	0	1			150	134
2128	7	6			147	150
2129	3	0			150	150
2130	0	0			150	150
2131	93	1			150	87
2132	26	1			87	87
2133	4	3			138	150
2134	1	3			138	150
2135	7	3			150	150
2136	7	1			150	138
2137	7	4			150	138
2138	192	240			150	150
2139	319	293			150	150
2140	409	406			150	150
2141	1	5			150	150
2142	0	47			150	150
2143	10	0			150	150
2144	7	0			150	150
2145	313	0			150	77
2146	1	2			150	150
2147	0	0			127	127
2148	0	2			150	150
2149	0	1			127	127
2150	6	1			127	127
2151	6	0			127	127
2152	1	90			150	150
2153	35	50			150	150
2154	33	41			150	150
2155	0	0			150	126
2156	47	82			150	150
2157	0	1			150	150
2158	3	5			147	150
2159	0	0			135	150
2160	10	1			150	150
2161	0	1			150	150
2162	31	61			116	150
2163	65	164			150	150
2164	58	145			150	150
2165	51	78			150	150
2166	96	1			87	87
2167	96	2			87	150
2168	0	0			150	103
2169	0	0			150	150
2170	4	9			112	150
2171	16	18			150	116
2172	31	18			150	116
2173	16	72			150	150
2174	31	72			150	150
2175	259	280			150	150
2176	192	100			129	150
2177	192	155			150	150
2178	0	7			102	99
2179	1	0			150	150
2180	32	0			150	106
2181	15	1			129	141
2182	0	2			150	150
2183	1	2			150	150
2184	0	1			150	150
2185	1	1			150	150
2186	0	0			136	150
2187	0	0			150	150
2188	0	0			150	150
2189	0	159			111	121
2190	99	102			141	150
2191	0	0			150	150
2192	24	73			150	150
2193	0	0			99	99
2194	13	0			134	99
2195	73	9			150	134
2196	32	0			150	134
2197	0	1			150	150
2198	0	2			83	83
2199	1	0			83	110
2200	1	0			83	83
2201	0	0			110	83
2202	0	0			132	141
2203	0	3			99	99
2204	0	1			120	117
2205	1	1			150	150
2206	0	1			92	95
2207	139	113			150	150
2208	245	2092			150	150
2209	9	12			150	150
2210	222	56			150	92
2211	107	56			150	92
2212	0	0			111	150
2213	71	1			150	108
2214	0	0			147	150
2215	0	0			129	150
2216	0	0			129	150
2217	0	0			129	150
2218	0	3			129	150
2219	0	0			129	150
2220	0	0			150	150
2221	0	3			150	150
2222	0	0			150	150
2223	0	0			150	150
2224	0	3			150	150
2225	0	0			150	150
2226	0	0			150	150
2227	3	0			150	150
2228	0	0			150	150
2229	0	0			150	123
2230	202	152			150	147
2231	20	31			150	150
2232	0	0			150	150
2233	0	0			150	150
2234	6	43			150	138
2235	0	0			150	146
2236	0	105			150	150
2237	12	38			109	143
2238	54	71			150	150
2239	1	3			150	150
2240	2	123			139	148
2241	0	0			150	144
2242	0	0			150	150
2243	50	90			150	147
2244	40	54			150	150
2245	114	163			150	150
2246	0	0			150	111
2247	9	21			119	150
2248	0	2			150	150
2249	0	3			150	150
2250	497	525			150	150
2251	13	0			150	120
2252	0	0			150	150
2253	2	0			129	150
2254	0	0			150	117
2255	121	325			150	150
2256	1	212			129	150
2257	16	1			150	150
2258	0	2			150	109
2259	0	4			94	94
2260	39	52			150	150
2261	57	0			150	150
2262	0	1			121	133
2263	23	6			145	150
2264	13	12			145	150
2265	0	0			126	150
2266	0	0			119	150
2267	0	0			150	99
2268	0	0			116	99
2269	0	0			116	150
2270	0	0			150	150
2271	0	0			150	150
2272	128	212			150	150
2273	14	1			150	150
2274	2	0			150	150
2275	2	1			150	150
2276	61	71			150	150
2277	43	3			150	130
2278	0	105			150	150
2279	0	105			150	150
2280	125	144			150	150
2281	21	13			150	150
2282	0	2			150	149
2283	0	1			119	150
2284	0	2			150	150
2285	1	0			135	135
2286	1	4			150	150
2287	1	1			150	108
2288	0	1			150	150
2289	22	71			147	150
2290	55	71			111	150
2291	22	53			150	150
2292	0	0			150	150
2293	20	159			111	150
2294	6	0			150	111
2295	0	12			150	138
2296	0	6			150	150
2297	9	24			150	150
2298	25	2			150	150
2299	0	0			123	150
2300	0	0			143	137
2301	0	0			150	150
2302	144	175			150	150
2303	2	29			78	78
2304	0	0			93	93
2305	8	9			150	150
2306	132	106			150	150
2307	0	1			150	150
2308	155	3			150	150
2309	0	0			90	78
2310	0	0			117	78
2311	1	5			150	150
2312	37	58			130	150
2313	48	38			150	150
2314	23	0			150	150
2315	9	28			150	150
2316	75	48			150	150
2317	148	0			150	150
2318	86	0			150	150
2319	20	58			150	150
2320	517	691			150	150
2321	9	11			150	150
2322	6	7			150	150
2323	0	0			127	150
2324	8	0			150	150
2325	0	0			150	150
2326	1	0			150	150
2327	0	3			150	150
2328	68	57			150	150
2329	5	2			150	150
2330	112	1			150	150
2331	4	4			150	150
2332	8	13			150	150
2333	17	8			150	137
2334	14	9			113	137
2335	29	9			150	137
2336	36	9			150	137
2337	29	14			150	113
2338	36	14			150	113
2339	28	22			150	113
2340	0	0			150	150
2341	0	0			150	150
2342	0	0			150	150
2343	3	7			125	150
2344	18	3			150	150
2345	3	45			150	150
2346	11	60			150	150
2347	6	130			150	150
2348	23	41			150	150
2349	5	1			150	150
2350	5	1			150	150
2351	0	9			150	150
2352	155	185			150	150
2353	12	157			150	150
2354	118	132			150	150
2355	155	128			150	150
2356	42	46			150	150
2357	94	182			150	150
2358	65	79			150	150
2359	0	62			78	150
2360	5	3			124	117
2361	30	73			150	150
2362	14	8			150	150
2363	0	0			150	150
2364	16	7			132	120
2365	14	8			141	120
2366	8	30			141	138
2367	594	666			142	150
2368	0	3			93	93
2369	3	1			150	150
2370	0	2			90	150
2371	0	0			131	141
2372	2	0			150	96
2373	203	279			150	150
2374	1	0			150	150
2375	2	8			150	150
2376	1	0			150	150
2377	0	10			150	150
2378	1	0			150	150
2379	1	0			150	150
2380	0	1			150	150
2381	3	2			81	150
2382	20	51			147	150
2383	0	0			150	150
2384	1	4			150	150
2385	58	66			150	150
2386	1	3			145	150
2387	0	2			130	150
2388	0	0			138	120
2389	6	0			150	127
2390	33	24			145	150
2391	5	19			119	125
2392	0	0			150	150
2393	0	0			81	81
2394	0	0			150	150
2395	155	90			150	116
2396	0	0			150	150
2397	119	153			150	150
2398	103	154			150	150
2399	320	3			150	124
2400	27	452			150	150
2401	189	452			150	150
2402	0	1			150	150
2403	0	0			150	150
2404	0	24			150	115
2405	1	0			150	150
2406	68	40			150	150
2407	0	0			145	150
2408	226	126			150	150
2409	97	191			150	137
2410	34	1			150	144
2411	0	1			123	150
2412	0	0			93	93
2413	1	0			150	137
2414	4	1			150	150
2415	0	3			150	135
2416	0	0			150	133
2417	2	0			133	150
2418	103	151			150	150
2419	389	536			150	150
2420	80	47			150	121
2421	6	0			126	126
2422	0	7			126	138
2423	217	253			150	150
2424	35	3			150	150
2425	1	3			149	150
2426	1	35			149	150
2427	10	30			150	150
2428	18	14			150	150
2429	2	3			150	150
2430	43	20			150	150
2431	21	55			150	150
2432	21	19			150	150
2433	19	8			150	117
2434	14	4			150	124
2435	32	33			150	150
2436	73	87			146	149
2437	18	88			150	150
2438	9	28			150	150
2439	64	117			150	150
2440	124	120			150	150
2441	1	13			150	150
2442	43	53			150	150
2443	42	20			142	113
2444	31	36			150	150
2445	17	15			150	150
2446	33	48			150	150
2447	268	304			150	150
2448	129	1			150	150
2449	136	111			136	127
2450	0	0			150	150
2451	13	4			150	150
2452	6	4			150	150
2453	105	76			127	125
2454	120	3			150	150
2455	2	0			150	125
2456	1	0			150	150
2457	132	0			150	150
2458	132	1			150	150
2459	13	15			150	150
2460	1	14			147	150
2461	0	0			150	98
2462	0	0			150	98
2463	0	0			150	150
2464	0	0			150	150
2465	0	0			150	150
2466	0	0			150	150
2467	0	0			150	150
2468	0	3			150	114
2469	3	36			150	150
2470	16	33			150	150
2471	0	0			123	150
2472	139	125			137	150
2473	5	1			141	150
2474	0	0			96	99
2475	2	0			150	150
2476	1	0			150	125
2477	54	32			150	134
2478	166	237			126	150
2479	35	38			150	150
2480	23	38			150	150
2481	20	23			147	147
2482	9	23			147	147
2483	1	1			150	150
2484	6	7			150	150
2485	34	308			118	150
2486	26	249			118	150
2487	112	99			150	150
2488	9	1			150	150
2489	10	1			150	150
2490	0	0			94	94
2491	0	0			87	87
2492	0	0			87	87
2493	0	0			87	87
2494	2	1			150	150
2495	19	15			150	150
2496	22	11			150	150
2497	71	59			150	150
2498	135	2			150	150
2499	498	617			150	150
2500	38	38			138	150
2501	7	0			150	150
2502	7	0			150	150
2503	0	0			150	150
2504	0	0			141	150
2505	0	0			141	150
2506	9	6			150	150
2507	14	24			150	144
2508	81	0			150	150
2509	12	10			150	150
2510	12	37			150	146
2511	12	28			150	137
2512	10	37			150	146
2513	10	28			150	137
2514	1	4			150	147
2515	581	550			150	143
2516	33	38			150	150
2517	0	0			123	150
2518	11	5			138	150
2519	83	116			150	103
2520	178	116			140	103
2521	13	20			150	150
2522	2	1			150	150
2523	2	5			150	150
2524	1	5			150	150
2525	0	0			150	150
2526	137	2			145	147
2527	5	18			150	147
2528	5	10			150	150
2529	1	22			146	147
2530	52	44			136	150
2531	30	0			150	150
2532	46	9			150	150
2533	3	0			150	150
2534	1	0			150	150
2535	2	0			150	150
2536	48	70			123	150
2537	47	48			150	150
2538	38	37			150	147
2539	61	80			150	150
2540	20	42			150	150
2541	49	4			150	142
2542	49	40			150	150
2543	40	42			150	150
2544	1	42			144	150
2545	40	44			150	150
2546	26	38			131	150
2547	0	27			125	122
2548	56	160			150	150
2549	0	7			150	150
2550	224	438			113	150
2551	108	126			150	150
2552	0	0			109	143
2553	0	0			150	150
2554	5	0			150	150
2555	5	0			150	150
2556	7	11			126	148
2557	19	16			126	148
2558	19	14			126	148
2559	16	14			148	148
2560	22	6			148	148
2561	1	353			102	150
2562	180	194			150	150
2563	41	16			150	104
2564	38	27			150	150
2565	45	81			150	150
2566	0	0			150	150
2567	9	0			150	150
2568	11	42			150	150
2569	53	274			120	117
2570	13	11			150	150
2571	0	0			150	150
2572	0	0			150	150
2573	4	7			150	150
2574	28	27			150	123
2575	28	26			150	118
2576	42	78			138	150
2577	2	2			150	127
2578	0	121			150	150
2579	1	5			150	150
2580	1	1			150	150
2581	0	5			140	150
2582	87	346			150	132
2583	0	0			123	140
2584	0	1			150	150
2585	104	117			150	150
2586	0	0			123	150
2587	13	20			150	150
2588	32	15			150	150
2589	3	26			150	150
2590	28	26			150	150
2591	13	30			150	150
2592	28	41			150	150
2593	82	67			150	150
2594	41	46			150	150
2595	40	30			150	150
2596	321	323			150	138
2597	307	308			150	150
2598	195	271			145	136
2599	0	4			147	150
2600	385	1301			134	150
2601	11	1			150	150
2602	4	1			150	150
2603	10	2			150	150
2604	2	2			130	150
2605	69	2			150	150
2606	69	10			150	150
2607	69	2			150	130
2608	176	166			150	150
2609	122	2			150	103
2610	91	75			143	150
2611	1	46			150	150
2612	5	28			150	150
2613	0	44			142	116
2614	2	1			150	150
2615	7	37			110	150
2616	17	25			150	122
2617	0	0			150	148
2618	0	2			150	150
2619	7	4			150	150
2620	71	0			150	150
2621	1	0			150	150
2622	10	154			150	150
2623	13	5			126	150
2624	1	2			150	150
2625	30	47			150	150
2626	33	45			150	139
2627	52	128			140	150
2628	23	26			150	150
2629	0	0			96	102
2630	0	0			96	96
2631	227	185			150	150
2632	297	6			87	87
2633	0	0			150	150
2634	0	0			150	150
2635	0	0			132	150
2636	0	0			150	150
2637	0	6			150	121
2638	0	1			109	150
2639	0	0			150	150
2640	0	0			150	150
2641	2	0			150	150
2642	0	0			150	150
2643	0	0			150	150
2644	2	0			150	150
2645	0	0			150	150
2646	2	0			150	150
2647	0	0			150	150
2648	0	2			150	150
2649	0	0			123	150
2650	101	168			136	150
2651	87	1			150	136
2652	93	105			150	136
2653	0	1			90	150
2654	3	3			145	136
2655	0	0			129	129
2656	13	181			150	150
2657	0	0			78	78
2658	0	0			78	78
2659	0	0			78	78
2660	1	0			150	150
2661	0	4			150	150
2662	9	0			150	150
2663	56	57			150	150
2664	9	69			85	150
2665	0	0			96	150
2666	0	0			150	147
2667	58	17			150	150
2668	0	47			150	147
2669	58	9			150	141
2670	17	13			141	135
2671	45	55			128	146
2672	1	0			150	150
2673	16	0			150	108
2674	3	0			150	150
2675	40	71			147	150
2676	65	71			144	150
2677	2	17			150	150
2678	4	26			150	150
2679	38	72			111	150
2680	73	24			150	105
2681	31	24			117	105
2682	5	11			150	148
2683	104	178			150	150
2684	5	4			101	130
2685	11	23			150	150
2686	2	23			150	150
2687	68	0			150	150
2688	0	183			119	150
2689	0	0			150	150
2690	34	37			150	143
2691	0	0			123	150
2692	0	0			150	150
2693	400	340			150	150
2694	0	0			150	132
2695	139	98			150	150
2696	32	39			150	150
2697	65	39			150	150
2698	2	3			138	150
2699	8	294			101	150
2700	0	0			150	150
2701	0	0			150	150
2702	0	0			150	150
2703	0	0			148	150
2704	0	0			150	150
2705	0	0			138	140
2706	0	0			150	150
2707	0	0			128	150
2708	0	0			150	150
2709	6	2			150	98
2710	8	2			150	98
2711	37	67			150	150
2712	52	92			150	150
2713	52	6			150	150
2714	74	95			150	150
2715	160	5			150	150
2716	0	0			147	141
2717	55	83			150	150
2718	27	2			150	129
2719	1	0			96	96
2720	17	7			150	150
2721	1	64			150	128
2722	7	42			150	150
2723	39	67			123	146
2724	38	39			141	123
2725	1	13			129	149
2726	0	5			150	139
2727	0	0			150	150
2728	42	107			150	150
2729	0	0			147	141
2730	2	0			150	150
2731	14	4			150	150
2732	43	56			150	150
2733	0	0			150	130
2734	44	43			150	150
2735	63	32			150	150
2736	22	33			130	150
2737	0	0			150	150
2738	255	248			136	150
2739	1	0			150	150
2740	47	1			150	150
2741	47	53			150	150
2742	4	796			150	150
2743	1	1			110	150
2744	1	0			150	150
2745	1	5			150	114
2746	0	0			102	132
2747	107	139			150	150
2748	15	26			150	150
2749	0	0			150	150
2750	202	3			143	138
2751	79	94			150	150
2752	11	35			150	150
2753	2	6			150	150
2754	0	14			150	150
2755	62	0			150	116
2756	57	0			132	116
2757	10	100			150	150
2758	21	28			120	144
2759	72	242			150	150
2760	331	374			150	150
2761	0	58			81	150
2762	56	49			150	150
2763	2	5			135	135
2764	4	3			150	135
2765	3	4			132	150
2766	6	3			150	147
2767	0	0			145	150
2768	169	202			150	150
2769	0	0			150	150
2770	0	17			150	150
2771	6	1			116	150
2772	18	0			87	150
2773	0	0			150	103
2774	0	0			150	150
2775	0	0			150	150
2776	201	364			150	150
2777	112	157			150	150
2778	1	157			150	150
2779	117	153			150	150
2780	1	1			150	150
2781	0	0			150	128
2782	75	85			150	150
2783	198	224			150	150
2784	0	0			150	148
2785	1	15			150	150
2786	1	6			150	112
2787	0	0			150	150
2788	57	0			145	150
2789	0	0			105	147
