ID	IJC_SAMPLE_1	SJC_SAMPLE_1	IJC_SAMPLE_2	SJC_SAMPLE_2	IncFormLen	SkipFormLen
0	0	0			247	137
1	0	0			367	137
2	0	0			367	247
3	0	0			168	98
4	0	0			168	98
5	0	0			138	255
6	0	0			138	255
7	0	0			153	255
8	0	0			153	138
9	0	0			153	138
10	0	0			247	137
11	0	0			367	137
12	0	0			367	247
13	0	0			138	255
14	0	0			138	255
15	0	0			153	255
16	0	0			153	138
17	0	0			153	138
18	0	0			123	165
19	0	0			247	137
20	0	0			367	137
21	0	0			367	247
22	0	0			138	255
23	0	0			138	255
24	0	0			153	255
25	0	0			153	138
26	0	0			153	138
27	0	0			174	214
28	0	0			224	108
29	0	0			192	111
30	0	0			123	165
31	0	0			247	137
32	0	0			367	137
33	0	0			367	247
34	0	0			138	255
35	0	0			138	255
36	0	0			153	255
37	0	0			153	138
38	0	0			153	138
39	0	0			123	165
40	0	0			247	137
41	0	0			367	137
42	0	0			367	247
43	0	0			168	98
44	0	0			168	98
45	0	0			192	111
46	0	0			179	259
47	0	0			259	333
48	0	0			193	192
49	0	0			147	141
50	0	0			218	103
51	0	0			360	151
52	0	0			193	192
53	0	0			111	153
54	0	0			218	103
55	0	0			360	151
56	0	0			147	141
57	0	0			218	103
58	0	0			360	151
59	0	0			193	192
60	0	0			147	141
61	0	0			111	153
62	0	0			193	192
63	0	0			147	141
64	0	0			372	372
65	0	0			218	103
66	0	0			360	151
67	0	0			84	102
68	0	0			148	226
69	0	0			165	238
70	0	0			231	174
71	0	0			141	312
72	0	0			138	297
73	0	0			1374	252
74	0	0			99	126
75	0	0			99	102
76	0	0			102	126
77	0	0			102	129
78	0	0			170	186
79	0	0			206	217
80	0	0			230	203
81	0	0			403	121
82	0	0			182	177
83	0	0			284	177
84	0	0			172	246
85	0	0			172	153
86	0	0			232	211
87	0	0			232	170
88	0	0			190	183
89	0	0			166	291
90	0	0			160	108
91	0	0			126	179
92	0	0			218	103
93	0	0			360	151
94	0	0			173	173
95	0	0			372	372
96	11	6			210	165
97	0	0			123	165
98	0	0			106	170
99	0	0			420	238
100	17	97			138	297
101	57	77			170	186
102	0	0			193	192
103	0	0			192	111
104	0	0			231	231
105	0	0			194	457
106	0	122			115	205
107	8	0			111	105
108	2	3			217	183
109	0	0			193	114
110	97	391			213	123
111	2	13			184	222
112	41	49			206	217
113	2	534			148	370
114	35	0			175	121
115	220	0			1266	192
116	18	2			93	90
117	78	124			210	231
118	82	112			173	187
119	1	18			144	111
120	0	0			93	93
121	0	0			206	126
122	0	0			206	235
123	0	0			126	235
124	84	48			169	159
125	1617	119			153	210
126	4	0			175	160
127	58	66			123	140
128	17	9			211	172
129	1	0			420	238
130	88	29			252	146
131	1	122			188	185
132	33	270			262	738
133	23	41			163	207
134	0	7			136	168
135	0	1			182	221
136	728	948			176	189
137	620	512			255	210
138	2	10			167	212
139	35	60			142	227
140	241	215			251	225
141	126	7			2424	234
142	2	13			167	195
143	40	210			142	427
144	5	30			263	215
145	22	0			215	169
146	2511	466			573	156
147	32	4			115	118
148	154	108			241	191
149	510	411			199	189
150	149	179			154	146
151	16	4			223	434
152	13	1			223	113
153	16	1			223	113
154	31	2			282	254
155	42	108			233	218
156	24	17			207	182
157	8	31			136	193
158	62	52			341	224
159	8	59			146	229
160	419	404			216	220
161	6	4			146	153
162	1	0			153	119
163	1	8			153	130
164	4	0			153	119
165	0	8			119	130
166	0	4			154	255
167	3	9			255	130
168	25	311			121	204
169	3	323			121	204
170	52	323			175	204
171	56	323			180	204
172	52	3			175	121
173	56	3			180	121
174	4	10			147	144
175	0	0			175	215
176	0	0			185	133
177	16	39			118	226
178	26	4			129	148
179	105	196			148	194
180	11	1			1030	221
181	3	1			197	221
182	164	58			242	264
183	64	31			254	254
184	62	83			213	206
185	30	63			199	233
186	0	1			141	175
187	27	12			219	184
188	1224	133			243	132
189	113	160			191	294
190	44	44			179	156
191	29	26			157	147
192	6	2			300	144
193	0	0			117	243
194	25	26			134	159
195	504	201			585	456
196	504	204			585	318
197	325	168			557	216
198	0	0			222	207
199	2	0			645	198
200	80	137			163	205
201	92	44			199	160
202	0	0			123	182
203	5	53			193	225
204	93	86			255	318
205	13	10			228	236
206	1	421			155	164
207	0	19			232	266
208	0	0			357	155
209	390	332			141	129
210	308	129			148	230
211	60	214			218	204
212	67	48			184	151
213	56	82			201	217
214	180	595			157	265
215	46	45			217	200
216	0	7			151	192
217	97	187			148	123
218	2	0			141	139
219	0	0			163	118
220	611	46			161	222
221	611	76			161	278
222	0	0			183	168
223	0	0			150	222
224	2	1			319	319
225	20	4			192	122
226	28	6			193	193
227	6	2			106	226
228	1271	646			271	184
229	629	535			480	400
230	735	535			693	400
231	0	1			97	97
232	0	0			111	153
233	0	0			218	103
234	0	0			360	151
235	11	9			247	177
236	26	59			147	285
237	0	3			249	373
238	1	4			136	229
239	1	4			147	229
240	36	99			133	243
241	68	48			207	143
242	80	27			210	175
243	60	73			171	210
244	221	221			319	288
245	89	15			451	197
246	0	0			148	198
247	168	227			163	162
248	131	83			190	138
249	305	8			161	161
250	390	10			156	141
251	250	189			315	230
252	0	0			268	366
253	0	0			314	366
254	21	25			240	240
255	46	56			136	227
256	39	36			164	136
257	37	36			144	136
258	45	0			213	120
259	0	2			200	195
260	0	3			200	250
261	7	4			124	121
262	6	5			153	157
263	1541	1614			192	207
264	907	1173			168	117
265	193	536			166	253
266	0	0			122	119
267	64	107			185	255
268	1397	2905			157	231
269	7	2903			129	231
270	745	1142			176	228
271	2934	6250			237	269
272	149	157			202	195
273	0	0			171	118
274	103	1			328	174
275	65	5			85	85
276	0	2			173	206
277	48	94			208	281
278	0	0			143	143
279	0	0			103	143
280	4	2			299	249
281	16	269			163	393
282	0	0			172	172
283	145	155			200	155
284	52	0			138	193
285	743	3			192	265
286	6	13			164	202
287	28	32			137	236
288	5	10			111	126
289	7	69			91	208
290	14	14			230	202
291	0	0			157	265
292	2	0			269	265
293	2	0			269	157
294	10	21			162	230
295	27	3			206	187
296	22	3			202	187
297	56	87			195	238
298	96	20			238	109
299	8	0			133	102
300	95	110			311	299
301	95	130			311	302
302	1	0			248	173
303	45	124			238	242
304	368	488			238	276
305	663	64			195	132
306	90	235			192	306
307	0	0			163	132
308	45	12			158	158
309	114	183			144	243
310	1	0			166	291
311	0	0			190	183
312	0	0			232	170
313	0	0			232	211
314	50	11			397	200
315	4	0			202	226
316	0	0			166	226
317	0	0			125	143
318	4	0			202	204
319	0	5			223	202
320	0	4			166	202
321	14	4			207	202
322	5	37			373	300
323	0	0			167	136
324	0	4			116	199
325	0	1			123	232
326	0	0			204	213
327	22	51			199	141
328	12	11			174	172
329	136	156			195	195
330	74	28			153	270
331	7	4			194	190
332	4	4			216	190
333	11	4			241	190
334	10	4			199	190
335	9	6			241	211
336	4	7			216	194
337	11	7			241	194
338	10	7			199	194
339	11	4			241	216
340	10	4			199	216
341	10	11			199	241
342	8	10			199	241
343	71	27			302	176
344	20	29			145	172
345	1	7			185	159
346	24	38			197	256
347	8	15			146	273
348	5	3			193	146
349	15	6			150	198
350	10	0			150	174
351	0	0			158	189
352	0	0			202	121
353	23	23			148	114
354	28	41			160	108
355	20	45			108	180
356	103	213			122	165
357	49	1301			144	536
358	30	96			117	149
359	0	4			131	125
360	210	2			185	173
361	145	2			160	173
362	221	236			177	165
363	9	34			149	180
364	71	83			166	180
365	8	4			148	154
366	0	0			174	214
367	90	63			214	179
368	84	23			168	144
369	3	1			165	155
370	2268	1537			241	172
371	1	0			168	193
372	11	24			138	158
373	0	0			120	120
374	6	1			133	150
375	22	1			183	114
376	150	142			224	165
377	700	257			234	138
378	163	26			268	138
379	163	24			268	134
380	15	4			127	126
381	4	5			184	252
382	32	48			129	204
383	15	2			219	147
384	6	7			268	123
385	6	5			150	215
386	2	0			201	170
387	1	0			129	153
388	11	97			168	1330
389	120	78			188	144
390	81	75			195	196
391	95	70			204	196
392	537	503			235	187
393	391	753			166	235
394	644	321			230	166
395	274	626			156	230
396	0	86			100	100
397	55	166			119	180
398	62	0			127	119
399	33	8			230	95
400	6	0			174	96
401	246	219			168	174
402	0	0			135	177
403	3	1			167	155
404	0	1			198	187
405	103	90			167	141
406	0	0			166	295
407	27	69			155	224
408	42	16			224	187
409	12	0			176	142
410	36	9			250	176
411	411	275			297	236
412	270	140			189	132
413	431	294			235	195
414	7	0			199	138
415	7	0			199	147
416	0	0			138	147
417	95	218			123	227
418	74	48			264	258
419	0	0			167	167
420	203	100			243	177
421	116	100			219	177
422	14	5			250	229
423	5	14			141	228
424	33	89			151	196
425	3	252			117	271
426	419	402			171	171
427	0	2			450	651
428	0	0			176	133
429	0	0			108	135
430	16	68			177	192
431	46	68			184	192
432	15	103			172	209
433	1	3			337	200
434	1	1			337	196
435	91	165			302	148
436	2	3			202	159
437	2	5			171	198
438	48	4			140	178
439	64	102			114	246
440	78	42			135	102
441	203	128			181	181
442	23	20			189	249
443	6	9			179	249
444	7	9			182	249
445	23	25			189	189
446	6	14			179	189
447	7	14			182	189
448	8	5			284	192
449	4	7			135	152
450	0	0			430	150
451	0	1			163	366
452	0	0			197	104
453	13	0			182	151
454	0	2			197	273
455	29	32			198	191
456	4	32			95	156
457	67	15			177	177
458	26	29			220	221
459	23	29			201	221
460	0	22			84	84
461	19	4			102	153
462	108	83			211	168
463	15	16			328	200
464	663	236			250	137
465	2	8			231	220
466	2	6			102	201
467	12	50			128	243
468	19	17			187	128
469	194	360			200	199
470	108	118			234	171
471	1	333			156	135
472	48	64			150	129
473	3	41			147	147
474	22	68			214	278
475	29	68			212	278
476	29	22			212	214
477	62	1			286	133
478	7	0			244	174
479	2	0			189	228
480	57	41			284	146
481	57	73			195	280
482	93	17			215	159
483	547	549			159	152
484	1	0			226	197
485	17	13			197	207
486	9	212			166	166
487	0	0			168	168
488	65	0			363	168
489	65	0			363	168
490	552	12			127	229
491	1059	4881			271	691
492	844	534			245	165
493	115	9			207	161
494	24	3			197	200
495	133	148			147	155
496	141	150			172	155
497	1	3			260	258
498	17	0			207	161
499	32	122			162	255
500	786	25			147	245
501	2	0			321	84
502	10	0			516	84
503	2	5			205	462
504	31	23			173	340
505	74	36			200	166
506	0	7			191	195
507	109	2992			245	2620
508	0	19			145	220
509	4	14			155	220
510	0	16			145	671
511	34	187			301	238
512	0	46			200	227
513	27	47			160	218
514	36	56			160	255
515	218	199			205	172
516	148	476			197	204
517	1	0			185	189
518	91	104			203	177
519	0	0			179	119
520	14	1			112	98
521	0	0			79	82
522	7	0			214	214
523	14	30			220	368
524	32	10			704	197
525	1	10			253	197
526	2	45			108	144
527	2	14			108	102
528	0	0			78	255
529	32	378			186	205
530	32	218			186	233
531	19	53			111	161
532	23	2			162	198
533	15	18			154	213
534	312	301			193	182
535	134	244			181	293
536	7	0			113	137
537	535	447			225	195
538	112	201			205	172
539	58	272			118	238
540	286	180			238	153
541	30	37			250	239
542	25	19			175	188
543	678	303			267	150
544	1	0			216	192
545	341	205			265	182
546	0	2			158	125
547	291	978			148	259
548	50	35			158	124
549	0	0			249	246
550	0	0			246	81
551	6	0			138	236
552	0	0			159	168
553	0	0			159	162
554	0	0			168	162
555	0	0			192	196
556	0	0			354	354
557	22	32			198	203
558	482	212			201	201
559	188	673			151	151
560	48	2			149	137
561	64	73			161	164
562	0	0			98	98
563	0	0			81	81
564	55	7			128	132
565	0	0			168	105
566	0	0			117	105
567	0	2			196	193
568	0	0			171	171
569	99	117			215	213
570	7	2			198	292
571	9	1			163	215
572	5	252			147	144
573	23	22			147	261
574	2	13			119	147
575	132	273			141	243
576	46	93			133	147
577	115	161			147	207
578	160	88			207	140
579	474	844			178	205
580	1	33			236	197
581	50	115			114	149
582	0	0			147	141
583	2	6			207	161
584	0	0			157	146
585	11	0			84	84
586	33	37			190	251
587	47	40			171	131
588	57	207			204	750
589	10	8			196	151
590	1	0			692	190
591	4	1			196	163
592	65	47			209	144
593	65	19			144	108
594	140	105			178	159
595	0	0			225	141
596	0	0			260	455
597	5	36			218	264
598	290	153			192	130
599	295	320			192	185
600	295	465			192	243
601	15	8			240	181
602	15	14			240	115
603	5	2			176	198
604	32	59			192	267
605	1	0			171	231
606	7	3			126	270
607	4	0			221	170
608	156	188			208	120
609	11	18			153	135
610	5	0			96	96
611	62	25			190	116
612	79	74			150	235
613	0	0			160	173
614	0	2			129	137
615	485	156			229	135
616	6	11			219	204
617	184	1			100	100
618	24	26			279	234
619	4	1			318	421
620	0	4			318	318
621	176	32			222	114
622	101	142			156	201
623	0	0			172	125
624	0	0			193	192
625	27	18			180	147
626	0	2			200	142
627	1	0			142	194
628	0	0			142	111
629	0	0			182	179
630	258	71			287	132
631	14	14			133	168
632	30	3			168	114
633	0	0			252	180
634	55	108			230	203
635	0	5			168	246
636	0	2			174	200
637	13	1			226	148
638	182	136			363	234
639	14	24			223	399
640	115	95			249	142
641	14	0			165	153
642	0	7			103	183
643	69	66			300	230
644	15	9			186	216
645	0	2			76	211
646	0	0			138	195
647	0	1			186	194
648	269	989			143	250
649	9	0			163	138
650	69	0			243	138
651	69	9			243	163
652	0	0			110	127
653	0	0			126	180
654	115	87			245	162
655	36	92			135	203
656	6	1			125	195
657	0	0			530	142
658	10	33			251	242
659	33	25			245	189
660	144	341			247	376
661	0	2			143	284
662	0	1			141	255
663	542	507			258	183
664	593	453			258	231
665	0	0			123	99
666	0	22			211	214
667	3	0			198	131
668	0	0			193	192
669	71	95			175	169
670	65	412			169	416
671	30	44			155	179
672	9	262			191	732
673	3	89			166	178
674	4	142			166	178
675	324	695			224	304
676	46	58			126	170
677	203	214			210	234
678	207	213			225	234
679	204	221			225	210
680	15	16			182	148
681	10	6			594	412
682	12	124			156	165
683	1	11			290	256
684	1	11			290	255
685	376	7			193	149
686	108	131			200	164
687	163	85			211	166
688	208	244			243	207
689	206	148			207	156
690	0	0			120	208
691	55	27			206	160
692	6	2			147	354
693	7	1			168	202
694	0	1			135	237
695	1	1			211	151
696	0	0			169	126
697	0	65			121	144
698	20	29			243	110
699	1	55			92	183
700	286	490			208	207
701	0	0			262	317
702	118	1			227	215
703	441	263			275	166
704	614	523			960	919
705	2191	6071			222	261
706	146	207			255	296
707	36	14			176	138
708	122	49			228	138
709	0	10			114	170
710	67	54			257	221
711	6	108			213	234
712	13	94			168	248
713	8	87			151	146
714	67	0			255	168
715	68	0			291	168
716	6	146			143	185
717	7	40			269	142
718	38	51			225	324
719	25	51			180	324
720	25	56			180	324
721	0	0			81	81
722	144	76			177	146
723	2	0			195	179
724	97	151			190	241
725	15	2			178	183
726	9	2			197	183
727	9	15			197	178
728	1	0			233	102
729	1	2			111	114
730	0	1			134	118
731	127	98			213	157
732	9	185			270	314
733	15	8			197	159
734	36	14			316	197
735	16	36			239	316
736	0	0			87	84
737	11	0			255	147
738	11	0			255	150
739	1	0			183	150
740	23	74			173	193
741	1	0			142	106
742	197	217			213	181
743	96	217			198	181
744	203	218			215	213
745	66	0			83	83
746	0	0			200	196
747	3	0			84	84
748	53	121			243	252
749	27	0			92	92
750	1	9			99	99
751	0	0			208	211
752	0	2			206	144
753	0	0			206	167
754	2	0			144	167
755	71	103			214	286
756	1	8			262	299
757	1	5			262	133
758	1	1			262	236
759	8	1			299	236
760	5	1			133	236
761	10	11			278	195
762	10	10			274	191
763	135	274			132	216
764	484	136			216	219
765	6	6			158	180
766	12	2			178	109
767	0	0			186	358
768	0	0			186	186
769	30	40			274	197
770	522	6			185	197
771	74	127			172	219
772	104	83			183	141
773	1	4			158	238
774	4	2			173	169
775	578	707			227	198
776	23	0			125	136
777	169	1			286	128
778	84	43			207	195
779	40	3			185	249
780	103	33			147	185
781	4	0			279	132
782	3	0			173	132
783	3	4			173	279
784	15	108			112	225
785	1110	33			178	173
786	1001	3			107	113
787	2	2			198	279
788	6	22			207	290
789	151	1478			164	248
790	0	0			255	206
791	40	52			191	158
792	40	42			191	124
793	43	80			191	177
794	11	140			158	262
795	11	14			158	110
796	0	0			138	149
797	165	0			185	150
798	115	0			214	150
799	7	1			297	110
800	0	0			217	230
801	20	9			204	114
802	47	48			213	201
803	76	106			252	243
804	0	2			114	200
805	23	20			122	147
806	37	98			162	238
807	25	29			153	108
808	79	75			216	143
809	124	160			174	173
810	0	0			97	99
811	3	4			251	200
812	24	2			171	158
813	0	0			120	120
814	3	1			231	135
815	0	0			135	195
816	5	5			192	174
817	0	0			164	279
818	42	8			160	108
819	646	153			195	171
820	13	81			113	254
821	287	787			155	373
822	43	54			173	168
823	0	0			87	87
824	2	0			102	229
825	120	89			245	185
826	248	406			136	171
827	0	0			297	195
828	30	96			124	153
829	1	6			99	100
830	0	0			231	150
831	25	2			177	209
832	0	0			153	169
833	2	0			250	169
834	47	13			243	128
835	28	77			114	195
836	105	105			387	366
837	148	41			366	207
838	2	1164			128	236
839	53	67			161	185
840	0	1			90	90
841	1	13			90	78
842	0	0			117	78
843	19	12			191	204
844	31	27			211	163
845	0	443			113	142
846	124	443			142	142
847	124	0			142	113
848	268	606			171	251
849	522	324			189	130
850	0	2			167	167
851	0	2			192	381
852	7	4			148	198
853	2	4			223	198
854	5	3			148	198
855	39	129			201	270
856	28	33			109	141
857	39	18			225	142
858	1	212			147	247
859	9	212			206	247
860	4	0			175	121
861	10	0			136	128
862	0	15			170	244
863	4	5			157	138
864	5	4			219	198
865	66	101			282	168
866	0	0			234	195
867	0	2			209	174
868	0	1			209	174
869	0	2			273	174
870	0	1			273	174
871	0	0			87	90
872	7	0			128	199
873	925	5714			103	263
874	2746	5714			170	263
875	28	5			293	169
876	4	29			113	164
877	4	1			200	133
878	19	27			164	245
879	21	59			212	281
880	4	7			213	225
881	74	56			230	183
882	44	118			196	209
883	1	1			190	190
884	11	1			192	105
885	1	10			87	87
886	12	106			129	189
887	26	2			399	224
888	0	0			245	205
889	0	0			245	314
890	0	0			205	314
891	652	1694			159	249
892	379	1689			118	235
893	126	192			163	192
894	138	152			162	163
895	244	121			236	215
896	0	0			154	124
897	17	0			178	106
898	0	0			184	282
899	1	0			332	306
900	8	98			102	120
901	69	87			132	155
902	12	6			189	216
903	0	0			162	152
904	0	1			207	300
905	0	1			200	300
906	373	169			299	185
907	188	425			185	366
908	11	6			141	149
909	11	10			141	152
910	16	4			173	262
911	2	3			245	231
912	1	11			114	102
913	1	11			126	102
914	9	7			160	102
915	49	8			244	102
916	143	193			266	152
917	438	91			219	203
918	1	0			180	167
919	1	0			180	131
920	0	0			167	131
921	0	179			98	239
922	6	19			217	252
923	77	3			164	235
924	47	34			198	165
925	0	119			188	171
926	5	0			117	161
927	160	323			154	189
928	2	505			165	189
929	3	30			162	207
930	0	0			199	168
931	9	1			198	180
932	47	33			222	228
933	0	0			127	129
934	0	0			216	269
935	16	32			194	223
936	1	0			474	474
937	0	0			474	474
938	20	31			141	239
939	0	0			110	198
940	0	0			110	229
941	2	0			215	146
942	0	112			124	128
943	48	1			242	184
944	1	33			151	136
945	20	63			195	251
946	0	10			98	95
947	7	81			130	201
948	9	38			201	138
949	140	101			138	183
950	8	21			233	179
951	1	62			106	155
952	1	208			79	247
953	12	35			98	176
954	64	77			185	254
955	37	13			626	176
956	54	2			250	203
957	42	107			250	328
958	18	5			258	160
959	0	1			132	132
960	42	60			125	181
961	4	0			93	93
962	2	0			96	90
963	4	1			96	90
964	14	1			87	99
965	0	50			116	116
966	42	131			123	222
967	0	0			345	360
968	31	93			146	164
969	95	109			166	163
970	63	0			98	101
971	228	250			168	177
972	25	38			181	184
973	952	1290			193	249
974	184	125			301	162
975	21	20			274	209
976	2	28			283	274
977	33	107			180	222
978	5	64			173	173
979	70	26			167	353
980	0	0			282	211
981	18	40			204	204
982	9	31			138	179
983	7	14			266	278
984	0	12			223	220
985	44	92			165	196
986	400	1399			159	261
987	81	61			188	160
988	126	119			213	206
989	0	14			167	235
990	3	0			250	220
991	12	207			136	193
992	0	0			181	171
993	0	0			181	136
994	0	0			171	136
995	19	309			146	796
996	18	14			146	183
997	7	255			158	473
998	213	179			273	262
999	15	167			207	122
1000	25	36			109	126
1001	35	7			150	164
1002	19	37			152	192
1003	5	3			360	135
1004	11	3			849	135
1005	2	2			141	177
1006	0	0			138	204
1007	41	131			130	176
1008	29	0			87	87
1009	1	0			165	155
1010	24	2			220	220
1011	16	25			164	202
1012	16	31			164	257
1013	53	4			443	98
1014	6	8			193	222
1015	0	0			146	135
1016	0	2			249	162
1017	20	151			130	270
1018	20	30			130	121
1019	121	117			270	179
1020	219	116			235	212
1021	142	145			204	264
1022	68	29			237	177
1023	29	95			107	134
1024	31	175			97	195
1025	183	122			268	204
1026	1	33			173	236
1027	17	0			81	81
1028	4	3			225	243
1029	165	256			232	240
1030	127	277			144	218
1031	1	2			281	172
1032	1	2			281	187
1033	1	0			281	237
1034	0	1			213	281
1035	0	0			84	84
1036	0	0			123	219
1037	10	2			203	162
1038	0	0			173	172
1039	0	0			205	131
1040	14	21			143	119
1041	34	21			212	119
1042	0	0			220	190
1043	0	0			138	169
1044	212	135			226	155
1045	30	32			169	137
1046	216	105			237	140
1047	0	0			211	163
1048	73	59			150	110
1049	125	877			144	178
1050	1	0			251	190
1051	0	7			254	174
1052	0	0			204	156
1053	78	246			137	194
1054	107	12			195	153
1055	1	0			194	162
1056	103	122			167	227
1057	0	7			174	279
1058	0	0			174	127
1059	7	0			279	127
1060	0	0			96	90
1061	7	13			157	210
1062	4	13			157	210
1063	5	4			254	157
1064	4	11			254	157
1065	9	15			194	157
1066	10	7			194	254
1067	9	0			209	95
1068	9	0			209	137
1069	0	0			95	137
1070	0	6			147	141
1071	0	6			152	141
1072	0	0			152	147
1073	941	313			172	112
1074	0	1			108	245
1075	8	3			148	167
1076	0	5			188	244
1077	0	9			188	319
1078	0	5			188	244
1079	0	5			162	244
1080	0	9			162	319
1081	2	10			174	147
1082	0	0			81	81
1083	0	0			172	172
1084	1	136			81	144
1085	1	136			81	144
1086	1	1			81	81
1087	20	9			177	180
1088	0	0			241	183
1089	131	27			150	135
1090	2	0			175	154
1091	137	67			208	170
1092	60	54			143	139
1093	17	28			148	172
1094	0	0			166	137
1095	0	1			153	343
1096	1	0			132	176
1097	23	46			148	165
1098	23	31			148	161
1099	86	11			138	97
1100	79	0			138	97
1101	23	77			97	204
1102	49	77			263	204
1103	0	0			195	161
1104	0	0			161	211
1105	82	180			183	216
1106	4	0			218	177
1107	43	0			262	213
1108	0	4			351	348
1109	0	0			211	172
1110	68	50			190	174
1111	36	41			214	189
1112	21	16			364	153
1113	1	1			173	199
1114	40	52			218	212
1115	212	142			167	131
1116	3	0			160	206
1117	0	0			197	197
1118	306	74			249	162
1119	318	74			252	162
1120	10	74			156	162
1121	10	306			156	249
1122	10	318			156	252
1123	154	0			90	93
1124	22	0			147	202
1125	35	62			181	226
1126	0	0			218	103
1127	0	0			360	151
1128	0	0			120	160
1129	0	0			168	160
1130	0	0			168	120
1131	0	0			160	120
1132	0	0			202	189
1133	1	167			165	1290
1134	7	0			111	114
1135	0	4			292	215
1136	0	4			159	215
1137	4	0			163	220
1138	0	6			121	135
1139	0	137			119	112
1140	1	203			102	263
1141	0	0			90	87
1142	13	3			372	372
1143	0	0			96	96
1144	0	0			280	196
1145	47	35			357	276
1146	44	22			212	146
1147	16	45			114	144
1148	0	0			147	141
1149	13	21			230	214
1150	1516	123			151	151
1151	0	0			214	169
1152	24	1			438	208
1153	45	199			136	245
1154	6	10			126	123
1155	6	8			126	186
1156	0	1			129	135
1157	1	2			111	135
1158	1	2			111	262
1159	1	1			129	231
1160	117	40			218	152
1161	3	12			193	199
1162	458	263			263	198
1163	529	488			311	263
1164	0	5			110	93
1165	0	0			267	270
1166	0	0			270	190
1167	0	0			270	187
1168	2	1			211	182
1169	20	20			296	173
1170	16	20			183	173
1171	32	13			251	190
1172	0	17			205	114
1173	21	28			113	164
1174	15	10			206	126
1175	119	152			183	242
1176	3	2			132	226
1177	0	0			201	184
1178	177	433			172	246
1179	287	0			172	153
1180	0	118			248	308
1181	554	1225			147	175
1182	554	68			147	118
1183	53	1			241	169
1184	67	68			168	206
1185	87	24			206	135
1186	5	61			286	135
1187	0	0			140	234
1188	5	4			142	161
1189	4	0			90	105
1190	88	65			138	115
1191	93	104			160	176
1192	255	91			269	269
1193	0	0			256	242
1194	2	1			151	136
1195	5	43			120	140
1196	89	176			197	181
1197	4	10			158	268
1198	1	10			153	268
1199	3	10			258	268
1200	2	10			181	268
1201	1	4			153	158
1202	3	4			258	158
1203	2	4			181	158
1204	3	1			258	153
1205	2	1			181	153
1206	1	66			121	162
1207	1	1			121	133
1208	0	1			177	133
1209	0	1			177	121
1210	65	32			327	199
1211	9	2			141	163
1212	25	219			195	270
1213	759	879			226	221
1214	2	0			217	208
1215	11	93			160	254
1216	139	8			144	196
1217	0	0			153	298
1218	0	4			170	205
1219	11	10			205	193
1220	10	6			193	154
1221	3	8			134	322
1222	10	2			218	134
1223	1	33			102	177
1224	1	14			246	220
1225	80	35			158	175
1226	90	210			213	205
1227	187	200			205	161
1228	44	43			149	159
1229	461	777			231	330
1230	3	5			164	100
1231	11	10			226	185
1232	1	0			209	114
1233	116	132			219	302
1234	6	0			222	98
1235	174	562			177	163
1236	141	124			149	151
1237	2	5			213	219
1238	0	1			159	342
1239	0	1			159	264
1240	0	1			186	196
1241	1	10			155	213
1242	40	135			250	573
1243	744	313			185	152
1244	0	0			151	175
1245	0	0			84	96
1246	0	0			144	93
1247	0	0			102	117
1248	2	172			131	129
1249	20	9			253	162
1250	85	59			209	171
1251	25	13			232	240
1252	2	0			133	117
1253	2	0			168	109
1254	12	0			231	109
1255	2	0			708	168
1256	142	95			195	144
1257	60	77			144	132
1258	0	0			135	168
1259	73	104			159	171
1260	117	146			272	153
1261	77	33			265	192
1262	4	0			221	106
1263	42	22			226	159
1264	7	9			162	193
1265	0	0			195	171
1266	0	0			176	171
1267	4	11			111	194
1268	46	57			239	326
1269	46	19			239	176
1270	57	19			326	176
1271	1	0			423	189
1272	0	0			123	192
1273	43	38			198	170
1274	145	169			177	183
1275	130	83			246	210
1276	84	107			198	246
1277	0	0			176	130
1278	0	0			176	149
1279	46	303			197	427
1280	46	19			197	275
1281	46	19			197	121
1282	291	19			427	121
1283	303	19			427	275
1284	303	19			427	121
1285	312	21			427	121
1286	9	232			226	220
1287	0	0			353	330
1288	0	0			147	137
1289	0	0			114	170
1290	0	0			133	199
1291	100	0			198	87
1292	144	181			181	164
1293	75	30			674	262
1294	27213	55282			180	305
1295	4	10			182	184
1296	8	8			184	215
1297	0	1			249	461
1298	0	0			249	461
1299	0	0			84	93
1300	1	258			173	3082
1301	0	0			110	223
1302	4	0			459	193
1303	11	54			169	255
1304	2	0			137	173
1305	31	28			267	156
1306	13	18			156	163
1307	82	69			240	198
1308	4	0			209	158
1309	63	0			163	158
1310	62	62			146	156
1311	76	6			186	166
1312	21	2			202	156
1313	0	0			153	163
1314	0	0			78	78
1315	0	1			154	207
1316	190	486			166	219
1317	160	214			151	166
1318	160	1			151	118
1319	75	84			179	215
1320	541	388			192	144
1321	150	61			187	139
1322	248	104			404	216
1323	38	104			139	216
1324	95	107			139	216
1325	94	0			238	192
1326	158	40			1005	246
1327	10	161			156	1005
1328	0	0			294	99
1329	1	34			155	81
1330	0	2			128	278
1331	150	95			208	161
1332	138	141			222	194
1333	0	5			172	183
1334	18	6			174	174
1335	11	17			153	180
1336	0	0			134	302
1337	76	100			223	212
1338	0	18			114	180
1339	35	0			152	92
1340	10	2			201	224
1341	3	0			266	127
1342	1	0			185	156
1343	4	27			119	171
1344	0	2			226	280
1345	8	78			143	197
1346	8	32			143	193
1347	1	5			148	226
1348	0	0			163	220
1349	5	0			198	159
1350	5	1			198	292
1351	0	0			166	291
1352	1	0			190	183
1353	0	0			232	170
1354	0	0			232	211
1355	15	25			161	192
1356	18	24			192	219
1357	0	0			218	103
1358	0	0			360	151
1359	1	1			173	224
1360	17	474			144	252
1361	1	0			210	133
1362	1	1			159	210
1363	3	5			208	128
1364	0	0			166	287
1365	0	1			149	149
1366	8	12			315	306
1367	8	9			186	245
1368	1	36			105	133
1369	115	23			188	123
1370	11	0			173	193
1371	17	0			197	193
1372	1	0			214	193
1373	1	11			214	173
1374	1	17			214	197
1375	43	673			199	166
1376	0	0			121	147
1377	414	148			842	284
1378	0	0			165	173
1379	175	164			180	135
1380	9	15			195	140
1381	618	403			237	165
1382	398	294			192	135
1383	0	4			194	227
1384	298	110			192	179
1385	299	52			192	179
1386	241	348			198	252
1387	18	17			161	169
1388	37	125			153	263
1389	58	63			156	174
1390	0	0			144	131
1391	55	77			177	248
1392	234	329			175	166
1393	0	0			126	179
1394	303	108			190	131
1395	109	278			120	226
1396	97	108			120	131
1397	66	7			153	153
1398	244	310			214	217
1399	9	1			243	182
1400	0	2			182	121
1401	0	0			166	198
1402	1019	162			151	151
1403	0	0			180	201
1404	6	0			99	99
1405	11	17			134	154
1406	16	17			160	154
1407	5	0			226	169
1408	8	106			129	237
1409	55	0			125	115
1410	9	15			160	138
1411	9	2			160	138
1412	0	2			180	330
1413	0	0			258	438
1414	0	0			258	438
1415	0	0			141	259
1416	0	0			152	130
1417	0	0			150	130
1418	0	0			152	156
1419	0	0			150	156
1420	0	0			150	152
1421	0	0			150	152
1422	0	0			186	136
1423	3	0			174	206
1424	86	110			141	143
1425	93	132			143	146
1426	113	125			146	133
1427	104	176			156	199
1428	12	71			146	183
1429	58	57			187	168
1430	0	0			134	581
1431	0	0			96	96
1432	197	28			273	159
1433	197	83			273	186
1434	56	84			159	186
1435	15	47			247	334
1436	173	202			234	209
1437	0	0			147	141
1438	1	0			173	164
1439	9	22			187	140
1440	0	2			123	284
1441	0	3			123	273
1442	0	0			123	78
1443	2	0			284	78
1444	3	0			273	78
1445	20	24			165	197
1446	44	0			79	79
1447	15	18			304	291
1448	0	0			179	169
1449	6	14			417	203
1450	38	35			243	252
1451	8	0			309	205
1452	13	0			275	205
1453	68	42			256	211
1454	271	34			113	136
1455	0	0			194	457
1456	0	0			115	205
1457	0	0			139	128
1458	46	279			145	194
1459	97	279			148	194
1460	8	279			167	194
1461	0	0			108	123
1462	152	144			222	188
1463	218	87			347	193
1464	87	41			193	157
1465	305	191			192	135
1466	69	25			210	152
1467	97	3			128	79
1468	4	39			164	184
1469	4	40			164	216
1470	39	40			184	216
1471	116	207			242	144
1472	177	1			178	76
1473	0	0			238	136
1474	0	0			173	270
1475	0	0			185	173
1476	0	0			201	219
1477	2	51			191	131
1478	2	51			173	131
1479	0	0			170	212
1480	0	0			456	122
1481	453	55			240	231
1482	71	53			129	124
1483	0	0			195	153
1484	181	225			114	132
1485	155	17			267	114
1486	9	23			162	162
1487	0	39			223	122
1488	0	0			215	267
1489	0	0			196	267
1490	253	897			227	603
1491	39	71			213	304
1492	0	0			81	81
1493	29	129			130	288
1494	101	202			310	270
1495	390	241			193	129
1496	0	23			96	96
1497	0	18			96	93
1498	68	196			118	174
1499	68	38			133	155
1500	122	457			122	230
1501	258	112			192	122
1502	18	36			129	210
1503	1	0			395	168
1504	0	1			154	395
1505	0	1			142	150
1506	0	9			114	145
1507	0	12			166	193
1508	0	0			166	188
1509	0	1			166	212
1510	0	4			166	145
1511	12	0			193	188
1512	12	1			193	212
1513	12	4			193	145
1514	0	4			188	145
1515	1	4			212	145
1516	0	0			123	192
1517	0	0			151	108
1518	127	75			260	229
1519	128	52			260	187
1520	15	0			126	99
1521	13	14			210	235
1522	5	0			159	177
1523	2	0			156	177
1524	0	0			209	155
1525	0	0			245	155
1526	0	0			96	90
1527	217	155			265	222
1528	27	64			172	247
1529	26	429			172	1032
1530	238	7			210	172
1531	166	189			269	230
1532	186	82			208	108
1533	3	0			1374	252
1534	4	9			243	201
1535	11	30			174	174
1536	12	42			223	345
1537	0	5			214	269
1538	0	0			144	162
1539	4	1			322	199
1540	232	4			248	306
1541	75	14			349	178
1542	80	86			173	173
1543	0	0			87	87
1544	2	0			165	147
1545	0	0			159	147
1546	0	46			79	260
1547	25	46			278	234
1548	11	46			188	234
1549	204	269			176	271
1550	4	6			139	194
1551	97	133			195	183
1552	0	97			84	309
1553	0	0			165	337
1554	15	23			123	165
1555	8	2			210	129
1556	4	2			172	191
1557	52	42			165	135
1558	500	281			186	136
1559	0	8			98	98
1560	411	608			191	267
1561	319	450			216	210
1562	1	0			140	125
1563	66	84			151	210
1564	1	0			438	107
1565	0	10			150	187
1566	10	74			106	202
1567	93	278			138	230
1568	8	1			180	90
1569	26	22			339	351
1570	0	0			111	169
1571	0	0			194	237
1572	10	185			207	161
1573	0	53			120	171
1574	3	5			153	153
1575	0	358			132	290
1576	116	46			212	143
1577	0	5			152	194
1578	0	5			105	194
1579	0	0			105	152
1580	30	24			129	190
1581	0	2			354	354
1582	193	144			239	213
1583	1	8			126	245
1584	9	7			245	175
1585	0	170			82	163
1586	0	0			210	231
1587	30	5			309	240
1588	307	186			1063	165
1589	10	2			198	292
1590	10	0			198	159
1591	35	2			163	220
1592	110	5284			200	183
1593	2067	5284			111	183
1594	19	20			110	125
1595	66	20			158	125
1596	0	2			147	209
1597	50	52			152	202
1598	77	65			169	126
1599	0	146			147	147
1600	0	0			208	237
1601	157	532			157	268
1602	71	123			177	192
1603	0	0			241	214
1604	4	13			133	207
1605	2	1			193	215
1606	2	2			193	295
1607	1	2			215	295
1608	1	109			215	226
1609	1	67			215	364
1610	9	35			106	106
1611	10	49			100	100
1612	670	3			177	174
1613	1275	3			156	174
1614	8	167			219	378
1615	10	0			219	157
1616	390	600			214	240
1617	228	369			264	237
1618	161	289			264	269
1619	423	370			269	237
1620	335	1			267	175
1621	102	264			153	267
1622	22	92			232	156
1623	22	153			232	191
1624	22	118			232	236
1625	0	1			159	239
1626	0	2			159	305
1627	0	0			131	159
1628	570	619			172	172
1629	46	52			156	213
1630	36	6			163	182
1631	21	0			84	87
1632	938	53			163	119
1633	396	2			132	428
1634	22	0			138	115
1635	54	82			210	266
1636	18	46			223	186
1637	21	46			191	186
1638	55	48			194	186
1639	71	4			185	132
1640	223	176			215	214
1641	0	247			230	193
1642	0	0			258	240
1643	3	0			361	108
1644	1	15			124	192
1645	1	30			164	229
1646	13	0			215	164
1647	19	0			141	192
1648	9	0			247	137
1649	2	0			367	137
1650	2	9			367	247
1651	50	48			258	233
1652	0	0			123	192
1653	0	61			118	187
1654	90	43			197	135
1655	0	0			93	126
1656	0	29			168	168
1657	10	8			207	158
1658	0	0			193	251
1659	0	0			167	193
1660	4	20			218	292
1661	76	54			247	179
1662	58	2			183	129
1663	1	3			165	205
1664	32	2			490	143
1665	6	17			114	171
1666	0	0			168	98
1667	0	0			168	98
1668	16	0			219	128
1669	0	3			293	359
1670	121	98			182	165
1671	94	4			227	152
1672	146	150			227	232
1673	34	68			150	194
1674	132	67			200	139
1675	8	506			3036	5337
1676	487	231			266	156
1677	31	20			207	161
1678	0	4			164	145
1679	65	12			235	176
1680	56	62			233	237
1681	28	45			247	255
1682	0	5			129	114
1683	89	580			400	235
1684	10	4			275	302
1685	21	298			135	193
1686	23	98			142	252
1687	0	0			144	197
1688	0	0			144	157
1689	1	3			159	243
1690	11	4			150	132
1691	1030	439			207	200
1692	2303	708			342	204
1693	5	2			142	217
1694	0	13			96	93
1695	0	0			168	98
1696	0	0			168	98
1697	8	0			120	247
1698	144	50			164	117
1699	198	136			202	157
1700	44	1431			200	197
1701	84	1431			304	197
1702	51	46			170	200
1703	0	0			156	207
1704	15	10			270	183
1705	6	11			222	208
1706	0	0			188	231
1707	33	11			205	157
1708	7	8			141	182
1709	0	0			99	132
1710	41	513			150	234
1711	41	262			150	135
1712	513	262			234	135
1713	116	204			203	226
1714	0	7			149	364
1715	0	1			149	152
1716	29	189			220	758
1717	43	35			168	217
1718	43	16			168	217
1719	34	39			220	261
1720	37	72			159	200
1721	38	105			198	241
1722	25	37			149	151
1723	36	39			151	173
1724	0	326			153	294
1725	0	0			77	401
1726	1	853			148	198
1727	27	25			146	146
1728	10	36			167	207
1729	21	0			167	80
1730	8691	9567			192	202
1731	253	218			202	224
1732	744	618			177	135
1733	65	26			230	142
1734	154	861			153	653
1735	128	109			232	186
1736	81	0			187	135
1737	71	24			155	155
1738	85	24			144	144
1739	0	0			111	153
1740	10	75			236	236
1741	29	63			180	270
1742	50	62			316	270
1743	0	45			325	180
1744	12	0			167	167
1745	0	0			235	79
1746	15	0			234	159
1747	5	2			125	168
1748	6	2			125	168
1749	0	2			127	168
1750	5	2			125	168
1751	0	3			131	125
1752	6578	8243			177	153
1753	27	23			161	195
1754	0	0			116	158
1755	7	26			162	231
1756	0	4			168	168
1757	6	9			180	180
1758	0	5			180	180
1759	0	4			217	250
1760	0	0			153	225
1761	0	2			177	156
1762	0	0			175	205
1763	0	0			159	152
1764	88	160			156	141
1765	158	264			231	238
1766	1	0			127	195
1767	4	51			133	178
1768	0	0			104	155
1769	298	21			340	144
1770	0	0			132	169
1771	146	2			207	192
1772	254	729			105	129
1773	14	729			126	129
1774	0	0			93	93
1775	0	0			93	228
1776	7	11			167	141
1777	15	15			167	220
1778	15	7			167	220
1779	15	24			167	149
1780	7	24			220	149
1781	32	63			166	166
1782	15	33			166	166
1783	0	0			171	114
1784	0	0			174	114
1785	4	2			194	173
1786	4	0			194	197
1787	2	5			194	196
1788	2	31			194	303
1789	2	2			134	173
1790	2	0			134	197
1791	0	8			134	196
1792	2	0			173	197
1793	5	31			196	303
1794	0	0			195	174
1795	0	0			247	137
1796	0	0			367	137
1797	0	0			367	247
1798	128	200			159	183
1799	24	472			154	189
1800	511	315			189	205
1801	312	2106			205	219
1802	312	2042			205	216
1803	0	0			171	228
1804	4	0			196	122
1805	2	42			161	248
1806	28	29			189	220
1807	68	43			114	153
1808	0	0			135	117
1809	0	0			108	117
1810	0	0			108	135
1811	0	0			108	135
1812	86	3			148	148
1813	23	24			142	163
1814	9	24			120	163
1815	25	13			161	142
1816	0	13			120	142
1817	0	31			117	161
1818	9	31			120	161
1819	0	31			117	161
1820	0	31			120	161
1821	0	80			179	259
1822	53	105			259	333
1823	0	0			162	153
1824	0	0			135	147
1825	1	24			115	130
1826	1	40			115	130
1827	27	3			199	153
1828	5	18			159	159
1829	0	0			237	237
1830	1	3			133	122
1831	1	16			133	250
1832	3	16			122	250
1833	71	32			198	201
1834	0	11			93	93
1835	11	10			121	156
1836	16	2			199	121
1837	2	20			123	243
1838	67	31			156	117
1839	0	0			121	190
1840	1	0			190	199
1841	0	1			121	190
1842	0	0			84	84
1843	0	0			156	84
1844	0	0			156	84
1845	240	1			228	171
1846	18	20			147	147
1847	114	122			159	133
1848	2	5			249	244
1849	0	0			150	164
1850	18	25			139	231
1851	162	136			240	168
1852	1	21			251	525
1853	32	45			129	199
1854	199	63			248	141
1855	0	1			165	179
1856	58	126			218	211
1857	65	127			218	211
1858	15	124			195	420
1859	473	345			251	247
1860	1	3			151	172
1861	1	0			165	129
1862	232	147			224	167
1863	158	234			227	224
1864	3	0			109	204
1865	11	30			178	210
1866	19	19			136	142
1867	15	50			196	392
1868	0	0			126	150
1869	0	0			105	150
1870	2	6			152	187
1871	2	0			152	267
1872	6	0			187	267
1873	2	18			123	167
1874	0	8			93	93
1875	41	9			292	140
1876	0	0			158	228
1877	29	44			242	209
1878	33	28			142	136
1879	14	20			146	251
1880	1	1			211	198
1881	1	0			115	118
1882	46	25			197	123
1883	104	42			207	213
1884	14	5			160	166
1885	12	10			143	166
1886	0	0			190	169
1887	18	16			99	126
1888	0	0			99	102
1889	1	15			102	126
1890	1	5			102	129
1891	132	207			204	265
1892	279	0			204	102
1893	291	71			204	102
1894	82	163			204	204
1895	14	2			180	201
1896	0	0			168	98
1897	0	0			168	98
1898	7	13			139	171
1899	0	6			186	199
1900	7	2			199	154
1901	5	0			198	247
1902	237	208			139	152
1903	169	216			270	271
1904	35	142			183	208
1905	0	2			153	169
1906	36	37			152	164
1907	0	11			157	156
1908	97	34			135	141
1909	13	8			261	261
1910	0	0			147	127
1911	87	8			175	109
1912	50	20			142	175
1913	0	0			102	99
1914	29	32			160	162
1915	0	0			97	200
1916	274	97			233	196
1917	109	78			200	193
1918	300	74			192	179
1919	434	360			186	193
1920	0	0			93	90
1921	5	132			102	245
1922	5	117			102	197
1923	213	310			162	201
1924	0	1			206	99
1925	6	24			148	78
1926	29	0			123	99
1927	53	26			209	142
1928	37	47			177	165
1929	4	12			237	195
1930	1	0			144	81
1931	1	11			120	150
1932	254	24			171	156
1933	25	64			101	171
1934	36	795			184	915
1935	7	0			108	96
1936	9	0			189	96
1937	9	7			189	108
1938	0	0			192	111
1939	1	39			158	182
1940	1	84			158	208
1941	16	40			167	175
1942	10	13			150	209
1943	0	0			162	168
1944	0	24			125	231
1945	19	26			172	236
1946	0	0			327	185
1947	1	0			338	200
1948	285	0			151	97
1949	3	6			210	156
1950	95	199			184	303
1951	132	54			247	136
1952	0	0			189	117
1953	22	31			124	147
1954	96	83			157	149
1955	154	274			193	185
1956	0	1			336	192
1957	0	1			192	192
1958	0	1			243	192
1959	0	0			243	192
1960	0	0			336	192
1961	0	0			336	243
1962	0	0			177	336
1963	38	3			215	212
1964	0	0			193	192
1965	8	49			111	170
1966	83	182			165	238
1967	815	1041			304	239
1968	480	1041			251	239
1969	4	9			198	207
1970	0	0			87	87
1971	10	6			197	157
1972	98	6			162	157
1973	32	92			162	208
1974	74	55			218	151
1975	167	6			173	179
1976	78	78			219	201
1977	0	1			198	229
1978	118	167			249	159
1979	216	349			259	212
1980	148	359			212	211
1981	296	362			212	211
1982	295	180			212	133
1983	387	171			211	133
1984	132	0			120	162
1985	127	68			247	153
1986	0	64			176	231
1987	0	0			232	292
1988	8	26			165	146
1989	3	26			164	146
1990	3	8			164	165
1991	102	241			292	575
1992	92	274			188	191
1993	46144	4296			177	98
1994	0	0			233	265
1995	2	0			210	247
1996	2	0			268	223
1997	50	9			226	147
1998	39	4			372	136
1999	14	6			231	174
2000	0	1			234	213
2001	157	0			263	183
2002	0	132			168	180
2003	0	0			138	255
2004	0	0			138	255
2005	0	0			153	255
2006	0	0			153	138
2007	0	0			153	138
2008	534	526			156	163
2009	5	4			291	170
2010	203	330			181	217
2011	0	0			139	164
2012	31	44			273	270
2013	0	1			182	300
2014	260	173			279	198
2015	177	90			198	152
2016	0	2			108	194
2017	432	212			392	157
2018	0	0			144	147
2019	0	0			660	304
2020	1417	434			193	177
2021	1	0			226	220
2022	67	58			179	151
2023	130	169			145	184
2024	0	0			83	77
2025	1	0			176	133
2026	0	0			157	196
2027	0	0			164	87
2028	0	0			87	222
2029	0	1			190	190
2030	104	128			149	191
2031	39	136			162	202
2032	17	49			161	236
2033	76	28			205	150
2034	12	1			212	114
2035	16	54			299	229
2036	28	326			150	136
2037	2	31			118	169
2038	147	140			192	198
2039	0	0			262	183
2040	83	10			245	152
2041	492	480			189	168
2042	88	179			167	197
2043	2	21			168	191
2044	2	39			168	291
2045	2	2			168	183
2046	45	67			184	153
2047	45	86			184	196
2048	0	0			159	141
2049	23	19			163	164
2050	19	16			199	163
2051	0	0			123	165
2052	56	3			219	213
2053	0	0			167	167
2054	356	805			151	183
2055	0	0			164	129
2056	4	22			169	170
2057	0	0			125	212
2058	16	114			293	231
2059	4	0			190	129
2060	541	206			243	243
2061	3	0			177	133
2062	8	51			184	149
2063	12	89			184	149
2064	0	0			129	156
2065	235	494			174	297
2066	40	125			126	158
2067	0	0			130	159
2068	0	0			93	159
2069	535	119			221	184
2070	241	650			156	221
2071	1	0			199	169
2072	7	0			193	169
2073	7	1			193	199
2074	23	28			153	170
2075	34	3			148	153
2076	32	26			148	153
2077	16	20			156	148
2078	183	157			199	191
2079	12	9			153	126
2080	1	8			120	90
2081	1	0			120	90
2082	8	0			90	90
2083	27	13			239	144
2084	12	3			411	139
2085	132	104			212	211
2086	213	29			217	102
2087	0	0			168	98
2088	0	0			168	98
2089	41	9			169	162
2090	35	107			162	175
2091	15	36			490	166
2092	0	36			109	166
2093	0	15			109	490
2094	24	334			170	329
2095	24	178			170	227
2096	10	17			216	207
2097	9	10			216	183
2098	10	14			135	149
2099	3	22			187	135
2100	194	2			108	111
2101	0	0			143	134
2102	120	52			209	105
2103	45	93			105	141
2104	0	1			172	140
2105	23	0			176	149
2106	23	111			176	280
2107	0	97			149	249
2108	72	98			330	336
2109	90	16			336	105
2110	66	264			128	218
2111	221	179			218	163
2112	68	116			151	164
2113	0	0			223	168
2114	11	161			165	208
2115	11	161			193	208
2116	11	161			198	208
2117	2	0			1325	189
2118	0	0			234	169
2119	0	0			234	189
2120	0	0			169	189
2121	0	0			189	213
2122	0	0			213	186
2123	0	0			213	274
2124	0	0			187	186
2125	0	0			186	274
2126	18	72			149	220
2127	0	1			174	134
2128	7	8			147	175
2129	4	2			221	255
2130	0	0			190	192
2131	93	1			150	87
2132	26	1			87	87
2133	4	7			138	255
2134	1	7			138	255
2135	7	7			153	255
2136	7	1			153	138
2137	7	4			153	138
2138	349	344			198	177
2139	661	324			206	156
2140	472	730			165	193
2141	3	30			220	664
2142	6	80			221	235
2143	16	0			206	210
2144	13	0			221	210
2145	515	0			206	77
2146	2	2			248	248
2147	0	0			127	127
2148	0	6			248	248
2149	0	1			127	127
2150	6	1			127	127
2151	6	0			127	127
2152	5	124			167	221
2153	139	84			1222	221
2154	96	68			298	197
2155	0	0			169	126
2156	67	129			167	183
2157	0	1			156	150
2158	3	10			147	260
2159	0	0			135	154
2160	49	7			440	210
2161	1	2			198	230
2162	31	95			116	200
2163	99	1926			200	999
2164	1820	455			999	258
2165	146	164			269	251
2166	96	1			87	87
2167	96	2			87	193
2168	0	0			218	103
2169	0	0			360	151
2170	4	10			112	184
2171	17	18			157	116
2172	40	18			181	116
2173	17	90			157	169
2174	40	90			181	169
2175	279	309			158	155
2176	192	183			129	296
2177	637	549			231	219
2178	0	7			102	99
2179	2	0			191	214
2180	37	0			197	106
2181	15	1			129	141
2182	0	2			230	204
2183	1	2			217	204
2184	0	3			200	175
2185	1	1			150	178
2186	0	0			136	167
2187	0	0			207	218
2188	0	0			193	192
2189	0	159			111	121
2190	99	351			141	312
2191	0	0			166	224
2192	38	86			172	173
2193	0	0			99	99
2194	13	0			134	99
2195	73	9			152	134
2196	32	0			152	134
2197	0	1			167	167
2198	0	2			83	83
2199	1	0			83	110
2200	1	0			83	83
2201	0	0			110	83
2202	0	0			132	141
2203	0	3			99	99
2204	0	1			120	117
2205	1	1			162	153
2206	0	1			92	95
2207	190	238			184	235
2208	443	3604			242	242
2209	27	106			259	583
2210	309	56			194	92
2211	211	56			245	92
2212	0	0			111	274
2213	73	1			158	108
2214	0	0			147	207
2215	0	0			129	163
2216	0	0			129	213
2217	0	0			129	173
2218	0	5			129	209
2219	0	0			129	178
2220	0	0			213	173
2221	0	5			213	209
2222	0	0			213	178
2223	0	0			153	215
2224	0	5			173	209
2225	0	0			173	178
2226	0	0			173	215
2227	5	0			209	178
2228	0	0			181	178
2229	0	0			178	123
2230	290	152			175	147
2231	24	31			166	152
2232	1	3			278	473
2233	0	1			166	234
2234	7	43			166	138
2235	0	0			163	146
2236	2	117			232	166
2237	12	38			109	143
2238	77	108			186	194
2239	3	8			192	197
2240	2	123			139	148
2241	0	0			154	144
2242	0	0			200	274
2243	80	90			191	147
2244	67	128			186	233
2245	181	166			190	153
2246	0	0			163	111
2247	9	84			119	279
2248	0	3			169	203
2249	0	4			196	203
2250	614	749			159	188
2251	17	0			176	120
2252	0	0			196	220
2253	2	0			129	156
2254	0	0			177	117
2255	662	556			390	198
2256	1	1419			129	639
2257	22	31			177	243
2258	0	2			150	109
2259	0	4			94	94
2260	49	70			204	165
2261	67	6			204	183
2262	0	1			121	133
2263	23	8			145	164
2264	13	33			145	208
2265	0	0			126	193
2266	0	0			119	326
2267	0	0			202	99
2268	0	0			116	99
2269	0	0			116	202
2270	0	0			173	205
2271	0	0			210	173
2272	209	248			181	169
2273	21	3			237	306
2274	3	0			227	217
2275	9	4			285	278
2276	89	199			191	311
2277	51	3			180	130
2278	1	371			186	358
2279	1	177			186	186
2280	196	242			189	252
2281	38	28			258	258
2282	0	2			165	149
2283	0	1			119	168
2284	0	3			179	179
2285	1	0			135	135
2286	2	4			159	159
2287	1	1			159	108
2288	0	2			288	180
2289	22	88			147	159
2290	55	88			111	159
2291	57	72			229	177
2292	0	0			193	192
2293	20	231			111	195
2294	10	0			264	111
2295	0	12			174	138
2296	0	21			174	297
2297	68	71			423	357
2298	28	3			180	168
2299	0	0			123	192
2300	0	0			143	137
2301	0	0			151	220
2302	222	325			201	240
2303	2	29			78	78
2304	0	0			93	93
2305	18	22			198	207
2306	269	255			242	235
2307	29	19			195	195
2308	170	5			163	198
2309	0	0			90	78
2310	0	0			117	78
2311	2	15			168	177
2312	37	82			130	186
2313	78	168			198	456
2314	23	0			169	215
2315	22	50			240	231
2316	119	193			213	286
2317	192	2			213	210
2318	124	0			210	210
2319	57	94			220	226
2320	3525	1294			562	216
2321	21	22			270	258
2322	8	19			210	270
2323	0	9			127	340
2324	13	1			172	163
2325	0	0			204	162
2326	13	1			278	170
2327	2	5			179	225
2328	109	86			189	171
2329	7	35			202	366
2330	160	69			171	169
2331	8	5			186	186
2332	14	21			198	192
2333	34	8			272	137
2334	14	9			113	137
2335	55	9			256	137
2336	56	9			225	137
2337	55	14			256	113
2338	56	14			225	113
2339	54	22			256	113
2340	11	0			321	167
2341	0	0			464	228
2342	0	0			182	163
2343	3	18			125	411
2344	22	7			186	180
2345	4	95			182	311
2346	12	123			174	293
2347	46	201			181	176
2348	33	41			164	151
2349	5	3			155	170
2350	5	4			155	257
2351	0	12			157	203
2352	296	314			195	201
2353	77	298			198	195
2354	183	197			204	198
2355	300	164			242	170
2356	77	64			202	172
2357	387	1339			318	686
2358	142	182			261	273
2359	0	109			78	197
2360	5	3			124	117
2361	76	162			227	289
2362	17	9			207	161
2363	0	0			161	161
2364	16	7			132	120
2365	14	8			141	120
2366	8	30			141	138
2367	594	870			142	181
2368	0	3			93	93
2369	3	1			191	280
2370	0	6			90	228
2371	0	0			131	141
2372	3	0			179	96
2373	377	541			204	221
2374	21	1			816	211
2375	7	48			337	536
2376	5	2			261	213
2377	0	22			160	245
2378	1	0			160	188
2379	1	0			175	208
2380	0	1			158	175
2381	3	6			81	170
2382	20	81			147	249
2383	0	0			163	390
2384	4	25			194	397
2385	84	98			194	193
2386	1	4			145	226
2387	0	3			130	178
2388	0	0			138	120
2389	13	0			208	127
2390	33	27			145	156
2391	5	19			119	125
2392	0	0			368	152
2393	0	0			81	81
2394	0	0			172	172
2395	158	90			154	116
2396	2	0			264	264
2397	146	216			165	184
2398	103	199			150	179
2399	913	3			242	124
2400	596	1045			258	242
2401	3314	1045			1106	242
2402	0	1			173	192
2403	0	0			307	192
2404	31	24			315	115
2405	1	0			225	164
2406	179	80			304	246
2407	0	0			145	160
2408	298	159			189	189
2409	169	191			189	137
2410	35	1			160	144
2411	0	1			123	173
2412	0	0			93	93
2413	1	0			187	137
2414	7	4			240	240
2415	1	3			251	135
2416	0	0			191	133
2417	2	1			133	332
2418	119	270			172	227
2419	928	1074			232	204
2420	92	47			180	121
2421	6	0			126	126
2422	0	7			126	138
2423	603	383			255	183
2424	42	7			173	199
2425	1	7			149	199
2426	1	42			149	173
2427	12	37			184	173
2428	27	22			201	224
2429	6	6			355	269
2430	64	66			176	212
2431	31	57			165	156
2432	31	21			165	153
2433	21	8			156	117
2434	18	4			170	124
2435	67	51			197	210
2436	73	87			146	149
2437	25	152			171	247
2438	12	37			161	161
2439	116	117			188	150
2440	124	264			150	222
2441	2	14			198	152
2442	93	118			209	239
2443	42	20			142	113
2444	136	62			327	204
2445	24	27			179	201
2446	36	70			162	196
2447	537	730			208	255
2448	133	1			160	213
2449	136	111			136	127
2450	0	0			189	199
2451	14	8			156	177
2452	41	10			947	255
2453	105	76			127	125
2454	289	21			257	158
2455	2	0			193	125
2456	12	1			178	308
2457	446	1			325	308
2458	446	12			325	178
2459	15	17			152	152
2460	1	21			147	172
2461	0	0			168	98
2462	0	0			168	98
2463	1	0			224	157
2464	1	0			218	157
2465	1	0			190	160
2466	1	0			190	168
2467	0	0			160	168
2468	0	3			157	114
2469	15	61			171	197
2470	30	43			191	162
2471	0	0			123	192
2472	139	206			137	185
2473	5	39			141	390
2474	0	0			96	99
2475	4	0			248	171
2476	2	0			184	125
2477	359	32			485	134
2478	166	647			126	261
2479	35	58			153	185
2480	45	38			188	153
2481	20	23			147	147
2482	9	23			147	147
2483	1	4			155	192
2484	13	17			277	271
2485	34	1361			118	585
2486	26	801			118	296
2487	354	283			316	283
2488	14	1			218	180
2489	15	1			173	180
2490	0	0			94	94
2491	0	0			87	87
2492	0	0			87	87
2493	0	0			87	87
2494	2	1			172	172
2495	23	58			182	312
2496	55	29			269	245
2497	122	188			213	279
2498	195	5			234	196
2499	1413	1909			292	330
2500	38	377			138	729
2501	10	1			268	297
2502	10	1			199	297
2503	0	0			219	210
2504	0	0			141	243
2505	0	0			141	243
2506	13	7			186	182
2507	58	24			273	144
2508	245	30			263	236
2509	12	20			154	187
2510	12	37			154	146
2511	12	28			154	137
2512	20	37			187	146
2513	20	28			187	137
2514	3	4			165	147
2515	894	550			186	143
2516	50	74			198	234
2517	0	0			123	192
2518	11	7			138	168
2519	221	116			195	103
2520	178	116			140	103
2521	19	43			174	214
2522	3	2			218	306
2523	3	5			218	226
2524	2	5			306	226
2525	1	1			226	199
2526	137	2			145	147
2527	5	18			150	147
2528	5	82			150	289
2529	1	22			146	147
2530	52	140			136	235
2531	44	6			194	181
2532	62	9			207	161
2533	3	0			173	247
2534	1	0			186	247
2535	2	0			166	247
2536	48	131			123	227
2537	53	110			159	221
2538	55	37			170	147
2539	125	143			235	218
2540	37	54			177	173
2541	109	4			242	142
2542	109	40			242	154
2543	72	49			212	165
2544	1	49			144	165
2545	72	69			212	197
2546	26	70			131	212
2547	0	27			125	122
2548	124	282			199	237
2549	39	30			621	795
2550	224	553			113	158
2551	345	670			320	482
2552	0	0			109	143
2553	0	0			186	194
2554	5	0			219	189
2555	5	0			216	189
2556	7	11			126	148
2557	19	16			126	148
2558	19	14			126	148
2559	16	14			148	148
2560	22	6			148	148
2561	1	765			102	237
2562	267	544			185	261
2563	44	16			159	104
2564	52	50			173	204
2565	91	190			188	261
2566	0	0			189	177
2567	12	0			196	160
2568	69	286			299	759
2569	53	274			120	117
2570	30	44			275	428
2571	0	0			387	366
2572	0	0			366	207
2573	12	12			276	202
2574	28	27			154	123
2575	28	26			154	118
2576	42	79			138	156
2577	5	2			201	127
2578	0	176			197	277
2579	3	9			160	248
2580	2	3			204	160
2581	0	6			140	213
2582	130	346			168	132
2583	0	0			123	140
2584	3	18			232	460
2585	117	190			159	190
2586	0	0			123	192
2587	30	22			231	154
2588	77	30			258	178
2589	18	52			178	239
2590	43	52			178	239
2591	39	47			239	192
2592	45	73			192	198
2593	351	114			561	206
2594	48	117			165	291
2595	55	37			186	165
2596	362	323			165	138
2597	416	349			174	165
2598	195	271			145	136
2599	0	4			147	150
2600	385	1625			134	170
2601	38	2			352	180
2602	13	2			223	180
2603	37	3			352	180
2604	2	3			130	180
2605	75	3			156	180
2606	75	37			156	352
2607	75	2			156	130
2608	176	259			152	179
2609	198	2			215	103
2610	91	151			143	215
2611	1	110			186	320
2612	12	41			208	219
2613	0	44			142	116
2614	2	3			195	386
2615	7	127			110	348
2616	107	25			348	122
2617	0	0			226	148
2618	2	7			180	279
2619	23	10			246	189
2620	113	0			203	338
2621	2	0			192	228
2622	16	233			245	245
2623	13	10			126	212
2624	2	3			195	219
2625	43	82			169	202
2626	68	45			202	139
2627	52	128			140	151
2628	37	35			204	177
2629	0	0			96	102
2630	0	0			96	96
2631	346	303			214	214
2632	297	6			87	87
2633	0	0			177	162
2634	0	0			205	177
2635	0	0			132	205
2636	0	0			241	273
2637	2	6			403	121
2638	0	1			109	165
2639	0	1			247	196
2640	0	1			173	196
2641	5	1			228	196
2642	0	1			197	196
2643	0	0			173	247
2644	5	0			228	247
2645	0	0			197	247
2646	5	0			228	173
2647	0	0			197	173
2648	0	5			197	228
2649	0	0			123	192
2650	101	225			136	178
2651	144	1			186	136
2652	150	105			186	136
2653	0	2			90	198
2654	3	3			145	136
2655	0	0			129	129
2656	140	378			184	192
2657	0	0			78	78
2658	0	0			78	78
2659	0	0			78	78
2660	1	0			220	220
2661	0	6			179	179
2662	11	0			159	159
2663	77	60			190	155
2664	9	153			85	235
2665	0	0			96	213
2666	0	0			208	147
2667	99	39			206	203
2668	0	47			159	147
2669	98	9			202	141
2670	17	13			141	135
2671	45	55			128	146
2672	1	0			198	171
2673	17	0			158	108
2674	4	0			209	155
2675	40	73			147	153
2676	65	73			144	153
2677	23	53			387	327
2678	11	34			220	173
2679	38	85			111	168
2680	86	24			168	105
2681	31	24			117	105
2682	5	11			155	148
2683	174	194			186	156
2684	5	4			101	130
2685	21	25			182	177
2686	14	25			284	177
2687	94	0			228	261
2688	0	267			119	218
2689	0	0			159	159
2690	34	37			152	143
2691	0	1			123	181
2692	0	0			190	152
2693	401	952			151	246
2694	3	0			237	132
2695	364	307			274	315
2696	128	264			204	274
2697	490	264			463	274
2698	2	4			138	195
2699	8	421			101	196
2700	0	0			192	221
2701	0	0			177	221
2702	0	0			177	192
2703	0	0			148	214
2704	0	0			187	214
2705	0	0			138	140
2706	0	0			261	386
2707	0	0			128	261
2708	0	0			246	261
2709	8	2			168	98
2710	10	2			168	98
2711	121	73			267	158
2712	136	157			224	192
2713	136	81			224	338
2714	139	282			192	311
2715	258	5			205	150
2716	0	0			147	141
2717	61	160			154	225
2718	28	2			165	129
2719	1	0			96	96
2720	19	20			161	230
2721	1	64			168	128
2722	14	61			226	189
2723	39	67			123	146
2724	38	39			141	123
2725	1	13			129	149
2726	1	5			221	139
2727	0	1			212	221
2728	84	167			183	180
2729	0	0			147	141
2730	6	0			249	248
2731	20	7			233	173
2732	121	76			427	165
2733	0	0			173	130
2734	55	77			168	215
2735	105	43			226	168
2736	22	37			130	154
2737	1	0			184	219
2738	255	354			136	173
2739	1	0			168	153
2740	112	111			252	265
2741	112	161			252	253
2742	120	1077			254	203
2743	1	7			110	241
2744	1	0			168	184
2745	1	5			155	114
2746	0	0			102	132
2747	179	188			193	174
2748	21	38			198	180
2749	0	0			223	168
2750	202	3			143	138
2751	184	234			207	231
2752	20	70			178	250
2753	33	37			693	678
2754	8	218			173	339
2755	457	0			538	116
2756	57	0			132	116
2757	181	123			271	161
2758	21	28			120	144
2759	315	305			254	170
2760	538	540			187	171
2761	0	68			81	165
2762	93	71			192	177
2763	2	5			135	135
2764	5	3			159	135
2765	3	5			132	159
2766	6	3			150	147
2767	0	0			145	159
2768	351	277			211	190
2769	0	2			190	190
2770	2	21			208	164
2771	6	3			116	208
2772	18	0			87	151
2773	0	0			218	103
2774	0	0			360	151
2775	0	0			150	275
2776	264	414			165	164
2777	260	217			234	187
2778	149	217			234	187
2779	138	301			162	234
2780	1	1			197	156
2781	0	0			194	128
2782	93	123			169	174
2783	229	662			166	340
2784	0	0			152	148
2785	7	25			162	178
2786	7	6			162	112
2787	1	1			203	191
2788	57	0			145	214
2789	0	0			105	147
