ID	IJC_SAMPLE_1	SJC_SAMPLE_1	IJC_SAMPLE_2	SJC_SAMPLE_2	IncFormLen	SkipFormLen
0	0	0			150	137
1	0	0			150	137
2	0	0			150	150
3	0	0			150	98
4	0	0			150	98
5	0	0			138	150
6	0	0			138	150
7	0	0			150	150
8	0	0			150	138
9	0	0			150	138
10	0	0			150	137
11	0	0			150	137
12	0	0			150	150
13	0	0			138	150
14	0	0			138	150
15	0	0			150	150
16	0	0			150	138
17	0	0			150	138
18	0	0			123	150
19	0	0			150	137
20	0	0			150	137
21	0	0			150	150
22	0	0			138	150
23	0	0			138	150
24	0	0			150	150
25	0	0			150	138
26	0	0			150	138
27	0	0			150	150
28	0	0			150	108
29	0	0			150	111
30	0	0			123	150
31	0	0			150	137
32	0	0			150	137
33	0	0			150	150
34	0	0			138	150
35	0	0			138	150
36	0	0			150	150
37	0	0			150	138
38	0	0			150	138
39	0	0			123	150
40	0	0			150	137
41	0	0			150	137
42	0	0			150	150
43	0	0			150	98
44	0	0			150	98
45	0	0			150	111
46	0	0			150	150
47	0	0			150	150
48	0	0			150	150
49	0	0			147	141
50	0	0			150	103
51	0	0			150	150
52	0	0			150	150
53	0	0			111	150
54	0	0			150	103
55	0	0			150	150
56	0	0			147	141
57	0	0			150	103
58	0	0			150	150
59	0	0			150	150
60	0	0			147	141
61	0	0			111	150
62	0	0			150	150
63	0	0			147	141
64	0	0			150	150
65	0	0			150	103
66	0	0			150	150
67	0	0			84	102
68	0	0			148	150
69	0	0			150	150
70	0	0			150	150
71	0	0			141	150
72	0	0			138	150
73	0	0			150	150
74	0	0			99	126
75	0	0			99	102
76	0	0			102	126
77	0	0			102	129
78	0	0			150	150
79	0	0			150	150
80	0	0			150	150
81	0	0			150	121
82	0	0			150	150
83	0	0			150	150
84	0	0			150	150
85	0	0			150	150
86	0	0			150	150
87	0	0			150	150
88	0	0			150	150
89	0	0			150	150
90	0	0			150	108
91	0	0			126	150
92	0	0			150	103
93	0	0			150	150
94	0	0			150	150
95	92	63			150	126
96	0	0			150	150
97	4	2			150	150
98	0	0			123	150
99	0	2			106	150
100	0	0			150	150
101	176	203			136	150
102	218	3			150	136
103	218	146			150	136
104	94	180			138	150
105	9	21			150	150
106	10	17			150	147
107	0	0			150	150
108	0	0			150	111
109	1	1			150	137
110	0	0			150	150
111	5	2			150	150
112	0	432			115	150
113	0	0			111	105
114	0	0			150	150
115	0	0			150	114
116	0	3			150	123
117	0	4			150	150
118	10	9			150	150
119	0	22			148	150
120	23	0			150	121
121	20	13			150	117
122	20	0			150	121
123	0	13			121	117
124	24	0			150	150
125	0	0			93	90
126	4	11			150	150
127	2	11			144	111
128	0	0			93	93
129	109	80			150	150
130	0	1			150	126
131	0	3			150	150
132	1	3			126	150
133	12	11			150	150
134	9	9			150	150
135	269	5			150	150
136	1	0			150	150
137	988	689			150	132
138	28	48			123	140
139	33	42			150	150
140	1	4			150	150
141	54	31			150	150
142	269	255			150	150
143	101	162			150	150
144	45	116			104	150
145	43	35			150	146
146	1	133			150	150
147	10	40			150	150
148	18	23			150	124
149	9	6			150	150
150	0	1			136	150
151	0	1			150	150
152	74	55			150	150
153	2	0			150	150
154	24	21			142	150
155	10	7			150	150
156	41	31			150	150
157	4	16			150	150
158	10	0			150	150
159	77	77			150	150
160	20	0			115	118
161	22	187			150	150
162	52	28			150	146
163	4	1			150	150
164	3	0			150	113
165	4	0			150	113
166	7	0			150	150
167	27	41			150	150
168	11	22			146	150
169	67	71			102	111
170	4	9			146	150
171	1	1			150	119
172	1	9			150	130
173	4	1			150	119
174	1	9			119	130
175	0	5			150	150
176	4	16			150	130
177	6	81			121	150
178	1	83			121	150
179	9	83			150	150
180	13	83			150	150
181	9	1			150	121
182	13	1			150	121
183	36	102			147	144
184	3	57			150	150
185	0	2			150	150
186	0	0			150	133
187	6	5			129	148
188	40	62			148	150
189	0	3			150	150
190	2	3			150	150
191	30	12			150	150
192	3	75			150	150
193	81	73			150	143
194	52	2			150	150
195	0	0			141	150
196	4	16			150	150
197	505	290			150	132
198	27	7			150	150
199	38	8			150	150
200	65	8			150	150
201	3	21			150	144
202	2	0			117	150
203	9	6			150	150
204	2	0			150	150
205	1	0			150	150
206	0	0			123	150
207	24	21			150	147
208	10	19			150	150
209	437	454			150	150
210	4	232			150	150
211	0	9			150	150
212	23	102			150	150
213	0	0			150	150
214	407	383			141	129
215	180	4			148	150
216	33	129			150	150
217	2	21			150	150
218	93	177			148	123
219	173	573			123	150
220	20	83			131	150
221	5	0			141	139
222	1	0			150	118
223	0	0			150	150
224	0	0			150	150
225	0	2			150	150
226	6	2			150	122
227	112	156			150	150
228	2	1			150	150
229	8	3			106	150
230	0	3			97	97
231	11	0			111	150
232	81	135			150	150
233	0	0			150	103
234	0	0			150	150
235	3	4			150	150
236	31	45			150	150
237	28	22			150	150
238	15	37			147	150
239	81	300			113	150
240	173	257			150	150
241	1	1			150	150
242	0	0			136	150
243	1	0			147	150
244	74	1			133	150
245	35	45			150	143
246	61	135			119	136
247	27	35			150	150
248	16	0			150	150
249	54	131			150	150
250	0	0			148	150
251	442	676			150	150
252	3	1			150	150
253	949	28			150	150
254	1545	21			150	141
255	590	2			150	142
256	13	11			150	150
257	11	11			150	150
258	1	2			150	120
259	0	0			150	150
260	41	24			150	136
261	27	0			150	120
262	10	65			150	150
263	0	0			150	150
264	0	0			150	150
265	5	4			124	121
266	9	4			150	150
267	847	647			150	150
268	554	986			150	117
269	0	0			122	119
270	112	86			141	150
271	13	319			150	150
272	13	33			140	150
273	37	78			150	150
274	1	6			150	150
275	103	95			150	150
276	0	0			150	118
277	10	2			150	150
278	81	0			85	85
279	0	1			150	150
280	0	0			143	143
281	0	0			103	143
282	34	37			150	150
283	6	11			150	150
284	99	214			150	150
285	19	212			150	150
286	2	212			131	150
287	2	19			131	150
288	2	111			131	150
289	0	0			150	150
290	52	0			138	150
291	150	181			150	150
292	108	177			150	150
293	110	119			133	150
294	408	0			150	150
295	249	242			150	150
296	6	12			150	150
297	9	1			137	150
298	49	26			150	150
299	0	0			150	150
300	0	0			150	150
301	0	0			150	150
302	0	0			150	150
303	8	2			150	150
304	5	2			150	150
305	3	2			150	150
306	208	239			150	150
307	1	0			133	102
308	2	99			150	122
309	169	99			150	122
310	40	56			150	150
311	40	84			150	150
312	11	22			150	150
313	0	0			150	150
314	22	50			150	150
315	109	104			150	150
316	93	60			150	150
317	57	88			150	150
318	0	0			150	132
319	38	21			150	150
320	222	514			150	114
321	91	41			144	150
322	0	0			150	150
323	0	0			150	150
324	0	0			150	150
325	0	0			150	150
326	24	14			150	150
327	2	0			150	150
328	0	0			150	150
329	0	0			125	143
330	2	0			150	150
331	0	0			150	150
332	0	2			150	150
333	4	2			150	150
334	0	8			150	150
335	0	0			150	136
336	0	7			116	150
337	0	0			123	150
338	0	0			150	150
339	1	55			150	141
340	308	406			150	150
341	27	3			150	150
342	1	0			150	150
343	0	0			150	150
344	1	0			150	150
345	0	0			150	150
346	0	0			150	150
347	0	1			150	150
348	1	1			150	150
349	0	1			150	150
350	1	0			150	150
351	0	0			150	150
352	0	1			150	150
353	0	1			150	150
354	29	40			145	150
355	37	49			150	150
356	5	20			150	150
357	3	0			150	150
358	2	0			150	150
359	0	0			150	150
360	0	0			150	121
361	33	57			117	150
362	32	78			117	150
363	11	25			150	108
364	21	18			108	150
365	52	138			122	150
366	21	86			117	149
367	0	6			131	125
368	51	0			150	150
369	33	0			150	150
370	12	12			149	150
371	4	98			124	150
372	4	4			148	150
373	0	0			150	150
374	4	12			150	150
375	3	2			150	144
376	51	86			150	150
377	46	50			150	150
378	4	8			150	150
379	890	992			150	150
380	1	1			150	150
381	316	288			150	150
382	39	99			138	150
383	36	30			150	150
384	3	3			120	120
385	0	2			133	150
386	11	0			150	114
387	1	67			150	150
388	59	73			150	150
389	98	129			150	138
390	53	8			150	134
391	10	2			127	126
392	8	8			150	150
393	14	15			129	150
394	1	4			150	123
395	1	0			150	150
396	6	117			150	143
397	4	117			150	143
398	0	0			150	150
399	0	1			129	150
400	75	84			150	144
401	50	62			150	150
402	44	57			150	150
403	0	222			100	100
404	56	112			119	150
405	44	2			127	119
406	1	0			150	95
407	0	0			150	96
408	28	49			150	150
409	0	0			135	150
410	3	7			150	150
411	93	79			150	134
412	0	1			150	150
413	91	129			150	141
414	10	126			150	144
415	35	12			150	150
416	15	87			150	150
417	8	87			150	150
418	8	87			150	150
419	40	87			150	150
420	10	12			150	150
421	1	12			150	150
422	1	0			150	150
423	0	0			150	150
424	39	24			150	150
425	19	13			150	150
426	10	0			150	142
427	10	7			150	150
428	40	51			150	150
429	5	0			150	138
430	5	1			150	147
431	0	1			138	147
432	16	34			123	150
433	0	0			150	150
434	14	19			150	150
435	5	19			150	150
436	23	21			150	150
437	45	53			150	150
438	277	290			126	115
439	241	321			129	126
440	333	335			140	129
441	5	145			117	150
442	207	239			150	150
443	0	0			150	150
444	3	1			150	133
445	0	0			108	135
446	6	56			150	150
447	0	1			150	150
448	0	0			150	150
449	14	100			150	148
450	5	5			150	150
451	93	79			150	150
452	19	33			150	150
453	159	1			140	150
454	363	501			114	150
455	418	260			135	102
456	209	105			150	150
457	14	7			150	150
458	5	0			150	150
459	0	0			150	150
460	14	12			150	150
461	5	5			150	150
462	0	5			150	150
463	37	27			150	150
464	0	0			150	150
465	3	0			150	150
466	0	0			150	104
467	13	0			150	150
468	0	0			150	150
469	59	26			150	150
470	59	20			150	150
471	23	35			150	150
472	7	46			95	150
473	101	102			141	150
474	6	2			150	150
475	10	28			150	150
476	15	19			150	150
477	16	19			150	150
478	0	4			84	84
479	37	26			150	150
480	1	2			150	150
481	11	6			150	150
482	15	133			102	150
483	281	434			150	150
484	264	328			150	150
485	4	18			128	150
486	18	13			150	128
487	29	61			150	150
488	50	122			150	150
489	1	134			150	135
490	10	33			150	129
491	2	37			147	147
492	1	0			150	150
493	8	37			150	104
494	6	21			150	150
495	10	21			150	150
496	10	6			150	150
497	25	1			150	133
498	0	0			150	150
499	1	0			150	150
500	7	27			146	150
501	4	26			146	150
502	22	29			150	146
503	65	11			150	150
504	128	32			150	150
505	708	812			150	150
506	1	0			150	150
507	13	11			150	150
508	46	48			133	150
509	4	81			150	150
510	3	0			150	150
511	35	0			150	150
512	35	3			150	150
513	90	73			150	129
514	467	2			127	150
515	90	6			150	150
516	21	2			150	150
517	86	107			147	150
518	74	106			150	150
519	0	1			150	150
520	16	2			150	150
521	7	24			150	150
522	871	0			147	150
523	0	0			150	84
524	0	0			150	84
525	0	0			150	150
526	17	20			150	150
527	22	12			150	150
528	0	6			150	150
529	0	1			145	150
530	0	3			145	150
531	161	226			150	150
532	7	31			150	150
533	14	43			126	150
534	0	42			150	150
535	22	16			150	150
536	25	30			150	150
537	67	90			150	150
538	529	508			150	147
539	2	0			150	150
540	145	130			135	143
541	145	134			135	150
542	0	0			150	119
543	23	2			112	98
544	0	0			79	82
545	6	0			150	150
546	6	7			150	150
547	0	0			150	150
548	0	0			150	150
549	1	62			108	144
550	1	27			108	102
551	0	4			78	150
552	8	326			150	150
553	8	145			150	150
554	8	28			111	150
555	23	4			150	150
556	0	13			150	150
557	7	7			150	150
558	9	0			113	137
559	287	272			150	150
560	190	269			150	150
561	190	17			150	150
562	72	142			118	150
563	149	204			150	150
564	34	63			150	150
565	103	236			150	150
566	65	53			150	142
567	0	1			150	150
568	96	157			150	150
569	165	7			150	150
570	0	0			150	125
571	175	242			148	150
572	4	9			150	150
573	3	0			150	81
574	4	0			138	150
575	0	1			150	150
576	0	0			150	150
577	1	0			150	150
578	0	0			150	150
579	0	0			150	150
580	31	33			150	150
581	10	29			150	150
582	320	214			150	150
583	307	661			150	150
584	69	1			149	137
585	24	30			150	150
586	0	0			98	98
587	0	0			81	81
588	25	1			128	132
589	0	0			150	105
590	0	0			117	105
591	0	1			150	150
592	0	0			150	150
593	65	98			129	150
594	3	0			150	150
595	3	0			150	150
596	11	70			147	144
597	28	8			147	150
598	2	4			150	150
599	22	22			133	147
600	26	23			147	150
601	131	211			150	150
602	16	4			150	150
603	0	5			150	150
604	21	50			114	149
605	0	0			147	141
606	0	0			150	150
607	0	0			150	146
608	7	0			84	84
609	21	4			150	150
610	2	8			150	150
611	18	20			150	150
612	231	398			150	148
613	235	0			148	82
614	235	413			148	150
615	0	1			150	150
616	1	0			150	150
617	6	0			150	150
618	50	24			144	108
619	62	91			150	150
620	0	0			150	141
621	20	22			150	150
622	0	0			150	150
623	91	49			150	130
624	91	71			150	150
625	91	72			150	150
626	0	8			150	150
627	0	10			150	115
628	14	4			150	150
629	19	26			150	150
630	0	0			150	150
631	16	0			126	150
632	0	0			150	150
633	7	16			150	120
634	0	5			150	135
635	1	0			96	96
636	30	22			150	116
637	0	0			150	150
638	0	2			129	137
639	1	1			150	150
640	169	0			100	100
641	4	1			150	150
642	0	0			150	150
643	0	0			150	150
644	30	12			150	114
645	12	13			150	150
646	0	0			150	125
647	0	0			150	150
648	11	12			150	147
649	1	2			150	142
650	2	0			142	150
651	0	0			142	111
652	0	1			150	150
653	8	7			133	150
654	16	0			150	114
655	0	0			150	150
656	8	34			150	150
657	0	0			150	150
658	0	0			150	150
659	2	1			150	148
660	0	2			150	150
661	73	167			150	142
662	0	0			150	150
663	35	20			150	150
664	2	51			103	150
665	5	1			150	150
666	0	219			76	150
667	1	0			138	150
668	0	5			150	150
669	21	38			143	150
670	4	0			150	138
671	68	0			150	138
672	68	4			150	150
673	0	0			110	127
674	0	0			126	150
675	59	70			150	150
676	40	53			150	138
677	43	87			138	150
678	7	1			125	150
679	0	1			150	142
680	2	16			150	150
681	9	6			150	150
682	52	57			150	150
683	3	12			150	150
684	0	0			143	150
685	0	0			141	150
686	0	0			123	99
687	0	21			150	150
688	0	0			150	131
689	13	13			150	150
690	0	0			150	150
691	31	22			150	150
692	0	9			150	150
693	0	54			150	150
694	1	121			150	150
695	80	125			150	150
696	39	32			126	150
697	26	11			150	150
698	18	18			150	150
699	9	8			150	148
700	4	2			150	150
701	4	1			150	150
702	4	1			150	150
703	64	58			150	150
704	0	0			120	150
705	60	23			150	137
706	1	23			150	137
707	4	0			147	150
708	0	0			150	150
709	0	0			135	150
710	0	5			150	150
711	0	1			150	126
712	2	28			121	144
713	0	20			150	110
714	1	36			92	150
715	0	0			150	150
716	79	1			150	150
717	107	194			150	150
718	899	2470			150	150
719	114	102			150	150
720	19	22			150	138
721	16	33			150	138
722	0	9			114	150
723	0	26			150	150
724	4	100			150	146
725	27	0			150	150
726	26	0			150	150
727	0	45			143	150
728	1	72			150	142
729	53	7			150	150
730	52	7			150	150
731	52	14			150	150
732	0	0			81	81
733	97	50			150	146
734	6	9			150	150
735	14	0			150	150
736	10	0			150	150
737	10	14			150	150
738	2	44			134	150
739	0	0			150	102
740	0	0			111	114
741	0	2			134	118
742	2	91			150	150
743	3	88			150	150
744	1	1			150	150
745	3	0			150	150
746	2	1			150	150
747	4	0			87	84
748	0	1			150	147
749	0	1			150	150
750	0	1			150	150
751	33	4			150	94
752	11	4			150	94
753	11	33			150	150
754	1	0			142	106
755	11	104			150	150
756	106	2			83	83
757	4517	4849			150	150
758	3268	4853			150	150
759	3268	3771			150	150
760	3	1			150	150
761	1	0			84	84
762	29	56			150	150
763	90	22			150	150
764	90	39			150	150
765	90	9			150	150
766	52	2			92	92
767	0	2			99	99
768	0	0			150	150
769	36	28			143	145
770	2	2			150	144
771	2	0			150	150
772	2	0			144	150
773	29	28			150	150
774	29	2			150	150
775	31	33			150	150
776	0	4			150	150
777	0	6			150	133
778	0	0			150	150
779	4	0			150	150
780	6	0			133	150
781	47	34			150	150
782	3	1			150	150
783	3	1			150	150
784	132	68			132	150
785	197	30			150	150
786	0	1			150	109
787	71	72			150	136
788	19	118			150	132
789	126	120			150	132
790	4	120			150	132
791	0	0			150	150
792	0	0			150	150
793	8	33			150	150
794	314	0			150	150
795	69	78			150	141
796	7	7			150	150
797	91	151			150	150
798	47	4			125	136
799	0	1			150	128
800	35	9			150	150
801	30	2			150	150
802	134	18			147	150
803	3	0			150	132
804	0	0			150	132
805	0	3			150	150
806	7	35			112	150
807	1119	27			150	150
808	1876	10			107	113
809	57	86			150	150
810	5	15			150	150
811	3	23			150	150
812	1	718			150	150
813	0	0			150	150
814	17	20			150	150
815	17	20			150	124
816	20	51			150	150
817	1	40			150	150
818	1	16			150	110
819	37	58			150	150
820	0	0			138	149
821	101	0			150	150
822	61	0			150	150
823	22	26			150	150
824	115	219			150	150
825	0	0			150	150
826	9	27			144	150
827	13	6			150	150
828	5	2			150	114
829	15	30			150	150
830	0	1			114	150
831	13	18			122	147
832	20	52			150	150
833	23	22			150	108
834	3	7			150	143
835	0	0			97	99
836	10	15			150	150
837	8	0			150	150
838	227	114			150	120
839	1	11			120	120
840	0	0			135	150
841	2	6			150	150
842	0	0			150	150
843	21	96			150	150
844	15	96			150	150
845	13	3			150	108
846	56	115			113	150
847	41	71			150	150
848	0	2			87	87
849	2	1			102	150
850	48	42			138	150
851	6	44			119	131
852	3	1			150	150
853	20	27			150	150
854	15	38			150	150
855	90	96			136	150
856	0	0			150	150
857	29	53			124	150
858	2	2			99	100
859	1	36			150	150
860	0	0			150	150
861	8	8			150	150
862	24	1			150	150
863	54	53			150	150
864	2	1			150	150
865	2	1			150	150
866	10	28			114	150
867	237	325			150	150
868	8	8			150	150
869	38	17			150	150
870	26	91			150	150
871	19	22			150	150
872	0	0			90	90
873	0	0			90	78
874	0	0			117	78
875	10	28			150	150
876	0	291			113	142
877	156	291			142	142
878	156	0			142	113
879	134	167			150	150
880	81	100			138	150
881	54	100			134	150
882	91	104			150	148
883	193	209			150	130
884	0	0			150	150
885	1	6			150	150
886	8	10			148	150
887	2	10			150	150
888	6	3			148	150
889	14	29			150	150
890	373	395			150	150
891	7	9			109	141
892	2	111			147	150
893	4	111			150	150
894	4	0			150	121
895	7	1			136	128
896	0	3			150	150
897	1	4			150	138
898	1	1			150	150
899	21	109			150	150
900	0	0			150	150
901	0	1			150	150
902	0	0			150	150
903	0	1			150	150
904	0	0			150	150
905	0	1			87	90
906	14	1			128	150
907	1239	3235			103	150
908	2846	3235			150	150
909	14	4			150	150
910	6	46			113	150
911	3	0			150	133
912	35	3			150	150
913	3	3			150	150
914	0	0			150	150
915	9	0			150	105
916	0	40			87	87
917	8	48			129	150
918	4	2			150	150
919	1	0			150	150
920	1	0			150	150
921	0	0			150	150
922	54	50			150	150
923	85	67			150	142
924	86	101			150	150
925	0	0			150	124
926	0	0			150	106
927	0	0			150	150
928	0	0			150	150
929	44	1			150	150
930	44	75			150	150
931	10	90			102	120
932	36	62			132	150
933	5	6			150	150
934	91	123			150	143
935	112	125			150	150
936	0	0			150	150
937	2	0			150	150
938	0	0			150	150
939	10	4			141	149
940	10	5			141	150
941	4	1			150	150
942	1	0			150	150
943	4	15			114	102
944	1	15			126	102
945	2	8			114	102
946	20	8			150	102
947	39	6			150	102
948	20	2			150	114
949	29	10			150	114
950	28	118			150	150
951	154	0			150	150
952	82	68			148	121
953	209	207			138	150
954	6	0			150	150
955	6	1			150	131
956	0	1			150	131
957	3	97			98	150
958	141	206			150	150
959	0	0			150	150
960	48	3			150	150
961	16	18			150	150
962	0	48			150	150
963	0	0			117	150
964	0	126			150	150
965	0	0			150	150
966	0	0			150	150
967	0	0			150	150
968	21	19			150	150
969	0	0			127	129
970	0	0			150	150
971	8	7			150	150
972	0	0			150	150
973	3	2			150	150
974	7	11			141	150
975	0	0			110	150
976	0	0			110	150
977	0	0			150	146
978	4	77			124	128
979	60	0			150	150
980	1553	1416			150	150
981	0	62			150	136
982	23	51			150	150
983	13	15			150	150
984	0	0			98	95
985	3	48			130	150
986	11	14			120	150
987	9	3			128	120
988	2	9			150	150
989	0	58			106	150
990	1	154			79	150
991	12	32			98	150
992	0	0			150	150
993	9	0			150	150
994	3	51			150	150
995	15	3			150	150
996	4	74			150	150
997	3	4			132	132
998	0	0			93	93
999	0	0			96	90
1000	0	0			96	90
1001	0	1			87	99
1002	1	5			116	116
1003	272	291			150	150
1004	256	290			150	150
1005	0	0			150	150
1006	26	47			146	150
1007	40	58			150	150
1008	59	0			98	101
1009	93	107			150	150
1010	256	256			150	150
1011	38	55			150	150
1012	12	43			131	150
1013	100	219			150	150
1014	119	177			150	150
1015	1	231			150	150
1016	64	9			150	129
1017	25	42			150	150
1018	0	6			150	150
1019	0	1			150	150
1020	10	19			150	150
1021	13	12			138	150
1022	4	3			150	150
1023	10	4			150	150
1024	7	2			127	112
1025	27	23			150	150
1026	94	103			130	150
1027	0	108			150	150
1028	1	0			150	150
1029	18	68			136	150
1030	0	0			150	150
1031	0	0			150	136
1032	0	0			150	136
1033	19	25			133	146
1034	9	2			146	150
1035	1	34			150	150
1036	23	39			150	150
1037	7	559			124	150
1038	0	559			118	150
1039	527	557			150	150
1040	2	32			150	150
1041	17	27			150	150
1042	1	36			150	150
1043	1	56			150	122
1044	4	2			150	134
1045	3	0			150	135
1046	0	0			150	135
1047	7	2			141	150
1048	0	0			138	150
1049	46	0			87	87
1050	0	0			150	150
1051	16	1			150	150
1052	7	12			150	150
1053	47	58			150	150
1054	35	36			150	122
1055	1	10			150	98
1056	5	12			150	150
1057	5	4			146	135
1058	0	0			150	150
1059	1	4			150	150
1060	7	12			130	150
1061	7	7			130	121
1062	2	28			150	150
1063	3	8			150	150
1064	24	25			150	150
1065	6	23			150	150
1066	39	83			107	134
1067	38	47			150	150
1068	0	62			150	150
1069	4	0			81	81
1070	1	0			150	150
1071	10	5			150	150
1072	5	46			150	150
1073	41	78			149	150
1074	0	0			150	150
1075	0	0			150	150
1076	0	0			150	150
1077	0	0			150	150
1078	0	3			84	84
1079	0	0			123	150
1080	6	0			150	150
1081	0	0			150	150
1082	0	0			150	131
1083	5	32			143	119
1084	8	32			150	119
1085	5	0			150	150
1086	0	0			138	150
1087	77	48			150	137
1088	984	870			150	140
1089	1121	1633			140	150
1090	0	0			150	150
1091	71	37			150	110
1092	25	57			110	150
1093	83	47			150	111
1094	149	53			150	150
1095	0	0			150	150
1096	23	40			141	150
1097	0	4			150	150
1098	1	6			150	150
1099	58	82			137	150
1100	1	45			145	150
1101	1	2			150	150
1102	212	121			150	150
1103	0	4			150	150
1104	0	0			150	127
1105	4	0			150	127
1106	0	0			96	90
1107	1	10			150	150
1108	6	12			150	150
1109	3	6			150	150
1110	2	14			150	150
1111	5	11			150	150
1112	9	2			150	150
1113	5	0			150	95
1114	5	0			150	137
1115	0	0			95	137
1116	1	7			147	141
1117	3	7			150	141
1118	3	1			150	147
1119	165	230			150	150
1120	0	0			108	150
1121	4	1			150	112
1122	2	4			148	150
1123	1	0			150	150
1124	1	0			150	150
1125	0	0			150	150
1126	1	0			150	150
1127	1	0			150	150
1128	6	19			150	147
1129	53	68			150	150
1130	0	0			81	81
1131	0	0			150	150
1132	0	52			81	144
1133	0	52			81	144
1134	0	0			81	81
1135	33	4			150	150
1136	99	164			150	150
1137	0	0			150	150
1138	89	19			150	135
1139	5	0			150	150
1140	3	11			148	150
1141	0	0			150	137
1142	0	2			150	150
1143	5	1			132	150
1144	29	46			148	150
1145	29	23			148	150
1146	79	12			138	97
1147	42	32			145	150
1148	0	0			150	150
1149	0	0			150	150
1150	52	106			150	150
1151	4	0			150	150
1152	638	541			150	150
1153	39	0			150	150
1154	0	4			150	150
1155	0	0			150	150
1156	21	14			150	150
1157	2	20			150	150
1158	133	101			150	150
1159	19	180			150	150
1160	21	136			150	150
1161	7	4			150	150
1162	0	0			150	150
1163	163	118			150	131
1164	0	0			150	150
1165	0	0			150	150
1166	10	14			150	150
1167	40	53			150	150
1168	57	53			150	150
1169	36	0			90	93
1170	11	0			147	150
1171	33	24			150	150
1172	1	1			138	150
1173	252	213			150	150
1174	2	0			150	103
1175	7	0			150	150
1176	76	140			135	150
1177	0	0			120	150
1178	0	0			150	150
1179	0	0			150	120
1180	0	0			150	120
1181	0	0			150	150
1182	1	16			150	150
1183	2	0			111	114
1184	51	68			150	150
1185	2	508			150	147
1186	529	1			150	150
1187	0	0			150	150
1188	0	0			150	150
1189	5	0			150	150
1190	2	14			121	135
1191	0	49			119	112
1192	270	505			125	150
1193	255	337			125	125
1194	269	329			150	125
1195	88	116			150	150
1196	1	161			102	150
1197	0	0			90	87
1198	3	2			150	150
1199	1321	1779			133	150
1200	1	0			96	96
1201	0	0			150	150
1202	65	105			150	150
1203	5	12			114	144
1204	0	0			147	141
1205	2	7			150	150
1206	2717	177			150	150
1207	0	0			150	150
1208	0	0			150	150
1209	41	55			136	150
1210	34	59			126	123
1211	34	58			126	150
1212	21	47			129	135
1213	17	47			111	135
1214	22	0			111	150
1215	35	0			129	150
1216	70	2			126	111
1217	40	4			126	111
1218	40	34			150	150
1219	0	0			150	150
1220	0	1			110	93
1221	0	0			150	150
1222	0	0			150	150
1223	0	0			150	150
1224	0	1			150	150
1225	25	29			150	150
1226	2	9			150	150
1227	5	9			150	150
1228	13	15			150	150
1229	0	8			150	114
1230	6	8			150	126
1231	2	0			132	150
1232	32	30			150	147
1233	0	0			150	150
1234	87	153			150	150
1235	201	0			150	150
1236	0	17			150	150
1237	335	454			150	150
1238	57	0			150	150
1239	53	32			150	150
1240	0	67			150	135
1241	0	0			140	150
1242	6	4			142	150
1243	32	4			90	105
1244	53	65			150	150
1245	120	40			150	150
1246	0	0			150	150
1247	14	27			150	136
1248	18	26			120	140
1249	6	49			150	150
1250	0	1			150	150
1251	2	1			150	150
1252	0	1			150	150
1253	2	1			150	150
1254	2	0			150	150
1255	0	0			150	150
1256	2	0			150	150
1257	0	2			150	150
1258	2	2			150	150
1259	0	23			121	150
1260	0	0			121	133
1261	0	0			150	133
1262	0	0			150	121
1263	31	53			119	147
1264	0	53			137	147
1265	5	11			150	150
1266	13	9			150	150
1267	5	0			141	150
1268	0	36			150	150
1269	302	328			150	150
1270	267	359			150	150
1271	0	0			150	150
1272	10	70			150	150
1273	0	0			150	150
1274	0	0			150	150
1275	5	4			150	150
1276	6	3			150	150
1277	3	8			102	150
1278	0	1			150	150
1279	32	119			150	144
1280	47	82			149	150
1281	0	1			150	100
1282	28	10			150	150
1283	0	0			150	114
1284	3	52			150	150
1285	15	29			150	150
1286	29	3			150	150
1287	29	36			150	150
1288	0	0			150	98
1289	455	463			149	150
1290	2	2			150	121
1291	3	2			150	150
1292	0	0			150	150
1293	0	1			150	150
1294	0	0			150	150
1295	0	7			150	150
1296	11	10			150	150
1297	0	0			150	150
1298	0	0			84	96
1299	0	0			144	93
1300	0	0			102	117
1301	0	0			133	117
1302	0	1			150	109
1303	0	1			150	109
1304	43	1			150	150
1305	14	17			144	132
1306	0	0			135	150
1307	107	137			150	150
1308	44	47			150	150
1309	2	0			150	106
1310	12	16			150	150
1311	15	25			150	150
1312	9	16			124	150
1313	0	0			150	150
1314	0	0			150	150
1315	2	9			111	150
1316	28	5			150	150
1317	28	29			150	150
1318	5	29			150	150
1319	0	0			150	150
1320	0	0			123	150
1321	23	19			150	150
1322	47	67			150	150
1323	27	31			150	150
1324	31	29			150	150
1325	0	0			150	130
1326	0	0			150	149
1327	27	28			150	150
1328	27	14			150	150
1329	27	14			150	121
1330	23	14			150	121
1331	28	14			150	150
1332	28	14			150	121
1333	40	14			150	121
1334	0	131			150	150
1335	0	0			150	150
1336	23	9			147	137
1337	0	1			114	150
1338	0	0			133	150
1339	18	0			150	87
1340	36	54			150	150
1341	88	130			150	150
1342	15	6			150	150
1343	31	47			150	150
1344	39	42			150	150
1345	1	11			150	150
1346	1	4			150	150
1347	0	0			84	93
1348	5	14			150	150
1349	0	9			150	150
1350	336	351			150	150
1351	0	0			110	150
1352	0	1			150	150
1353	6	2			137	150
1354	21	34			150	150
1355	3	2			150	150
1356	38	4			150	150
1357	26	14			150	150
1358	24	0			150	150
1359	34	49			150	150
1360	1	0			150	150
1361	0	0			78	78
1362	0	2			150	150
1363	177	372			150	150
1364	32	34			150	150
1365	146	86			137	144
1366	70	62			150	139
1367	69	53			150	150
1368	14	53			139	150
1369	36	57			139	150
1370	42	0			150	150
1371	0	0			150	99
1372	0	38			150	81
1373	1	8			135	150
1374	0	2			128	150
1375	35	43			150	150
1376	2	2			150	139
1377	61	74			150	150
1378	83	55			150	150
1379	124	107			150	150
1380	2	0			150	150
1381	11	16			150	150
1382	0	0			134	150
1383	0	3			114	150
1384	27	0			150	92
1385	4	1			150	127
1386	3	0			150	150
1387	0	16			150	150
1388	1	6			148	150
1389	73	143			120	150
1390	1	0			150	150
1391	3	0			150	150
1392	3	0			150	150
1393	0	0			150	150
1394	0	0			150	150
1395	0	0			150	150
1396	0	0			150	150
1397	0	0			150	103
1398	0	0			150	150
1399	2	2			150	150
1400	0	81			144	150
1401	4	0			150	133
1402	5	1			150	150
1403	0	0			150	150
1404	0	4			149	149
1405	36	0			150	121
1406	6	4			150	150
1407	2	26			105	133
1408	27	10			150	99
1409	59	12			150	150
1410	56	48			150	132
1411	133	17			150	123
1412	4	0			150	150
1413	7	0			150	150
1414	1	0			150	150
1415	1	4			150	150
1416	1	7			150	150
1417	47	81			140	150
1418	219	262			150	150
1419	149	186			150	150
1420	3	0			121	147
1421	15	45			150	150
1422	0	0			150	150
1423	120	108			150	150
1424	30	34			150	150
1425	5	3			150	140
1426	0	2			150	150
1427	145	118			150	150
1428	20	9			150	150
1429	57	27			150	128
1430	55	116			135	150
1431	45	47			150	150
1432	0	0			144	131
1433	144	201			150	150
1434	1	0			126	150
1435	179	117			150	131
1436	78	118			120	150
1437	72	120			120	131
1438	75	4			150	150
1439	122	173			150	150
1440	1	0			150	150
1441	1	0			150	121
1442	44	1			150	150
1443	44	43			150	150
1444	222	102			132	101
1445	0	0			150	150
1446	16	24			150	150
1447	840	51			150	150
1448	0	0			150	150
1449	2	0			99	99
1450	8	18			134	150
1451	13	18			150	150
1452	0	1			150	150
1453	22	38			129	150
1454	23	1			125	115
1455	5	14			150	138
1456	3	3			150	150
1457	0	0			150	150
1458	0	0			150	150
1459	0	0			141	150
1460	0	0			150	130
1461	0	0			150	130
1462	0	0			150	150
1463	0	0			150	150
1464	0	0			150	150
1465	0	0			150	150
1466	47	12			150	150
1467	0	0			150	136
1468	4	0			150	150
1469	116	66			141	143
1470	75	136			143	146
1471	76	106			146	133
1472	27	162			150	150
1473	4	161			150	150
1474	41	162			150	150
1475	5	161			150	150
1476	41	37			150	150
1477	3	23			146	150
1478	53	40			150	150
1479	0	0			134	150
1480	30	25			150	150
1481	0	0			96	96
1482	70	26			150	150
1483	54	73			150	150
1484	5	121			150	150
1485	27	121			150	150
1486	1	15			150	150
1487	18	18			150	150
1488	0	0			147	141
1489	264	311			150	150
1490	3	37			150	150
1491	3	18			150	140
1492	0	0			123	150
1493	0	0			123	150
1494	0	0			123	78
1495	0	0			150	78
1496	0	0			150	78
1497	42	31			150	150
1498	165	116			144	142
1499	16	11			150	121
1500	98	0			79	79
1501	0	24			150	150
1502	0	0			150	150
1503	17	12			150	150
1504	9	10			150	150
1505	8	9			150	150
1506	10	15			150	150
1507	3	0			150	150
1508	4	0			150	150
1509	19	15			150	150
1510	292	26			113	136
1511	63	34			150	132
1512	0	0			150	150
1513	0	0			115	150
1514	34	26			150	150
1515	0	0			139	128
1516	0	0			108	123
1517	65	82			150	150
1518	2957	4279			150	150
1519	11	1			140	150
1520	78	0			128	79
1521	2	14			150	150
1522	2	0			150	150
1523	14	0			150	150
1524	54	180			150	144
1525	107	0			150	76
1526	0	1			150	136
1527	0	0			150	150
1528	0	0			150	150
1529	102	88			150	150
1530	166	167			150	134
1531	4	0			150	150
1532	0	34			150	131
1533	0	34			150	131
1534	0	0			150	150
1535	0	0			150	122
1536	217	53			150	150
1537	14	49			142	150
1538	29	24			150	150
1539	4	384			150	149
1540	312	384			150	149
1541	0	2			150	150
1542	6	4			150	150
1543	67	117			114	132
1544	1	2			150	114
1545	27	109			150	150
1546	0	34			150	122
1547	0	0			150	150
1548	0	0			150	150
1549	29	44			150	150
1550	0	0			81	81
1551	23	37			130	150
1552	0	17			96	96
1553	0	18			96	93
1554	43	207			118	150
1555	60	48			133	150
1556	138	127			129	150
1557	0	0			150	150
1558	0	0			150	150
1559	2	1			142	150
1560	0	4			114	145
1561	0	3			150	150
1562	0	0			150	150
1563	0	0			150	150
1564	0	2			150	145
1565	3	0			150	150
1566	3	0			150	150
1567	3	2			150	145
1568	0	2			150	145
1569	0	2			150	145
1570	0	0			123	150
1571	25	45			150	150
1572	0	0			150	108
1573	14	28			150	150
1574	12	0			126	99
1575	14	22			150	150
1576	1	5			150	150
1577	0	5			150	150
1578	0	0			150	150
1579	0	0			150	150
1580	0	0			96	90
1581	12	15			150	150
1582	13	18			150	150
1583	10	29			150	150
1584	192	4			150	150
1585	18	32			150	150
1586	0	0			150	150
1587	56	118			150	150
1588	1	32			150	150
1589	5	0			150	150
1590	0	1			150	150
1591	31	73			141	150
1592	0	1			144	150
1593	0	0			150	150
1594	116	4			150	150
1595	43	3			150	150
1596	25	28			150	150
1597	129	146			150	150
1598	0	0			87	87
1599	0	3			138	147
1600	0	2			150	147
1601	0	2			150	147
1602	0	12			79	150
1603	6	15			150	150
1604	3	15			150	150
1605	140	20			150	150
1606	4	4			139	150
1607	44	85			150	150
1608	0	8			84	150
1609	0	0			150	150
1610	17	23			123	150
1611	51	35			150	150
1612	14	0			150	150
1613	51	50			150	135
1614	124	134			150	136
1615	1885	1878			150	150
1616	0	24			98	98
1617	51	52			150	150
1618	60	56			150	150
1619	2391	3511			150	150
1620	2391	4			150	150
1621	26	68			150	150
1622	1	0			140	125
1623	34	39			150	150
1624	28	56			150	150
1625	0	0			150	107
1626	0	1			150	150
1627	28	25			150	150
1628	4	25			106	150
1629	45	173			150	150
1630	137	135			150	150
1631	71	171			138	150
1632	26	9			150	90
1633	5	4			150	150
1634	0	2			111	150
1635	0	0			150	150
1636	10	81			150	150
1637	0	34			120	150
1638	2	0			150	150
1639	46	83			142	150
1640	75	175			114	150
1641	0	103			132	150
1642	6	1			150	114
1643	1	0			150	150
1644	0	0			105	150
1645	0	1			105	150
1646	0	0			150	150
1647	70	74			150	150
1648	7	12			126	150
1649	0	140			82	150
1650	0	2			150	150
1651	0	0			150	150
1652	73	78			150	150
1653	8	1			150	150
1654	8	1			150	150
1655	23	0			150	150
1656	68	4491			150	150
1657	3342	4491			111	150
1658	23	36			110	125
1659	74	36			150	125
1660	1	0			147	150
1661	92	73			150	150
1662	32	15			150	104
1663	50	33			150	126
1664	1	73			147	147
1665	0	0			150	150
1666	61	102			150	150
1667	0	0			150	150
1668	0	1			150	150
1669	0	0			150	150
1670	1	0			150	150
1671	0	65			150	150
1672	0	34			150	150
1673	0	0			106	106
1674	0	0			100	100
1675	81	104			150	150
1676	77	52			150	150
1677	77	3			150	150
1678	2	4			150	135
1679	34	45			134	150
1680	580	0			150	150
1681	1133	0			150	150
1682	1	0			150	150
1683	2705	4433			150	150
1684	4	16			150	150
1685	28	3			150	150
1686	102	131			150	150
1687	358	0			150	150
1688	2	81			150	150
1689	2	114			150	150
1690	2	77			150	150
1691	0	0			150	150
1692	0	0			150	150
1693	0	0			131	150
1694	110	127			150	150
1695	117	86			121	134
1696	22	19			150	150
1697	56	5			150	150
1698	30	43			150	150
1699	87	0			84	87
1700	562	111			150	119
1701	412	0			132	150
1702	9	0			138	115
1703	5	42			150	150
1704	6	42			150	150
1705	14	37			150	150
1706	24	42			150	150
1707	77	98			150	150
1708	116	111			150	150
1709	0	2			150	150
1710	0	0			150	150
1711	0	0			150	108
1712	0	16			124	150
1713	1	5			150	150
1714	4	2			150	150
1715	6	0			141	150
1716	1	0			150	137
1717	0	0			150	137
1718	0	1			150	150
1719	19	17			150	150
1720	0	0			123	150
1721	55	66			141	141
1722	47	58			150	141
1723	0	32			118	150
1724	80	46			150	135
1725	0	0			93	126
1726	0	20			150	150
1727	3	3			150	150
1728	0	0			150	150
1729	0	0			150	150
1730	1	5			150	150
1731	12	36			150	150
1732	21	2			150	129
1733	2	1			150	150
1734	41	39			150	150
1735	12	3			150	138
1736	0	0			150	143
1737	0	0			150	98
1738	0	0			150	98
1739	58	88			117	132
1740	8	0			150	128
1741	1	1			150	150
1742	45	73			150	150
1743	26	39			150	150
1744	25	43			150	139
1745	0	70			150	150
1746	124	183			150	150
1747	20	16			150	150
1748	0	0			150	145
1749	20	0			150	150
1750	3	124			145	150
1751	36	43			150	150
1752	0	0			150	150
1753	0	4			129	114
1754	12	373			150	150
1755	0	0			144	150
1756	0	0			144	150
1757	0	0			150	150
1758	6	3			150	132
1759	991	703			150	150
1760	417	1231			150	150
1761	84	1220			150	150
1762	18	1			142	150
1763	0	19			96	93
1764	0	0			150	98
1765	0	0			150	98
1766	384	2			120	150
1767	75	101			150	150
1768	18	851			150	150
1769	20	851			150	150
1770	354	28			150	150
1771	0	0			150	150
1772	6	5			150	150
1773	3	2			150	150
1774	20	22			150	150
1775	5	5			141	150
1776	3	0			99	132
1777	21	50			150	150
1778	21	72			150	135
1779	50	72			150	135
1780	60	85			150	150
1781	0	187			149	150
1782	74	118			150	150
1783	0	71			149	150
1784	74	2			150	150
1785	14	23			150	150
1786	20	10			150	150
1787	15	4			150	150
1788	38	25			150	150
1789	21	29			150	150
1790	45	45			150	150
1791	2	112			150	150
1792	0	0			77	150
1793	26	49			146	146
1794	31	37			150	150
1795	22	36			150	150
1796	52	0			150	80
1797	2070	2969			150	150
1798	439	455			150	135
1799	31	28			150	150
1800	115	130			150	150
1801	71	2			150	135
1802	82	10			150	150
1803	193	38			144	144
1804	0	0			111	150
1805	120	147			145	150
1806	4	20			150	150
1807	3	14			150	150
1808	3	11			150	150
1809	0	22			150	150
1810	0	0			150	150
1811	0	0			150	79
1812	11	0			150	150
1813	3	1			125	150
1814	5	1			125	150
1815	0	1			127	150
1816	3	1			125	150
1817	0	2			131	125
1818	30	0			150	150
1819	0	0			116	150
1820	3	2			150	150
1821	0	2			150	150
1822	0	0			150	150
1823	12	16			150	150
1824	6	7			150	150
1825	0	4			150	150
1826	0	0			150	150
1827	46	52			150	150
1828	0	0			150	150
1829	252	403			150	150
1830	276	256			150	141
1831	40	47			150	150
1832	11	0			127	150
1833	4	46			133	150
1834	1	1			104	150
1835	239	50			150	144
1836	0	0			132	150
1837	33	0			150	150
1838	1	0			93	93
1839	0	0			93	150
1840	13	19			150	141
1841	11	3			150	150
1842	8	0			150	150
1843	8	23			150	149
1844	0	23			150	149
1845	4	104			150	150
1846	1	64			150	150
1847	0	0			150	114
1848	0	0			150	114
1849	0	0			150	150
1850	0	0			150	150
1851	0	2			150	150
1852	0	2			150	150
1853	0	0			134	150
1854	0	0			134	150
1855	0	6			134	150
1856	0	0			150	150
1857	2	2			150	150
1858	0	0			150	150
1859	0	0			150	137
1860	0	0			150	137
1861	0	0			150	150
1862	0	11			150	150
1863	16	3			150	150
1864	1	70			150	150
1865	1	70			150	150
1866	0	0			150	150
1867	20	0			150	122
1868	0	53			150	150
1869	8	5			150	150
1870	8	9			150	150
1871	475	600			150	150
1872	249	590			119	150
1873	38	63			150	150
1874	48	71			150	139
1875	164	8			150	114
1876	133	8			150	114
1877	65	50			114	150
1878	0	2			135	117
1879	0	2			108	117
1880	0	0			108	135
1881	0	0			108	135
1882	33	3			148	148
1883	21	24			142	150
1884	23	24			120	150
1885	17	19			150	142
1886	1	11			120	142
1887	4	21			117	150
1888	29	21			120	150
1889	2	21			117	150
1890	4	21			120	150
1891	0	20			150	150
1892	11	12			150	150
1893	0	0			150	150
1894	0	0			135	147
1895	1	11			115	130
1896	1	22			115	130
1897	13	19			150	150
1898	6	39			150	150
1899	0	0			150	150
1900	119	253			150	150
1901	0	0			133	122
1902	0	2			133	150
1903	0	2			122	150
1904	14	3			150	150
1905	34	18			150	150
1906	0	5			93	93
1907	7	29			121	150
1908	22	15			150	121
1909	1	20			123	150
1910	77	82			150	150
1911	6	0			150	117
1912	1913	1966			150	150
1913	2031	2001			150	150
1914	0	0			121	150
1915	0	0			150	150
1916	0	0			121	150
1917	0	0			84	84
1918	0	0			150	84
1919	0	0			150	84
1920	59	0			150	150
1921	13	8			147	147
1922	60	91			150	133
1923	4	3			150	150
1924	0	0			150	150
1925	8	12			139	150
1926	41	69			139	150
1927	0	1			150	150
1928	10	15			150	150
1929	0	0			150	150
1930	253	370			150	146
1931	235	342			146	150
1932	6	16			150	150
1933	126	97			150	150
1934	133	3			112	150
1935	133	214			112	125
1936	133	3			112	100
1937	0	11			150	150
1938	1	6			150	129
1939	62	25			150	150
1940	48	7			150	150
1941	89	125			148	150
1942	147	166			150	150
1943	90	125			150	150
1944	0	0			109	150
1945	4	11			150	150
1946	0	1			126	150
1947	0	0			105	150
1948	56	73			142	150
1949	17	20			150	150
1950	247	370			150	150
1951	0	0			150	150
1952	0	1			150	150
1953	0	1			150	150
1954	3	3			123	150
1955	0	5			93	93
1956	0	0			150	150
1957	33	31			142	136
1958	127	135			150	150
1959	5	29			144	150
1960	0	1			150	150
1961	0	0			115	118
1962	14	5			150	123
1963	68	28			150	150
1964	6	19			150	150
1965	80	30			150	150
1966	20	11			143	150
1967	0	0			150	150
1968	7	0			99	126
1969	0	0			99	102
1970	0	0			102	126
1971	0	0			102	129
1972	92	52			150	102
1973	6	0			150	150
1974	242	69			150	150
1975	0	0			150	98
1976	0	0			150	98
1977	51	14			150	106
1978	12	9			139	150
1979	2	2			150	150
1980	2	0			150	150
1981	0	9			150	150
1982	0	0			150	150
1983	167	52			135	141
1984	26	29			150	150
1985	1	0			147	127
1986	64	6			150	109
1987	33	3			142	150
1988	0	0			102	99
1989	28	37			150	150
1990	0	1			97	150
1991	4	26			150	150
1992	72	98			150	150
1993	113	104			150	150
1994	0	0			93	90
1995	0	45			102	150
1996	0	30			102	150
1997	67	60			150	150
1998	0	1			150	99
1999	1	7			148	78
2000	2	0			123	99
2001	12	10			150	150
2002	14	12			150	142
2003	26	30			150	150
2004	2	17			150	150
2005	1	2			150	150
2006	2	0			144	81
2007	0	0			120	150
2008	194	9			150	150
2009	15	8			101	150
2010	5	32			150	150
2011	0	0			108	96
2012	6	0			150	96
2013	6	0			150	108
2014	0	0			150	111
2015	0	27			150	150
2016	0	74			150	150
2017	65	70			150	150
2018	4	2			136	150
2019	19	17			150	150
2020	11	17			150	150
2021	1	2			150	150
2022	0	0			125	150
2023	24	0			150	150
2024	0	1			150	150
2025	0	0			150	150
2026	74	0			150	97
2027	1	38			150	132
2028	1	0			150	150
2029	19	8			150	117
2030	38	35			150	149
2031	2	3			150	150
2032	2	3			150	150
2033	2	3			150	150
2034	2	2			150	150
2035	2	2			150	150
2036	2	2			150	150
2037	2	2			150	150
2038	3	0			150	150
2039	0	0			150	150
2040	9	68			111	150
2041	63	96			150	150
2042	68	82			150	135
2043	63	93			150	150
2044	1	2			150	150
2045	1	0			87	87
2046	4	0			150	150
2047	17	41			150	150
2048	20	42			150	150
2049	229	0			150	150
2050	63	62			150	150
2051	1	317			150	150
2052	1	2			150	150
2053	15	72			150	150
2054	11	99			150	150
2055	51	0			120	150
2056	158	240			150	147
2057	3	84			131	150
2058	72	84			150	150
2059	72	3			150	131
2060	0	0			150	150
2061	0	0			150	150
2062	0	12			150	146
2063	0	12			150	146
2064	0	0			150	150
2065	9	79			150	150
2066	9	79			150	150
2067	1	1			150	150
2068	0	1			150	150
2069	4	2			150	150
2070	24	18			150	147
2071	3	60			150	150
2072	3	69			150	150
2073	3	57			150	150
2074	19	14			150	150
2075	0	0			150	150
2076	27	0			150	150
2077	3	111			150	150
2078	0	0			138	150
2079	0	0			138	150
2080	0	0			150	150
2081	0	0			150	138
2082	0	0			150	138
2083	189	299			138	150
2084	198	180			150	150
2085	12528	1441			150	150
2086	3277	1439			150	150
2087	76	86			150	150
2088	3	14			150	150
2089	122	147			150	150
2090	0	0			139	150
2091	19	21			150	150
2092	1	2			150	150
2093	56	56			150	150
2094	86	59			150	150
2095	0	8			108	150
2096	0	0			144	147
2097	0	0			150	150
2098	189	3			150	150
2099	8	10			150	150
2100	53	70			150	150
2101	1140	2388			150	150
2102	106	2391			150	150
2103	307	262			150	150
2104	0	0			83	77
2105	1	1			150	133
2106	0	0			150	150
2107	0	0			150	87
2108	0	0			87	150
2109	3	41			150	150
2110	53	49			149	150
2111	36	99			150	150
2112	36	58			150	150
2113	12	29			150	150
2114	21	18			150	150
2115	19	6			150	114
2116	8	11			150	150
2117	23	203			150	136
2118	0	11			118	150
2119	59	60			150	150
2120	0	0			150	150
2121	1	0			150	150
2122	31	97			150	150
2123	20	132			150	150
2124	215	313			150	150
2125	49	65			150	150
2126	45	115			150	150
2127	260	326			150	150
2128	0	11			150	150
2129	0	13			150	150
2130	0	0			150	150
2131	806	265			150	117
2132	22	29			150	150
2133	22	32			150	150
2134	0	0			150	141
2135	0	0			150	150
2136	0	0			123	150
2137	42	6			150	150
2138	0	0			150	150
2139	0	0			150	129
2140	2	5			150	150
2141	0	0			125	150
2142	2	36			150	150
2143	1	0			150	129
2144	172	79			150	150
2145	0	0			150	133
2146	68	56			150	150
2147	1	68			150	149
2148	4	123			150	149
2149	0	0			129	150
2150	1	6			150	126
2151	30	104			126	150
2152	0	0			130	150
2153	0	0			93	150
2154	124	185			150	150
2155	1	3			150	150
2156	1	3			150	150
2157	1	1			150	150
2158	11	9			150	150
2159	11	1			148	150
2160	11	8			148	150
2161	9	10			150	148
2162	20	7			150	126
2163	0	4			120	90
2164	0	0			120	90
2165	4	0			90	90
2166	11	17			150	144
2167	48	81			150	150
2168	5176	2033			150	102
2169	0	0			150	98
2170	0	0			150	98
2171	23	33			150	150
2172	18	72			150	150
2173	0	72			150	150
2174	0	72			109	150
2175	0	0			109	150
2176	24	82			150	150
2177	24	24			150	150
2178	4	18			150	150
2179	3	12			150	150
2180	5	13			135	149
2181	1	11			150	135
2182	101	4			108	111
2183	7	1			143	134
2184	43	50			150	105
2185	2	0			150	140
2186	178	220			150	150
2187	248	0			150	149
2188	248	26			150	150
2189	2	42			149	150
2190	59	119			150	150
2191	100	256			128	150
2192	142	236			150	150
2193	22	60			150	150
2194	0	0			150	150
2195	4	39			150	150
2196	6	39			150	150
2197	6	39			150	150
2198	0	0			150	150
2199	0	0			150	150
2200	0	0			150	150
2201	0	0			150	150
2202	0	0			150	150
2203	0	0			150	150
2204	0	0			150	150
2205	0	0			150	150
2206	0	0			150	150
2207	31	34			149	150
2208	2	0			150	134
2209	80	152			150	150
2210	2	7			147	150
2211	1	0			150	150
2212	0	2			150	150
2213	37	0			150	87
2214	7	0			87	87
2215	5	1			138	150
2216	1	1			138	150
2217	6	1			150	150
2218	6	1			150	138
2219	6	2			150	138
2220	126	130			150	140
2221	126	153			150	147
2222	122	109			150	150
2223	119	128			150	150
2224	96	122			150	150
2225	15	2			99	114
2226	58	78			150	150
2227	1	100			103	150
2228	91	109			150	150
2229	118	166			150	150
2230	1	5			150	150
2231	2	61			150	150
2232	15	0			150	150
2233	9	0			150	150
2234	416	0			150	77
2235	0	0			150	150
2236	0	0			127	127
2237	0	0			150	150
2238	0	1			127	127
2239	0	1			127	127
2240	0	0			127	127
2241	0	52			150	150
2242	0	0			150	126
2243	11	32			150	150
2244	0	2			150	150
2245	5	8			147	150
2246	1	0			135	150
2247	2	8			150	150
2248	0	0			150	150
2249	18	52			116	150
2250	46	0			87	87
2251	46	0			87	150
2252	0	0			150	103
2253	0	0			150	150
2254	5	22			112	150
2255	8	14			150	116
2256	14	14			150	116
2257	8	42			150	150
2258	14	42			150	150
2259	34	49			150	150
2260	216	124			129	150
2261	245	210			150	150
2262	0	14			102	99
2263	1	0			150	150
2264	114	24			150	106
2265	18	3			129	141
2266	0	0			150	150
2267	1	0			150	150
2268	0	0			150	150
2269	0	0			150	150
2270	1	0			136	150
2271	0	3			150	150
2272	0	0			150	150
2273	0	159			111	121
2274	48	64			141	150
2275	0	0			150	150
2276	55	64			150	150
2277	2	64			150	150
2278	24	17			141	104
2279	36	86			150	150
2280	0	0			99	99
2281	0	0			134	99
2282	0	0			150	134
2283	0	0			150	134
2284	0	1			150	150
2285	0	31			83	83
2286	9	0			83	110
2287	9	4			83	83
2288	0	4			110	83
2289	33	3			132	141
2290	0	65			99	99
2291	2	81			120	117
2292	72	5			150	150
2293	0	15			92	95
2294	1	8			95	129
2295	14	6			150	102
2296	129	756			150	150
2297	1	9			150	150
2298	257	71			150	92
2299	144	71			150	92
2300	0	0			111	150
2301	47	0			150	108
2302	0	0			147	150
2303	0	0			129	150
2304	0	0			129	150
2305	0	0			129	150
2306	0	1			129	150
2307	0	0			129	150
2308	0	0			150	150
2309	0	1			150	150
2310	0	0			150	150
2311	0	0			150	150
2312	0	1			150	150
2313	0	0			150	150
2314	0	0			150	150
2315	1	0			150	150
2316	0	0			150	150
2317	0	0			150	123
2318	19	33			150	150
2319	1	0			150	150
2320	1	3			150	150
2321	87	136			147	150
2322	2	24			150	138
2323	2	2			150	146
2324	0	74			150	150
2325	12	28			109	143
2326	41	38			150	150
2327	0	39			139	148
2328	0	0			150	144
2329	0	0			150	150
2330	48	78			150	147
2331	21	32			150	150
2332	82	82			150	150
2333	0	1			150	111
2334	23	15			119	150
2335	1	1			150	150
2336	0	0			150	150
2337	0	0			150	150
2338	12	1			150	120
2339	0	0			150	150
2340	0	0			150	117
2341	9	371			150	150
2342	12	387			129	150
2343	108	5			150	150
2344	4	9			127	150
2345	11	7			150	150
2346	0	2			150	109
2347	0	5			94	94
2348	38	87			150	150
2349	50	0			150	150
2350	0	0			121	133
2351	6	15			145	150
2352	2	10			145	150
2353	1	0			126	150
2354	0	0			119	150
2355	0	0			150	99
2356	0	0			116	99
2357	0	0			116	150
2358	0	0			150	150
2359	0	0			150	150
2360	12	3			150	150
2361	1	2			150	150
2362	1	90			150	150
2363	8	1			150	150
2364	89	59			150	136
2365	0	86			150	150
2366	0	86			150	150
2367	89	96			150	150
2368	3	13			150	150
2369	3	1			150	149
2370	9	9			150	150
2371	0	13			150	150
2372	22	0			135	135
2373	8	19			150	150
2374	2	11			150	108
2375	1	0			150	150
2376	3	30			109	150
2377	3	30			109	150
2378	22	76			147	150
2379	27	76			111	150
2380	31	65			150	150
2381	0	0			150	150
2382	7	3			150	111
2383	0	9			150	138
2384	0	8			150	150
2385	18	29			150	150
2386	129	16			150	150
2387	13	14			150	135
2388	0	0			123	150
2389	0	0			143	137
2390	0	1			150	150
2391	1	0			150	150
2392	2	14			78	78
2393	0	2			93	93
2394	0	1			150	150
2395	294	2			150	150
2396	0	0			90	78
2397	0	0			117	78
2398	1	0			150	150
2399	57	159			130	150
2400	48	44			150	150
2401	4	0			150	150
2402	5	1			150	150
2403	8	19			150	150
2404	107	101			150	150
2405	217	0			150	150
2406	24	1			150	150
2407	4	5			150	150
2408	5	3			150	150
2409	0	1			127	150
2410	6	0			150	150
2411	0	0			150	150
2412	3	7			150	150
2413	79	95			150	150
2414	0	0			150	150
2415	21	0			150	150
2416	51	26			150	150
2417	7	5			150	150
2418	24	5			150	137
2419	27	5			150	113
2420	28	5			150	113
2421	25	21			150	113
2422	2	0			150	150
2423	18	14			150	150
2424	0	0			150	150
2425	2	1			150	150
2426	3	22			125	150
2427	133	80			150	150
2428	75	2			150	150
2429	0	24			150	150
2430	9	140			150	150
2431	5	52			150	150
2432	12	51			150	150
2433	6	37			150	150
2434	6	3			150	150
2435	6	3			150	150
2436	0	13			150	150
2437	53	12			150	150
2438	369	416			150	150
2439	35	43			150	150
2440	4	28			150	150
2441	52	45			150	150
2442	38	43			150	150
2443	40	58			149	144
2444	0	40			78	150
2445	13	8			124	117
2446	0	0			150	150
2447	0	0			132	120
2448	0	2			141	138
2449	0	9			93	93
2450	3	1			90	150
2451	0	0			131	141
2452	10	0			150	96
2453	270	336			150	150
2454	265	303			150	150
2455	2	3			150	150
2456	4	8			150	150
2457	0	1			150	150
2458	0	1			150	150
2459	0	0			150	150
2460	0	0			150	150
2461	0	0			150	150
2462	1	8			81	150
2463	11	9			117	150
2464	8	27			147	150
2465	0	0			150	150
2466	1	6			150	150
2467	91	65			150	124
2468	4	0			145	150
2469	2	7			130	150
2470	0	0			138	120
2471	64	9			150	127
2472	8	12			119	125
2473	1	22			142	150
2474	0	0			150	150
2475	0	0			81	81
2476	0	0			150	150
2477	121	161			150	150
2478	68	154			124	150
2479	11	4			150	150
2480	94	118			150	150
2481	1	2			150	150
2482	0	0			150	150
2483	0	25			150	115
2484	6	7			150	150
2485	73	46			137	150
2486	0	0			145	150
2487	121	50			150	150
2488	29	52			124	150
2489	27	1			150	144
2490	0	2			123	150
2491	0	0			93	93
2492	1	1			150	137
2493	1	0			150	150
2494	0	5			150	135
2495	0	0			150	133
2496	0	0			133	150
2497	72	139			150	150
2498	161	315			128	150
2499	73	239			150	150
2500	108	197			150	150
2501	16	10			150	121
2502	10	0			126	126
2503	11	5			126	138
2504	2	8			126	138
2505	2	36			149	150
2506	13	30			150	150
2507	39	34			150	150
2508	6	6			150	150
2509	41	80			150	150
2510	41	29			150	150
2511	41	18			150	117
2512	31	28			150	150
2513	58	80			146	149
2514	19	94			150	150
2515	3	1			150	150
2516	0	11			150	150
2517	89	147			150	150
2518	131	173			150	150
2519	0	0			150	150
2520	31	45			107	113
2521	27	21			142	113
2522	20	1			150	150
2523	37	50			150	150
2524	10	17			150	150
2525	127	153			136	127
2526	20	52			145	150
2527	0	0			150	150
2528	15	6			150	150
2529	1	1			150	150
2530	76	128			150	150
2531	918	1920			114	150
2532	49	43			127	125
2533	76	1			150	150
2534	1	0			150	125
2535	0	0			150	150
2536	33	0			150	150
2537	33	0			150	150
2538	275	402			150	150
2539	105	89			147	150
2540	0	0			150	98
2541	0	0			150	98
2542	0	0			150	150
2543	0	0			150	150
2544	9	2			150	150
2545	9	0			150	150
2546	2	0			150	150
2547	23	28			150	150
2548	3	28			150	150
2549	14	28			150	150
2550	0	0			150	114
2551	4	18			150	150
2552	0	0			123	150
2553	59	82			150	150
2554	124	83			150	150
2555	457	235			145	122
2556	0	0			96	99
2557	5	0			150	150
2558	2	0			150	125
2559	20	34			150	150
2560	13	23			150	150
2561	10	9			147	147
2562	2	7			147	147
2563	0	1			150	150
2564	7	16			150	150
2565	76	11			150	118
2566	1	0			150	150
2567	3	0			150	150
2568	0	0			94	94
2569	0	0			87	87
2570	0	0			87	87
2571	0	0			87	87
2572	0	0			150	150
2573	10	12			150	150
2574	14	16			150	150
2575	66	71			150	150
2576	61	1			150	150
2577	40	101			138	150
2578	6	1			150	150
2579	5	1			150	150
2580	1	0			150	150
2581	1	0			141	150
2582	2	7			141	150
2583	99	2			146	150
2584	9	21			150	150
2585	8	21			150	144
2586	149	2			150	150
2587	11	11			150	150
2588	5	6			150	150
2589	5	37			150	146
2590	5	17			150	137
2591	6	37			150	146
2592	6	17			150	137
2593	11	34			150	147
2594	0	0			123	150
2595	11	4			138	150
2596	8	11			150	150
2597	0	1			150	150
2598	0	2			150	150
2599	1	2			150	150
2600	3	3			150	150
2601	277	10			145	147
2602	36	36			150	147
2603	36	39			150	150
2604	1	52			146	147
2605	0	0			150	150
2606	75	13			150	150
2607	6	0			150	150
2608	2	0			150	150
2609	4	0			150	150
2610	24	25			150	150
2611	23	38			150	150
2612	44	35			150	150
2613	44	3			150	150
2614	218	309			150	150
2615	4	309			144	150
2616	218	309			150	150
2617	137	197			131	150
2618	1	148			125	122
2619	18	54			150	150
2620	3	12			150	150
2621	0	0			109	143
2622	0	0			150	150
2623	3	0			150	150
2624	4	0			150	150
2625	4	2			126	148
2626	6	4			126	148
2627	6	6			126	148
2628	4	6			148	148
2629	3	1			148	148
2630	270	79			145	150
2631	485	79			150	150
2632	51	24			150	104
2633	22	10			150	150
2634	228	369			150	150
2635	213	320			150	150
2636	8	0			150	150
2637	187	0			150	150
2638	13	27			150	150
2639	55	298			120	117
2640	93	84			146	131
2641	0	0			150	150
2642	0	0			150	150
2643	5	7			150	150
2644	2	72			150	150
2645	83	83			150	123
2646	83	83			150	118
2647	7	28			138	150
2648	13	19			150	127
2649	0	76			150	150
2650	85	122			150	150
2651	9	9			150	150
2652	4	15			150	150
2653	0	0			140	150
2654	0	0			123	140
2655	0	0			150	150
2656	32	42			150	150
2657	0	0			123	150
2658	15	6			150	150
2659	126	152			150	150
2660	423	432			150	138
2661	426	430			150	150
2662	284	365			145	136
2663	0	5			147	150
2664	626	2022			134	150
2665	4	4			150	150
2666	3	4			150	150
2667	6	6			150	150
2668	4	6			130	150
2669	159	6			150	150
2670	159	6			150	150
2671	159	4			150	130
2672	153	0			150	103
2673	81	104			143	150
2674	0	34			150	150
2675	66	63			150	150
2676	7	20			150	150
2677	0	16			142	116
2678	0	2			150	150
2679	10	38			110	150
2680	18	16			150	122
2681	0	0			150	148
2682	2	13			150	150
2683	47	0			150	150
2684	0	0			150	150
2685	1	2			150	150
2686	15	4			126	150
2687	38	56			150	150
2688	0	0			150	150
2689	16	26			150	150
2690	9	19			150	139
2691	20	41			134	150
2692	15	46			150	150
2693	16	19			150	150
2694	0	0			96	102
2695	0	0			96	96
2696	270	108			150	150
2697	205	1			87	87
2698	24	12			150	150
2699	0	0			150	150
2700	0	0			150	150
2701	0	0			132	150
2702	1	3			150	150
2703	4	31			150	150
2704	0	2			150	121
2705	0	0			109	150
2706	0	7			150	150
2707	0	7			150	150
2708	1	7			150	150
2709	2	7			150	150
2710	0	0			150	150
2711	1	0			150	150
2712	2	0			150	150
2713	1	0			150	150
2714	2	0			150	150
2715	2	1			150	150
2716	16	1450			111	150
2717	0	0			123	150
2718	103	192			136	150
2719	1	188			136	150
2720	97	188			150	150
2721	97	1			150	136
2722	102	113			150	136
2723	30	48			150	150
2724	0	0			90	150
2725	19	24			150	150
2726	3	9			145	136
2727	0	0			129	129
2728	4	44			150	150
2729	0	0			78	78
2730	0	0			78	78
2731	0	0			78	78
2732	0	3			150	150
2733	0	13			150	150
2734	16	0			150	150
2735	58	60			150	150
2736	0	0			96	150
2737	0	0			150	147
2738	37	11			150	150
2739	4	78			150	150
2740	0	16			150	147
2741	1	16			141	135
2742	39	69			128	146
2743	3	0			150	150
2744	8	0			150	108
2745	0	0			150	150
2746	3	8			150	150
2747	1	49			150	150
2748	21	49			150	150
2749	4	3			150	150
2750	125	240			111	150
2751	218	61			150	105
2752	104	61			117	105
2753	255	418			120	150
2754	237	390			114	120
2755	158	682			129	120
2756	2	8			150	148
2757	62	119			150	150
2758	301	238			150	150
2759	13	21			101	130
2760	16	37			150	150
2761	2	37			150	150
2762	24	53			150	150
2763	60	2			150	150
2764	0	135			119	150
2765	1	1			150	150
2766	0	0			123	150
2767	0	1			150	150
2768	214	189			150	150
2769	8	0			150	132
2770	97	171			119	150
2771	0	0			138	150
2772	1	3			150	150
2773	5	202			101	150
2774	0	0			150	150
2775	0	0			150	150
2776	0	0			150	150
2777	0	0			148	150
2778	0	0			150	150
2779	0	0			138	140
2780	0	0			150	150
2781	0	0			128	150
2782	0	0			150	150
2783	61	10			150	98
2784	97	38			150	98
2785	9	20			150	150
2786	53	92			150	150
2787	53	23			150	150
2788	49	85			150	150
2789	6	5			147	141
2790	4	14			150	150
2791	29	3			150	129
2792	0	0			96	96
2793	11	6			150	150
2794	18	49			128	112
2795	2	89			150	128
2796	915	961			150	150
2797	346	224			150	121
2798	315	655			121	150
2799	378	686			150	150
2800	646	987			150	150
2801	31	25			146	150
2802	31	32			146	149
2803	10	1			123	146
2804	9	46			123	146
2805	17	23			141	123
2806	5	4			129	149
2807	4	9			150	139
2808	0	6			150	150
2809	52	34			150	150
2810	34	94			150	150
2811	0	0			147	141
2812	45	45			150	136
2813	5	0			150	150
2814	59	3			150	150
2815	0	0			150	130
2816	101	945			93	150
2817	49	38			150	150
2818	19	8			150	150
2819	12	23			150	150
2820	6	8			130	150
2821	0	1			150	150
2822	1	0			150	150
2823	2	8			150	150
2824	3	0			110	150
2825	0	0			150	150
2826	0	0			150	114
2827	0	0			102	132
2828	41	51			150	150
2829	0	11			150	150
2830	0	2			150	150
2831	28	45			150	150
2832	2	17			150	150
2833	0	17			150	150
2834	1	31			150	150
2835	70	0			150	116
2836	46	0			132	116
2837	7	148			150	150
2838	6	18			120	144
2839	53	232			150	144
2840	1	40			81	150
2841	29	21			150	150
2842	6	12			135	135
2843	10	24			150	135
2844	12	15			132	150
2845	6	3			150	147
2846	0	0			145	150
2847	0	0			150	150
2848	13	29			150	150
2849	12	15			116	150
2850	37	106			150	150
2851	43	0			87	150
2852	0	0			150	103
2853	0	0			150	150
2854	0	0			150	150
2855	31	40			150	150
2856	1	1			150	150
2857	43	68			150	150
2858	0	1			150	128
2859	2	1			150	150
2860	0	0			150	148
2861	3	12			150	150
2862	2	9			150	150
2863	2	3			150	112
2864	0	2			150	150
2865	19	0			145	150
2866	0	0			105	147
