ID	IJC_SAMPLE_1	SJC_SAMPLE_1	IJC_SAMPLE_2	SJC_SAMPLE_2	IncFormLen	SkipFormLen
0	0	0			247	137
1	0	0			367	137
2	0	0			367	247
3	0	0			168	98
4	0	0			168	98
5	0	0			138	255
6	0	0			138	255
7	0	0			153	255
8	0	0			153	138
9	0	0			153	138
10	0	0			247	137
11	0	0			367	137
12	0	0			367	247
13	0	0			138	255
14	0	0			138	255
15	0	0			153	255
16	0	0			153	138
17	0	0			153	138
18	0	0			123	165
19	0	0			247	137
20	0	0			367	137
21	0	0			367	247
22	0	0			138	255
23	0	0			138	255
24	0	0			153	255
25	0	0			153	138
26	0	0			153	138
27	0	0			174	214
28	0	0			224	108
29	0	0			192	111
30	0	0			123	165
31	0	0			247	137
32	0	0			367	137
33	0	0			367	247
34	0	0			138	255
35	0	0			138	255
36	0	0			153	255
37	0	0			153	138
38	0	0			153	138
39	0	0			123	165
40	0	0			247	137
41	0	0			367	137
42	0	0			367	247
43	0	0			168	98
44	0	0			168	98
45	0	0			192	111
46	0	0			179	259
47	0	0			259	333
48	0	0			193	192
49	0	0			147	141
50	0	0			218	103
51	0	0			360	151
52	0	0			193	192
53	0	0			111	153
54	0	0			218	103
55	0	0			360	151
56	0	0			147	141
57	0	0			218	103
58	0	0			360	151
59	0	0			193	192
60	0	0			147	141
61	0	0			111	153
62	0	0			193	192
63	0	0			147	141
64	0	0			372	372
65	0	0			218	103
66	0	0			360	151
67	0	0			84	102
68	0	0			148	226
69	0	0			165	238
70	0	0			231	174
71	0	0			141	312
72	0	0			138	297
73	0	0			1374	252
74	0	0			99	126
75	0	0			99	102
76	0	0			102	126
77	0	0			102	129
78	0	0			170	186
79	0	0			206	217
80	0	0			230	203
81	0	0			403	121
82	0	0			182	177
83	0	0			284	177
84	0	0			172	246
85	0	0			172	153
86	0	0			232	211
87	0	0			232	170
88	0	0			190	183
89	0	0			166	291
90	0	0			160	108
91	0	0			126	179
92	0	0			218	103
93	0	0			360	151
94	0	0			173	173
95	135	63			179	126
96	0	0			372	372
97	12	4			210	165
98	0	0			123	165
99	0	2			106	170
100	0	0			420	238
101	176	211			136	153
102	281	3			178	136
103	281	146			178	136
104	94	580			138	297
105	9	27			170	186
106	19	17			169	147
107	0	0			193	192
108	0	0			192	111
109	2	1			164	137
110	0	0			231	231
111	5	6			194	457
112	0	624			115	205
113	0	0			111	105
114	0	0			217	183
115	0	0			193	114
116	0	3			213	123
117	0	7			184	222
118	21	28			206	217
119	0	85			148	370
120	28	0			175	121
121	25	13			175	117
122	25	0			175	121
123	0	13			121	117
124	246	1			1266	192
125	0	0			93	90
126	9	15			210	231
127	2	11			144	111
128	0	0			93	93
129	239	103			211	161
130	0	1			206	126
131	0	3			206	235
132	1	3			126	235
133	13	13			159	177
134	11	10			169	159
135	290	19			153	210
136	1	0			175	160
137	1435	689			189	132
138	28	48			123	140
139	81	55			211	172
140	3	7			420	238
141	54	47			155	173
142	523	402			302	184
143	326	381			293	254
144	45	341			104	293
145	106	35			252	146
146	1	167			188	185
147	43	371			262	738
148	18	23			156	124
149	10	15			163	207
150	0	1			136	168
151	0	1			182	221
152	167	119			255	210
153	2	4			167	212
154	24	45			142	227
155	365	10			2424	234
156	45	52			167	195
157	10	23			263	215
158	17	0			215	169
159	111	140			183	228
160	20	0			115	118
161	316	510			370	303
162	68	28			154	146
163	16	2			223	434
164	15	0			223	113
165	16	0			223	113
166	23	2			282	254
167	121	102			341	224
168	11	70			146	229
169	67	71			102	111
170	4	9			146	153
171	1	1			153	119
172	1	9			153	130
173	4	1			153	119
174	1	9			119	130
175	0	15			154	255
176	14	16			255	130
177	6	156			121	204
178	1	158			121	204
179	37	158			175	204
180	42	158			180	204
181	37	1			175	121
182	42	1			180	121
183	36	102			147	144
184	101	122			293	227
185	0	5			175	215
186	0	0			185	133
187	6	5			129	148
188	40	98			148	194
189	1	5			1030	221
190	2	5			197	221
191	67	35			254	254
192	42	138			199	233
193	190	73			243	143
194	135	11			219	156
195	0	0			141	175
196	6	20			219	184
197	943	290			243	132
198	39	43			191	294
199	84	21			289	192
200	106	21			211	192
201	14	21			300	144
202	2	5			117	243
203	10	15			159	177
204	5	1			222	207
205	3	0			645	198
206	0	0			123	182
207	29	21			157	147
208	16	50			193	225
209	982	1412			255	318
210	5	252			155	164
211	1	31			232	266
212	41	111			162	159
213	0	0			357	155
214	407	383			141	129
215	180	117			148	230
216	55	205			218	204
217	2	29			151	192
218	93	177			148	123
219	173	1239			123	242
220	20	150			131	206
221	5	0			141	139
222	1	0			163	118
223	0	0			183	168
224	0	0			150	222
225	4	3			319	319
226	12	2			192	122
227	168	253			186	197
228	3	1			193	193
229	8	6			106	226
230	0	3			97	97
231	11	0			111	153
232	202	341			239	241
233	0	0			218	103
234	0	0			360	151
235	15	5			247	177
236	37	149			167	348
237	64	50			257	228
238	15	86			147	285
239	81	412			113	179
240	1061	524			729	227
241	1	1			249	373
242	0	1			136	229
243	1	1			147	229
244	74	53			133	243
245	78	45			207	143
246	61	135			119	136
247	70	89			319	288
248	77	19			451	197
249	108	190			224	205
250	0	0			148	198
251	557	764			163	162
252	3	26			151	212
253	1033	30			161	161
254	1606	21			156	141
255	590	2			150	142
256	48	56			268	366
257	53	56			314	366
258	2	2			191	120
259	8	7			240	240
260	41	24			164	136
261	36	0			213	120
262	17	73			197	159
263	0	0			200	195
264	0	0			200	250
265	5	4			124	121
266	9	6			153	157
267	1312	1293			192	207
268	694	986			168	117
269	0	0			122	119
270	112	135			141	176
271	30	633			157	231
272	13	91			140	241
273	109	256			237	269
274	6	20			190	243
275	156	163			202	195
276	0	0			171	118
277	39	2			328	174
278	81	0			85	85
279	0	8			173	206
280	0	0			143	143
281	0	0			103	143
282	43	119			183	273
283	33	22			299	249
284	107	575			163	393
285	27	573			163	393
286	2	573			131	393
287	2	27			131	163
288	2	119			131	163
289	0	0			172	172
290	52	1			138	193
291	172	194			163	156
292	180	190			194	156
293	110	157			133	181
294	501	0			192	265
295	268	273			154	162
296	10	14			164	202
297	9	22			137	236
298	65	69			183	243
299	6	4			230	202
300	2	0			157	265
301	0	0			269	265
302	0	2			269	157
303	10	10			162	230
304	13	3			206	187
305	10	3			202	187
306	365	328			204	173
307	1	0			133	102
308	143	99			234	122
309	289	99			196	122
310	131	162			311	299
311	131	193			311	302
312	27	41			237	218
313	3	0			248	173
314	56	114			238	242
315	214	277			238	276
316	131	125			195	222
317	79	284			192	306
318	0	0			163	132
319	38	22			158	158
320	2279	514			531	114
321	91	109			144	243
322	0	0			166	291
323	0	0			190	183
324	0	1			232	170
325	0	1			232	211
326	79	17			397	200
327	3	0			202	226
328	0	0			166	226
329	0	0			125	143
330	3	0			202	204
331	0	1			223	202
332	0	3			166	202
333	5	3			207	202
334	2	12			373	300
335	0	0			167	136
336	0	8			116	199
337	0	0			123	232
338	0	1			204	213
339	33	55			199	141
340	515	657			195	195
341	29	18			153	270
342	1	1			194	190
343	2	1			216	190
344	3	1			241	190
345	0	1			199	190
346	2	2			241	211
347	2	1			216	194
348	3	1			241	194
349	0	1			199	194
350	3	2			241	216
351	0	2			199	216
352	0	3			199	241
353	0	3			199	241
354	29	53			145	172
355	50	108			172	217
356	8	22			185	159
357	3	6			150	198
358	2	0			150	174
359	0	1			158	189
360	0	0			202	121
361	33	88			117	175
362	32	118			117	205
363	16	25			160	108
364	21	30			108	180
365	52	166			122	165
366	21	86			117	149
367	0	6			131	125
368	60	0			185	173
369	40	0			160	173
370	12	15			149	180
371	4	164			124	180
372	4	5			148	154
373	0	0			174	214
374	10	13			214	179
375	8	2			168	144
376	99	109			199	179
377	53	98			174	199
378	4	8			165	155
379	1974	1318			241	172
380	2	1			168	193
381	407	509			174	198
382	39	105			138	158
383	37	39			158	165
384	3	3			120	120
385	0	2			133	150
386	15	0			183	114
387	1	251			172	372
388	114	87			224	165
389	230	129			234	138
390	115	8			268	134
391	10	2			127	126
392	9	18			184	252
393	14	20			129	204
394	2	4			268	123
395	1	0			150	215
396	112	117			209	143
397	96	117			185	143
398	5	2			201	170
399	0	1			129	153
400	116	84			188	144
401	85	84			195	196
402	73	79			204	196
403	0	222			100	100
404	56	143			119	180
405	44	2			127	119
406	6	0			230	95
407	0	0			174	96
408	44	79			181	184
409	0	0			135	177
410	4	10			167	155
411	186	79			224	134
412	2	1			198	187
413	130	129			167	141
414	11	126			154	144
415	167	51			288	167
416	16	126			154	167
417	121	126			261	167
418	240	126			456	167
419	172	126			288	167
420	11	51			154	167
421	254	51			510	167
422	2	0			458	155
423	1	0			166	295
424	39	45			155	224
425	40	18			224	187
426	13	0			176	142
427	26	10			250	176
428	166	119			297	236
429	8	0			199	138
430	8	1			199	147
431	0	1			138	147
432	16	64			123	227
433	0	0			167	167
434	46	24			243	177
435	30	24			219	177
436	49	42			250	229
437	45	77			151	196
438	277	290			126	115
439	241	321			129	126
440	333	335			140	129
441	5	296			117	271
442	300	328			171	171
443	0	0			450	651
444	5	1			176	133
445	0	0			108	135
446	15	108			172	209
447	3	1			337	200
448	3	0			337	196
449	73	100			302	148
450	6	5			202	159
451	228	90			221	160
452	24	54			171	198
453	159	3			140	178
454	363	637			114	246
455	418	260			135	102
456	268	125			181	181
457	15	11			189	249
458	7	4			179	249
459	2	4			182	249
460	15	16			189	189
461	7	9			179	189
462	2	9			182	189
463	109	45			284	192
464	0	0			430	150
465	3	0			163	366
466	0	0			197	104
467	24	0			182	151
468	2	1			197	273
469	98	29			211	157
470	98	23			211	157
471	44	46			198	191
472	7	50			95	156
473	101	124			141	162
474	8	2			177	177
475	11	124			158	628
476	35	35			220	221
477	36	35			201	221
478	0	4			84	84
479	78	40			211	168
480	8	4			328	200
481	23	13			231	220
482	15	214			102	201
483	376	987			176	243
484	384	423			175	176
485	4	46			128	243
486	28	13			187	128
487	59	102			200	199
488	149	168			234	171
489	1	134			156	135
490	10	33			150	129
491	2	37			147	147
492	2	1			171	188
493	82	37			184	104
494	28	75			214	278
495	16	75			212	278
496	16	28			212	214
497	47	1			286	133
498	1	0			244	174
499	1	0			189	228
500	7	97			146	310
501	4	96			146	310
502	64	29			284	146
503	91	126			195	280
504	211	37			215	159
505	824	832			159	152
506	3	0			226	197
507	20	23			197	207
508	46	64			133	166
509	6	97			166	166
510	3	0			168	168
511	100	0			363	168
512	100	3			363	168
513	119	73			165	129
514	467	4			127	229
515	115	7			207	161
516	36	3			197	200
517	86	119			147	155
518	117	118			172	155
519	2	2			260	258
520	23	2			207	161
521	9	45			162	255
522	871	38			147	245
523	0	0			321	84
524	0	0			516	84
525	0	0			205	462
526	22	32			173	340
527	33	27			202	313
528	0	11			191	195
529	0	1			145	220
530	0	11			145	671
531	389	289			242	170
532	24	88			301	238
533	14	65			126	177
534	0	66			200	227
535	34	38			160	218
536	31	76			160	255
537	140	123			205	172
538	557	508			154	147
539	2	0			185	189
540	145	130			135	143
541	145	216			135	250
542	0	0			179	119
543	23	2			112	98
544	0	0			79	82
545	9	4			214	214
546	14	36			220	368
547	16	6			704	197
548	3	6			253	197
549	1	62			108	144
550	1	27			108	102
551	0	7			78	255
552	20	467			186	205
553	20	291			186	233
554	8	34			111	161
555	23	23			162	198
556	107	36			926	263
557	7	10			154	213
558	9	0			113	137
559	541	473			225	195
560	279	470			185	195
561	279	271			185	225
562	72	338			118	238
563	345	216			238	153
564	83	180			250	239
565	530	236			267	150
566	90	53			171	142
567	1	2			216	192
568	277	213			265	182
569	346	13			265	156
570	0	0			158	125
571	175	553			148	259
572	15	16			249	246
573	7	0			246	81
574	4	0			138	236
575	0	1			159	168
576	0	0			159	162
577	1	0			168	162
578	0	0			192	196
579	0	0			354	354
580	40	47			168	190
581	21	49			198	203
582	443	317			201	201
583	311	669			151	151
584	69	1			149	137
585	30	35			161	164
586	0	0			98	98
587	0	0			81	81
588	25	1			128	132
589	0	0			168	105
590	0	0			117	105
591	0	2			196	193
592	0	0			171	171
593	65	98			129	150
594	3	5			198	292
595	3	0			163	215
596	11	70			147	144
597	28	37			147	261
598	7	11			233	192
599	22	22			133	147
600	26	38			147	207
601	166	341			178	205
602	18	10			166	241
603	0	6			236	197
604	21	50			114	149
605	0	0			147	141
606	0	0			207	161
607	0	0			157	146
608	7	0			84	84
609	28	23			190	251
610	5	13			240	226
611	50	125			204	750
612	274	398			160	148
613	235	0			148	82
614	235	797			148	213
615	4	1			196	151
616	20	0			692	190
617	8	1			196	163
618	50	24			144	108
619	88	104			178	159
620	0	0			225	141
621	66	38			263	187
622	0	2			260	455
623	139	49			192	130
624	139	117			192	185
625	139	163			192	243
626	13	8			240	181
627	13	10			240	115
628	17	5			176	198
629	42	78			192	267
630	0	1			171	231
631	16	4			126	270
632	0	0			221	170
633	11	16			208	120
634	0	5			153	135
635	1	0			96	96
636	51	22			190	116
637	0	0			160	173
638	0	2			129	137
639	4	5			219	204
640	169	0			100	100
641	15	5			279	234
642	0	0			318	421
643	0	0			318	318
644	61	12			222	114
645	12	23			156	201
646	0	0			172	125
647	0	0			193	192
648	21	12			180	147
649	2	2			200	142
650	2	1			142	194
651	0	0			142	111
652	0	1			182	179
653	8	9			133	168
654	18	0			168	114
655	0	0			252	180
656	42	46			230	203
657	0	0			168	246
658	1	0			174	200
659	8	1			226	148
660	0	3			231	198
661	248	167			249	142
662	0	0			165	153
663	43	21			177	163
664	2	61			103	183
665	6	4			186	216
666	0	366			76	211
667	1	0			138	195
668	0	16			186	194
669	21	77			143	250
670	4	0			163	138
671	162	0			243	138
672	162	4			243	163
673	0	0			110	127
674	0	0			126	180
675	136	92			245	162
676	88	53			218	138
677	43	112			138	165
678	7	1			125	195
679	7	1			530	142
680	5	28			251	242
681	24	11			245	189
682	237	89			321	195
683	6	33			196	300
684	0	0			143	284
685	0	0			141	255
686	0	0			123	99
687	0	27			211	214
688	0	0			198	131
689	35	30			259	201
690	0	0			193	192
691	32	33			155	179
692	0	187			191	732
693	1	76			166	178
694	2	143			166	178
695	210	485			224	304
696	39	49			126	170
697	45	35			210	234
698	38	37			225	210
699	12	8			182	148
700	25	15			594	412
701	6	8			290	256
702	6	8			290	255
703	115	91			211	166
704	0	1			120	208
705	135	23			307	137
706	76	23			375	137
707	4	1			147	354
708	0	0			168	202
709	0	0			135	237
710	5	5			211	151
711	0	1			169	126
712	2	28			121	144
713	31	20			243	110
714	1	50			92	183
715	0	0			262	317
716	118	4			227	215
717	320	226			275	166
718	1920	5621			222	261
719	133	207			172	224
720	36	22			176	138
721	38	33			228	138
722	0	12			114	170
723	3	58			213	234
724	4	100			151	146
725	56	0			255	168
726	61	0			291	168
727	0	56			143	185
728	20	72			269	142
729	144	55			225	324
730	103	55			180	324
731	103	62			180	324
732	0	0			81	81
733	144	50			177	146
734	15	14			195	179
735	15	0			178	183
736	15	0			197	183
737	15	15			197	178
738	2	52			134	168
739	4	0			233	102
740	0	0			111	114
741	0	2			134	118
742	20	125			157	187
743	13	234			270	314
744	1	1			197	159
745	6	0			316	197
746	4	4			239	316
747	4	0			87	84
748	3	1			255	147
749	3	1			255	150
750	0	1			183	150
751	50	4			193	94
752	18	4			173	94
753	18	50			173	193
754	1	0			142	106
755	66	142			215	181
756	106	2			83	83
757	11308	7507			289	189
758	5697	7511			188	189
759	5697	10562			188	289
760	3	1			200	196
761	1	0			84	84
762	66	113			243	252
763	190	90			228	217
764	190	105			228	208
765	190	58			228	181
766	52	2			92	92
767	0	2			99	99
768	0	0			208	211
769	36	28			143	145
770	4	2			206	144
771	4	0			206	167
772	2	0			144	167
773	29	64			150	214
774	29	38			150	214
775	67	98			214	286
776	0	6			262	299
777	0	6			262	133
778	0	0			262	236
779	6	0			299	236
780	6	0			133	236
781	103	41			258	155
782	7	2			278	195
783	7	2			274	191
784	132	262			132	216
785	391	109			216	219
786	1	1			178	109
787	171	72			266	136
788	60	118			177	132
789	167	120			177	132
790	50	120			203	132
791	0	0			186	358
792	0	0			186	186
793	36	49			274	197
794	414	2			185	197
795	110	78			183	141
796	7	13			158	238
797	192	246			227	198
798	47	4			125	136
799	153	1			286	128
800	50	16			207	195
801	49	10			185	249
802	134	37			147	185
803	3	0			279	132
804	0	0			173	132
805	0	3			173	279
806	7	60			112	225
807	1677	44			178	173
808	1876	10			107	113
809	202	430			279	977
810	11	46			198	279
811	16	59			207	290
812	182	1730			164	248
813	0	0			255	206
814	27	21			191	158
815	27	20			191	124
816	30	68			191	177
817	2	83			158	262
818	2	16			158	110
819	46	135			176	258
820	0	0			138	149
821	136	0			185	150
822	103	0			214	150
823	38	30			222	173
824	152	333			168	189
825	2	1			217	230
826	9	33			144	163
827	17	51			156	232
828	6	2			204	114
829	41	68			252	243
830	0	4			114	200
831	13	18			122	147
832	35	99			162	238
833	24	22			153	108
834	11	7			216	143
835	0	0			97	99
836	15	18			171	179
837	13	0			171	158
838	271	114			177	120
839	1	11			120	120
840	0	1			135	195
841	3	7			192	174
842	0	0			164	279
843	110	244			203	234
844	145	244			235	234
845	14	3			160	108
846	56	250			113	254
847	48	77			173	168
848	0	2			87	87
849	2	7			102	229
850	48	71			138	204
851	6	44			119	131
852	31	8			534	354
853	45	35			245	185
854	35	59			195	206
855	90	126			136	171
856	0	0			297	195
857	29	54			124	153
858	2	2			99	100
859	56	71			288	227
860	0	0			231	150
861	13	13			189	201
862	27	3			177	209
863	85	119			192	206
864	2	3			153	169
865	16	3			250	169
866	10	42			114	195
867	347	365			178	161
868	91	102			387	366
869	132	36			366	207
870	27	128			157	169
871	21	38			161	185
872	0	0			90	90
873	0	0			90	78
874	0	0			117	78
875	19	31			211	163
876	0	291			113	142
877	156	291			142	142
878	156	0			142	113
879	194	428			171	251
880	81	182			138	191
881	54	177			134	185
882	168	104			185	148
883	365	209			189	130
884	0	0			167	167
885	1	22			192	381
886	8	14			148	198
887	2	14			223	198
888	6	7			148	198
889	28	74			201	270
890	614	435			216	155
891	7	9			109	141
892	2	183			147	247
893	6	183			206	247
894	5	0			175	121
895	7	1			136	128
896	0	8			170	244
897	1	4			157	138
898	5	8			219	198
899	103	129			282	168
900	1	0			234	195
901	0	1			209	174
902	0	0			209	174
903	1	1			273	174
904	1	0			273	174
905	0	1			87	90
906	14	4			128	199
907	1239	7127			103	263
908	3694	7127			170	263
909	36	4			293	169
910	6	59			113	164
911	6	0			200	133
912	48	64			164	245
913	4	7			213	225
914	0	0			190	190
915	11	0			192	105
916	0	40			87	87
917	8	83			129	189
918	16	3			399	224
919	2	0			245	205
920	2	0			245	314
921	0	0			205	314
922	104	65			236	215
923	239	67			265	142
924	240	622			265	629
925	0	0			154	124
926	0	0			178	106
927	0	0			184	282
928	0	0			332	306
929	46	99			157	251
930	46	165			157	245
931	10	90			102	120
932	36	70			132	155
933	12	14			189	216
934	193	123			207	143
935	197	227			201	207
936	0	0			162	152
937	5	1			207	300
938	0	1			200	300
939	10	4			141	149
940	10	5			141	152
941	4	1			173	262
942	2	0			245	231
943	4	15			114	102
944	1	15			126	102
945	2	8			114	102
946	29	8			160	102
947	93	6			244	102
948	29	2			160	114
949	38	10			160	114
950	140	118			266	152
951	267	62			219	203
952	82	68			148	121
953	209	461			138	213
954	6	0			180	167
955	6	1			180	131
956	0	1			167	131
957	3	165			98	239
958	168	503			160	263
959	0	0			217	252
960	50	6			164	235
961	30	19			198	165
962	0	58			188	171
963	0	0			117	161
964	1	152			165	189
965	0	0			162	207
966	0	0			199	168
967	0	0			198	180
968	37	36			222	228
969	0	0			127	129
970	0	0			216	269
971	12	19			194	223
972	3	2			474	474
973	5	2			474	474
974	7	26			141	239
975	0	0			110	198
976	0	0			110	229
977	0	0			215	146
978	4	77			124	128
979	98	0			242	184
980	1649	4253			154	245
981	0	62			151	136
982	36	77			195	251
983	31	105			248	504
984	0	0			98	95
985	3	59			130	201
986	11	104			120	693
987	9	3			128	120
988	7	16			233	179
989	0	61			106	155
990	1	268			79	247
991	12	48			98	176
992	0	1			185	254
993	32	7			250	203
994	26	181			250	328
995	65	3			258	160
996	203	177			317	230
997	3	4			132	132
998	0	0			93	93
999	0	0			96	90
1000	0	0			96	90
1001	0	1			87	99
1002	1	5			116	116
1003	509	657			213	240
1004	493	579			213	217
1005	0	0			345	360
1006	26	51			146	164
1007	52	63			166	163
1008	59	0			98	101
1009	106	136			168	177
1010	432	619			193	249
1011	143	67			301	162
1012	12	55			131	162
1013	174	684			178	265
1014	363	326			274	209
1015	14	475			283	274
1016	97	9			172	129
1017	37	70			180	222
1018	0	8			173	173
1019	0	1			282	211
1020	13	27			204	204
1021	13	14			138	179
1022	9	22			266	278
1023	15	7			223	220
1024	7	2			127	112
1025	63	40			213	206
1026	94	173			130	178
1027	0	192			167	235
1028	4	1			250	220
1029	18	103			136	193
1030	0	0			181	171
1031	0	0			181	136
1032	0	0			171	136
1033	19	25			133	146
1034	9	6			146	183
1035	13	76			194	249
1036	85	81			370	249
1037	7	1013			124	208
1038	0	1013			118	208
1039	981	1081			208	215
1040	2	125			158	473
1041	63	71			273	262
1042	12	61			171	188
1043	10	56			207	122
1044	6	2			165	134
1045	4	0			360	135
1046	13	0			849	135
1047	7	2			141	177
1048	0	1			138	204
1049	46	0			87	87
1050	0	0			165	155
1051	24	4			220	220
1052	11	20			164	202
1053	172	94			318	207
1054	63	36			189	122
1055	29	10			443	98
1056	33	35			443	279
1057	5	4			146	135
1058	0	0			249	162
1059	1	4			151	168
1060	7	34			130	270
1061	7	7			130	121
1062	24	33			270	179
1063	5	11			204	264
1064	49	36			237	177
1065	20	34			234	228
1066	39	83			107	134
1067	103	70			268	204
1068	0	82			173	236
1069	4	0			81	81
1070	1	3			169	195
1071	20	10			225	243
1072	63	112			232	240
1073	41	147			149	235
1074	0	0			281	172
1075	0	0			281	187
1076	0	0			281	237
1077	0	0			213	281
1078	0	3			84	84
1079	0	2			123	219
1080	7	0			203	162
1081	0	0			173	172
1082	0	0			205	131
1083	5	32			143	119
1084	16	32			212	119
1085	6	0			220	190
1086	0	0			138	169
1087	96	48			169	137
1088	2163	870			237	140
1089	1121	3630			140	238
1090	0	0			211	163
1091	71	37			150	110
1092	25	98			110	176
1093	124	47			176	111
1094	290	93			220	180
1095	0	0			251	190
1096	23	47			141	166
1097	0	6			254	174
1098	3	6			204	156
1099	58	122			137	194
1100	1	52			145	168
1101	2	2			194	162
1102	255	318			167	227
1103	0	5			174	279
1104	0	0			174	127
1105	5	0			279	127
1106	0	0			96	90
1107	3	24			157	210
1108	8	26			157	210
1109	7	8			254	157
1110	6	16			254	157
1111	8	13			194	157
1112	12	6			194	254
1113	8	0			209	95
1114	8	0			209	137
1115	0	0			95	137
1116	1	7			147	141
1117	3	7			152	141
1118	3	1			152	147
1119	243	435			191	225
1120	0	0			108	245
1121	4	1			150	112
1122	2	4			148	167
1123	1	8			188	244
1124	1	13			188	319
1125	0	8			188	244
1126	1	8			162	244
1127	1	13			162	319
1128	6	19			174	147
1129	53	92			153	194
1130	0	0			81	81
1131	0	0			172	172
1132	0	52			81	144
1133	0	52			81	144
1134	0	0			81	81
1135	45	10			177	180
1136	209	172			211	157
1137	0	0			241	183
1138	89	19			150	135
1139	6	0			175	154
1140	3	12			148	172
1141	0	0			166	137
1142	0	4			153	343
1143	5	2			132	176
1144	29	48			148	165
1145	29	24			148	161
1146	79	12			138	97
1147	42	41			145	167
1148	0	0			195	161
1149	1	1			161	211
1150	72	150			183	216
1151	7	2			218	177
1152	778	607			168	165
1153	79	0			262	213
1154	0	16			351	348
1155	0	0			211	172
1156	36	16			190	174
1157	4	60			174	270
1158	156	312			160	249
1159	28	203			153	160
1160	146	145			364	153
1161	7	26			177	771
1162	1	0			173	199
1163	190	118			167	131
1164	0	1			160	206
1165	0	0			197	197
1166	22	40			171	309
1167	158	55			249	162
1168	179	55			252	162
1169	36	0			90	93
1170	11	1			147	202
1171	48	75			181	226
1172	1	4			138	199
1173	316	340			168	190
1174	7	0			218	103
1175	15	0			360	151
1176	76	196			135	177
1177	0	0			120	160
1178	0	0			168	160
1179	0	0			168	120
1180	0	0			160	120
1181	0	0			202	189
1182	2	360			165	1290
1183	2	0			111	114
1184	101	171			245	264
1185	54	508			311	147
1186	557	3			154	167
1187	0	0			292	215
1188	0	0			159	215
1189	5	0			163	220
1190	2	14			121	135
1191	0	49			119	112
1192	270	547			125	158
1193	255	337			125	125
1194	365	329			172	125
1195	165	246			227	227
1196	1	263			102	263
1197	0	0			90	87
1198	93	12			372	372
1199	1321	3764			133	225
1200	1	0			96	96
1201	0	0			280	196
1202	315	274			357	276
1203	5	12			114	144
1204	0	0			147	141
1205	5	15			230	214
1206	2779	181			151	151
1207	1	0			214	169
1208	54	2			438	208
1209	41	152			136	245
1210	34	59			126	123
1211	34	60			126	186
1212	21	47			129	135
1213	17	47			111	135
1214	22	3			111	262
1215	35	3			129	231
1216	70	2			126	111
1217	40	4			126	111
1218	73	35			218	152
1219	0	0			193	199
1220	0	1			110	93
1221	0	0			267	270
1222	0	0			270	190
1223	0	0			270	187
1224	2	3			211	182
1225	61	48			197	183
1226	11	14			296	173
1227	7	14			183	173
1228	50	22			251	190
1229	2	8			205	114
1230	17	8			206	126
1231	2	1			132	226
1232	46	30			171	147
1233	0	0			201	184
1234	124	313			172	246
1235	238	0			172	153
1236	1	36			248	308
1237	390	474			169	152
1238	112	0			241	169
1239	71	78			168	206
1240	13	67			286	135
1241	0	0			140	234
1242	6	6			142	161
1243	32	4			90	105
1244	66	89			160	176
1245	223	73			269	269
1246	3	0			256	242
1247	14	27			151	136
1248	18	26			120	140
1249	46	79			197	181
1250	1	5			158	268
1251	2	5			153	268
1252	2	5			258	268
1253	3	5			181	268
1254	2	1			153	158
1255	2	1			258	158
1256	3	1			181	158
1257	2	2			258	153
1258	3	2			181	153
1259	0	26			121	162
1260	0	0			121	133
1261	0	0			177	133
1262	0	0			177	121
1263	31	53			119	147
1264	0	53			137	147
1265	12	29			207	327
1266	31	21			327	199
1267	5	0			141	163
1268	13	91			195	270
1269	580	644			226	221
1270	583	706			221	227
1271	0	0			217	208
1272	16	141			160	254
1273	0	0			153	298
1274	0	1			170	205
1275	8	10			205	193
1276	12	4			193	154
1277	3	53			102	177
1278	4	5			246	220
1279	69	119			205	144
1280	47	98			149	159
1281	0	1			164	100
1282	41	21			226	185
1283	0	0			209	114
1284	23	71			169	183
1285	65	70			302	263
1286	59	53			219	302
1287	59	86			219	302
1288	1	0			222	98
1289	455	744			149	195
1290	4	2			287	121
1291	5	8			213	219
1292	0	2			159	342
1293	0	2			159	264
1294	0	0			186	196
1295	0	13			155	213
1296	24	37			251	269
1297	0	0			151	175
1298	0	0			84	96
1299	0	0			144	93
1300	0	0			102	117
1301	0	0			133	117
1302	0	1			168	109
1303	0	1			231	109
1304	151	2			708	168
1305	14	17			144	132
1306	0	0			135	168
1307	137	176			159	171
1308	45	78			154	172
1309	2	0			221	106
1310	20	30			179	185
1311	27	26			226	159
1312	9	25			124	222
1313	0	0			195	171
1314	0	0			176	171
1315	2	14			111	194
1316	78	110			239	326
1317	78	37			239	176
1318	110	37			326	176
1319	0	0			423	189
1320	0	0			123	192
1321	36	27			198	170
1322	56	98			177	183
1323	83	47			246	210
1324	54	85			198	246
1325	0	0			176	130
1326	0	0			176	149
1327	48	286			197	427
1328	48	16			197	275
1329	48	14			197	121
1330	281	14			427	121
1331	286	16			427	275
1332	286	14			427	121
1333	298	14			427	121
1334	9	203			226	220
1335	0	0			353	330
1336	23	9			147	137
1337	0	1			114	170
1338	0	0			133	199
1339	26	0			198	87
1340	43	68			160	204
1341	128	153			181	164
1342	260	19			674	262
1343	55	58			182	184
1344	50	84			184	215
1345	1	45			249	461
1346	1	38			249	461
1347	0	0			84	93
1348	360	16			3082	161
1349	0	364			173	3082
1350	366	378			154	152
1351	0	0			110	223
1352	1	1			459	193
1353	6	2			137	173
1354	52	53			240	198
1355	11	2			209	158
1356	46	4			163	158
1357	42	19			186	166
1358	37	0			202	156
1359	67	74			215	181
1360	1	0			153	163
1361	0	0			78	78
1362	0	2			154	207
1363	222	718			166	219
1364	40	66			179	215
1365	146	86			137	144
1366	106	62			187	139
1367	165	127			404	216
1368	14	127			139	216
1369	36	131			139	216
1370	68	3			238	192
1371	0	0			294	99
1372	0	38			155	81
1373	1	13			135	212
1374	0	2			128	278
1375	120	75			271	217
1376	3	2			160	139
1377	123	82			208	161
1378	105	94			222	194
1379	182	190			179	193
1380	2	0			172	183
1381	11	27			153	180
1382	0	0			134	302
1383	0	5			114	180
1384	28	0			152	92
1385	6	1			266	127
1386	5	1			185	156
1387	1	39			226	280
1388	1	7			148	226
1389	73	160			120	160
1390	1	0			163	220
1391	3	0			198	159
1392	3	0			198	292
1393	0	0			166	291
1394	0	0			190	183
1395	0	0			232	170
1396	0	0			232	211
1397	0	0			218	103
1398	0	0			360	151
1399	2	4			173	224
1400	0	149			144	252
1401	4	0			210	133
1402	6	1			159	210
1403	0	0			166	287
1404	0	4			149	149
1405	77	0			289	121
1406	15	16			186	245
1407	2	26			105	133
1408	49	10			186	99
1409	70	77			158	239
1410	127	48			229	132
1411	167	17			188	123
1412	8	0			173	193
1413	12	0			197	193
1414	1	0			214	193
1415	1	8			214	173
1416	1	12			214	197
1417	47	102			140	176
1418	395	297			213	166
1419	390	362			235	213
1420	3	0			121	147
1421	394	125			842	284
1422	0	0			165	173
1423	170	159			177	175
1424	68	60			255	221
1425	6	3			195	140
1426	0	4			194	227
1427	240	267			198	252
1428	29	16			161	169
1429	57	27			153	128
1430	55	137			135	159
1431	45	176			153	263
1432	0	0			144	131
1433	171	226			175	166
1434	1	2			126	179
1435	284	117			190	131
1436	78	243			120	226
1437	72	120			120	131
1438	78	8			153	153
1439	220	317			214	217
1440	1	0			243	182
1441	1	0			182	121
1442	53	29			159	197
1443	53	71			159	193
1444	222	102			132	101
1445	0	0			166	198
1446	47	48			253	230
1447	853	51			151	151
1448	0	0			180	201
1449	2	0			99	99
1450	8	19			134	154
1451	14	19			160	154
1452	3	1			226	169
1453	22	88			129	237
1454	23	1			125	115
1455	8	14			160	138
1456	6	13			180	330
1457	0	3			258	438
1458	0	3			258	438
1459	0	0			141	259
1460	0	0			152	130
1461	0	0			150	130
1462	0	0			152	156
1463	0	0			150	156
1464	0	0			150	152
1465	0	0			150	152
1466	94	14			246	182
1467	0	0			186	136
1468	4	0			174	206
1469	116	66			141	143
1470	75	136			143	146
1471	76	106			146	133
1472	138	429			239	284
1473	115	428			239	284
1474	151	429			236	284
1475	115	428			236	284
1476	47	59			156	199
1477	3	29			146	183
1478	128	82			317	187
1479	0	0			134	581
1480	36	34			190	162
1481	0	0			96	96
1482	200	36			273	159
1483	64	115			159	186
1484	47	136			186	174
1485	69	136			186	174
1486	7	27			198	203
1487	39	77			247	334
1488	0	0			147	141
1489	566	695			231	254
1490	3	41			173	164
1491	16	18			187	140
1492	0	0			123	284
1493	0	0			123	273
1494	0	0			123	78
1495	0	0			284	78
1496	0	0			273	78
1497	113	68			262	220
1498	165	116			144	142
1499	47	11			242	121
1500	98	0			79	79
1501	36	84			304	291
1502	0	0			179	169
1503	21	33			165	255
1504	30	65			255	403
1505	18	24			243	252
1506	13	28			187	227
1507	7	0			309	205
1508	8	0			275	205
1509	49	35			256	211
1510	292	26			113	136
1511	66	34			155	132
1512	0	0			194	457
1513	0	0			115	205
1514	36	254			163	551
1515	0	0			139	128
1516	0	0			108	123
1517	138	114			222	188
1518	4766	5215			192	178
1519	11	7			140	185
1520	78	0			128	79
1521	3	19			164	184
1522	3	12			164	216
1523	19	12			184	216
1524	84	180			242	144
1525	134	0			178	76
1526	0	1			238	136
1527	0	0			173	270
1528	0	0			185	173
1529	137	149			170	182
1530	540	167			272	134
1531	4	0			201	219
1532	0	34			191	131
1533	0	34			173	131
1534	0	0			170	212
1535	0	0			456	122
1536	369	114			240	231
1537	14	118			142	242
1538	57	86			213	266
1539	300	384			285	149
1540	577	384			199	149
1541	0	2			195	153
1542	9	20			171	264
1543	67	117			114	132
1544	1	2			267	114
1545	34	128			162	162
1546	3	34			223	122
1547	0	0			215	267
1548	0	0			196	267
1549	43	274			227	603
1550	0	0			81	81
1551	23	100			130	288
1552	0	17			96	96
1553	0	18			96	93
1554	43	258			118	174
1555	60	56			133	155
1556	138	287			129	210
1557	1	0			395	168
1558	0	1			154	395
1559	2	1			142	150
1560	0	4			114	145
1561	0	5			166	193
1562	0	1			166	188
1563	0	1			166	212
1564	0	2			166	145
1565	5	1			193	188
1566	5	1			193	212
1567	5	2			193	145
1568	1	2			188	145
1569	1	2			212	145
1570	0	0			123	192
1571	81	102			247	233
1572	0	0			151	108
1573	52	47			260	193
1574	12	0			126	99
1575	26	46			210	235
1576	1	5			159	177
1577	0	5			156	177
1578	1	0			209	155
1579	0	0			245	155
1580	0	0			96	90
1581	25	24			265	222
1582	18	55			172	247
1583	15	478			172	1032
1584	295	5			210	172
1585	75	77			269	230
1586	4	1			1374	252
1587	186	204			243	201
1588	1	35			174	174
1589	11	35			223	345
1590	7	13			214	269
1591	31	111			141	212
1592	0	1			144	162
1593	2	0			322	199
1594	273	15			248	306
1595	153	11			349	178
1596	33	35			173	173
1597	448	367			297	270
1598	0	0			87	87
1599	0	3			138	147
1600	1	2			165	147
1601	0	2			159	147
1602	0	37			79	260
1603	26	35			278	234
1604	13	35			188	234
1605	209	266			176	271
1606	4	7			139	194
1607	85	130			195	183
1608	0	36			84	309
1609	0	0			165	337
1610	17	30			123	165
1611	159	295			282	645
1612	15	2			172	191
1613	61	50			165	135
1614	232	134			186	136
1615	2269	1878			173	150
1616	0	24			98	98
1617	51	75			150	189
1618	83	79			189	189
1619	9210	6155			351	192
1620	9210	2763			351	210
1621	86	131			216	210
1622	1	0			140	125
1623	108	61			258	183
1624	59	130			210	258
1625	0	0			438	107
1626	0	3			150	187
1627	53	55			212	205
1628	4	44			106	202
1629	177	539			219	339
1630	503	156			339	156
1631	71	333			138	230
1632	35	9			180	90
1633	14	33			339	351
1634	0	2			111	169
1635	0	0			194	237
1636	14	86			207	161
1637	0	39			120	171
1638	2	0			153	153
1639	46	191			142	252
1640	75	208			114	171
1641	0	321			132	290
1642	31	1			268	114
1643	1	0			152	194
1644	0	0			105	194
1645	0	1			105	152
1646	0	2			354	354
1647	167	151			239	213
1648	7	35			126	245
1649	0	150			82	163
1650	1	2			210	231
1651	35	1			309	240
1652	195	92			1063	165
1653	11	1			198	292
1654	11	1			198	159
1655	25	0			163	220
1656	126	6442			200	183
1657	3342	6442			111	183
1658	23	36			110	125
1659	86	36			158	125
1660	1	0			147	209
1661	95	130			152	202
1662	53	15			181	104
1663	59	33			169	126
1664	1	73			147	147
1665	0	0			208	237
1666	112	188			177	192
1667	0	0			241	214
1668	0	1			193	215
1669	0	0			193	295
1670	1	0			215	295
1671	0	114			215	226
1672	0	99			215	364
1673	0	0			106	106
1674	0	0			100	100
1675	198	111			229	154
1676	122	480			181	812
1677	122	91			181	314
1678	7	4			236	135
1679	34	96			134	224
1680	671	2			177	174
1681	1164	2			156	174
1682	2	0			219	157
1683	5673	9678			214	240
1684	5	23			157	200
1685	34	4			165	152
1686	292	289			269	237
1687	530	5			267	175
1688	11	82			232	156
1689	11	132			232	191
1690	11	100			232	236
1691	0	2			159	239
1692	0	4			159	305
1693	0	0			131	159
1694	131	140			172	172
1695	117	86			121	134
1696	22	43			156	213
1697	67	8			163	182
1698	88	49			218	157
1699	87	0			84	87
1700	896	111			163	119
1701	412	2			132	428
1702	9	0			138	115
1703	41	70			223	186
1704	22	70			191	186
1705	45	81			208	220
1706	70	70			194	186
1707	153	244			214	266
1708	194	187			215	214
1709	0	6			230	193
1710	0	0			258	240
1711	2	0			361	108
1712	0	39			124	192
1713	1	10			164	229
1714	6	2			215	164
1715	6	0			141	192
1716	15	0			247	137
1717	8	0			367	137
1718	8	15			367	247
1719	48	49			258	233
1720	0	0			123	192
1721	55	66			141	141
1722	47	58			153	141
1723	0	40			118	187
1724	120	46			197	135
1725	0	0			93	126
1726	1	21			168	168
1727	4	3			207	158
1728	0	0			193	251
1729	0	0			167	193
1730	6	14			218	292
1731	50	46			247	179
1732	26	2			183	129
1733	3	2			165	205
1734	59	57			226	206
1735	15	3			195	138
1736	7	0			490	143
1737	0	0			168	98
1738	0	0			168	98
1739	58	88			117	132
1740	16	0			219	128
1741	1	2			293	359
1742	77	84			182	165
1743	26	61			150	194
1744	46	43			200	139
1745	136	2247			3036	5337
1746	445	201			266	156
1747	32	16			207	161
1748	1	0			164	145
1749	49	6			235	176
1750	3	190			145	195
1751	71	107			228	237
1752	0	1			247	255
1753	0	4			129	114
1754	79	551			400	235
1755	0	0			144	197
1756	0	0			144	157
1757	4	19			159	243
1758	6	3			150	132
1759	1641	878			207	200
1760	1793	4060			222	342
1761	1235	2579			204	222
1762	18	2			142	217
1763	0	19			96	93
1764	0	0			168	98
1765	0	0			168	98
1766	384	12			120	247
1767	120	405			176	333
1768	62	1140			200	197
1769	156	1140			304	197
1770	726	238			238	245
1771	0	0			156	207
1772	13	10			222	208
1773	4	4			188	231
1774	34	23			205	157
1775	5	7			141	182
1776	3	0			99	132
1777	21	129			150	234
1778	21	72			150	135
1779	129	72			234	135
1780	105	153			203	226
1781	0	448			149	364
1782	206	379			268	364
1783	0	73			149	152
1784	206	4			268	152
1785	40	203			220	758
1786	21	25			168	217
1787	19	10			169	165
1788	39	39			159	200
1789	35	31			200	162
1790	68	92			198	241
1791	2	240			153	294
1792	0	0			77	401
1793	26	49			146	146
1794	76	63			245	200
1795	28	64			167	207
1796	58	0			167	80
1797	3784	4828			192	202
1798	635	455			177	135
1799	31	218			153	653
1800	160	196			188	187
1801	101	2			187	135
1802	83	10			155	155
1803	193	38			144	144
1804	0	0			111	153
1805	120	406			145	263
1806	11	31			236	236
1807	8	29			180	270
1808	21	26			316	270
1809	0	27			325	180
1810	0	0			167	167
1811	0	0			235	79
1812	20	2			234	159
1813	3	1			125	168
1814	5	1			125	168
1815	0	1			127	168
1816	3	1			125	168
1817	0	2			131	125
1818	31	17			161	195
1819	0	0			116	158
1820	4	3			180	180
1821	0	5			180	180
1822	0	0			217	250
1823	15	21			173	189
1824	6	15			153	225
1825	1	5			177	156
1826	0	0			175	205
1827	80	154			187	262
1828	0	0			159	152
1829	931	1108			244	237
1830	294	256			156	141
1831	86	125			231	238
1832	11	1			127	195
1833	4	67			133	178
1834	1	1			104	155
1835	568	50			340	144
1836	0	0			132	169
1837	43	0			207	192
1838	1	0			93	93
1839	0	2			93	228
1840	14	19			167	141
1841	11	8			167	220
1842	8	5			167	220
1843	8	23			167	149
1844	5	23			220	149
1845	7	123			166	166
1846	4	83			166	166
1847	0	0			171	114
1848	0	0			174	114
1849	0	1			194	173
1850	0	0			194	197
1851	0	6			194	196
1852	0	11			194	303
1853	0	1			134	173
1854	0	0			134	197
1855	0	10			134	196
1856	1	0			173	197
1857	6	11			196	303
1858	0	0			195	174
1859	0	0			247	137
1860	0	0			367	137
1861	0	0			367	247
1862	0	51			154	189
1863	56	32			189	205
1864	30	160			205	219
1865	30	155			205	216
1866	0	0			171	228
1867	28	0			196	122
1868	0	77			161	248
1869	10	20			189	220
1870	10	24			189	220
1871	593	856			160	170
1872	249	708			119	160
1873	41	202			156	318
1874	125	71			211	139
1875	607	8			417	114
1876	518	8			372	114
1877	65	57			114	153
1878	0	2			135	117
1879	0	2			108	117
1880	0	0			108	135
1881	0	0			108	135
1882	33	3			148	148
1883	21	30			142	163
1884	23	30			120	163
1885	23	19			161	142
1886	1	11			120	142
1887	4	27			117	161
1888	29	27			120	161
1889	2	27			117	161
1890	4	27			120	161
1891	0	28			179	259
1892	19	44			259	333
1893	0	0			162	153
1894	0	0			135	147
1895	1	11			115	130
1896	1	22			115	130
1897	39	32			246	199
1898	9	51			159	159
1899	0	0			237	237
1900	292	302			217	163
1901	0	0			133	122
1902	0	9			133	250
1903	0	9			122	250
1904	29	15			198	201
1905	57	36			201	219
1906	0	5			93	93
1907	7	30			121	156
1908	44	15			199	121
1909	1	37			123	243
1910	186	131			210	183
1911	6	0			156	117
1912	3859	4206			212	224
1913	3218	3947			196	212
1914	0	0			121	190
1915	0	0			190	199
1916	0	0			121	190
1917	0	0			84	84
1918	0	0			156	84
1919	0	0			156	84
1920	107	1			228	171
1921	13	8			147	147
1922	65	91			159	133
1923	15	7			249	244
1924	0	0			150	164
1925	8	26			139	231
1926	41	182			139	240
1927	0	15			251	525
1928	11	18			163	164
1929	0	0			165	179
1930	261	370			154	146
1931	235	415			146	161
1932	15	103			195	420
1933	356	256			251	247
1934	133	4			112	207
1935	133	214			112	125
1936	133	3			112	100
1937	0	12			151	172
1938	1	6			165	129
1939	74	38			161	162
1940	60	20			161	162
1941	89	166			148	170
1942	274	209			224	167
1943	196	252			227	224
1944	0	1			109	204
1945	5	35			196	392
1946	0	1			126	150
1947	0	0			105	150
1948	56	83			142	158
1949	22	38			167	206
1950	284	471			159	176
1951	0	0			152	187
1952	0	2			152	267
1953	0	2			187	267
1954	3	13			123	167
1955	0	5			93	93
1956	0	0			158	228
1957	33	31			142	136
1958	189	168			200	171
1959	5	77			144	253
1960	1	2			211	198
1961	0	0			115	118
1962	26	5			197	123
1963	109	57			207	213
1964	433	62			1874	251
1965	85	34			160	166
1966	20	13			143	166
1967	0	0			190	169
1968	7	0			99	126
1969	0	0			99	102
1970	0	0			102	126
1971	0	0			102	129
1972	174	52			204	102
1973	8	0			180	201
1974	312	339			165	246
1975	0	0			168	98
1976	0	0			168	98
1977	70	14			163	106
1978	12	11			139	171
1979	2	3			186	199
1980	7	0			198	247
1981	0	9			153	169
1982	0	0			157	156
1983	167	52			135	141
1984	55	54			261	261
1985	1	0			147	127
1986	81	6			175	109
1987	33	20			142	175
1988	0	0			102	99
1989	31	50			160	162
1990	0	2			97	200
1991	6	27			213	161
1992	153	168			202	193
1993	157	174			186	193
1994	0	0			93	90
1995	0	99			102	245
1996	0	65			102	197
1997	79	105			162	201
1998	1	1			206	99
1999	1	7			148	78
2000	2	0			123	99
2001	18	27			240	259
2002	38	12			209	142
2003	49	87			207	279
2004	7	20			177	165
2005	8	6			237	195
2006	2	0			144	81
2007	0	0			120	150
2008	224	10			171	156
2009	15	38			101	171
2010	13	434			184	915
2011	0	0			108	96
2012	8	0			189	96
2013	8	0			189	108
2014	0	0			192	111
2015	1	51			158	182
2016	1	114			158	208
2017	106	149			205	231
2018	4	3			136	197
2019	26	22			167	175
2020	11	26			150	209
2021	1	2			162	168
2022	0	34			125	231
2023	38	31			172	236
2024	4	3			327	185
2025	4	0			338	200
2026	77	0			151	97
2027	21	38			210	132
2028	2	0			210	156
2029	37	8			189	117
2030	40	35			157	149
2031	5	10			336	192
2032	3	10			192	192
2033	2	10			243	192
2034	2	3			243	192
2035	5	3			336	192
2036	5	2			336	243
2037	2	5			177	336
2038	10	1			215	212
2039	0	0			193	192
2040	9	80			111	170
2041	87	232			165	238
2042	119	82			180	135
2043	184	144			256	180
2044	1	3			198	207
2045	1	0			87	87
2046	7	0			197	157
2047	20	64			162	208
2048	39	43			218	151
2049	252	2			173	179
2050	122	104			219	201
2051	5	535			198	254
2052	5	14			198	229
2053	82	80			249	159
2054	126	171			259	212
2055	51	0			120	162
2056	209	240			170	147
2057	3	93			131	153
2058	89	93			167	153
2059	89	3			167	131
2060	0	0			176	231
2061	1	0			232	292
2062	1	12			165	146
2063	0	12			164	146
2064	0	1			164	165
2065	45	117			207	191
2066	31	117			181	191
2067	1	2			233	265
2068	0	2			210	247
2069	10	3			268	223
2070	50	18			226	147
2071	11	143			192	281
2072	11	141			192	249
2073	11	104			192	215
2074	41	18			231	174
2075	0	0			234	213
2076	62	3			263	183
2077	8	133			168	180
2078	0	0			138	255
2079	0	0			138	255
2080	0	0			153	255
2081	0	0			153	138
2082	0	0			153	138
2083	189	335			138	156
2084	357	368			206	203
2085	13793	3459			163	267
2086	4346	3457			171	267
2087	87	93			156	163
2088	17	22			291	170
2089	183	279			181	217
2090	0	36			139	164
2091	51	58			273	270
2092	1	4			182	300
2093	192	95			279	198
2094	125	60			198	152
2095	0	9			108	194
2096	0	0			144	147
2097	0	0			660	304
2098	309	106			193	177
2099	13	16			226	220
2100	66	73			179	151
2101	1194	4513			154	230
2102	160	4516			154	230
2103	611	414			232	179
2104	0	0			83	77
2105	10	1			176	133
2106	0	0			157	196
2107	0	0			164	87
2108	0	0			87	222
2109	7	60			190	190
2110	53	74			149	191
2111	55	186			162	202
2112	55	137			162	254
2113	14	75			161	236
2114	49	18			205	150
2115	25	6			212	114
2116	30	74			299	229
2117	23	203			150	136
2118	0	15			118	169
2119	85	94			192	198
2120	0	0			262	183
2121	3	0			225	163
2122	56	369			204	271
2123	3309	256			3172	224
2124	403	404			189	168
2125	90	143			196	225
2126	73	163			167	197
2127	359	564			180	222
2128	0	18			168	191
2129	0	40			168	291
2130	0	0			168	183
2131	1474	265			205	117
2132	33	30			184	153
2133	33	51			184	196
2134	0	0			159	141
2135	0	0			163	164
2136	0	0			123	165
2137	64	7			219	213
2138	0	0			167	167
2139	0	0			164	129
2140	2	7			169	170
2141	0	0			125	212
2142	14	78			293	231
2143	1	0			190	129
2144	312	160			243	243
2145	17	0			177	133
2146	103	150			185	298
2147	4	68			184	149
2148	7	123			184	149
2149	0	0			129	156
2150	2	6			180	126
2151	30	120			126	158
2152	0	0			130	159
2153	0	0			93	159
2154	131	390			156	221
2155	2	4			199	169
2156	4	4			193	169
2157	4	2			193	199
2158	11	12			153	170
2159	11	1			148	153
2160	11	8			148	153
2161	10	10			156	148
2162	20	7			153	126
2163	0	4			120	90
2164	0	0			120	90
2165	4	0			90	90
2166	28	17			239	144
2167	51	96			158	166
2168	10751	2033			217	102
2169	0	0			168	98
2170	0	0			168	98
2171	30	36			169	162
2172	21	134			162	252
2173	25	85			490	166
2174	0	85			109	166
2175	0	25			109	490
2176	28	218			170	329
2177	28	83			170	227
2178	7	32			216	207
2179	6	14			216	183
2180	5	13			135	149
2181	1	11			187	135
2182	101	4			108	111
2183	7	1			143	134
2184	103	50			209	105
2185	2	0			172	140
2186	398	261			231	168
2187	349	0			176	149
2188	349	96			176	280
2189	2	105			149	249
2190	71	138			159	159
2191	100	454			128	218
2192	340	295			218	163
2193	22	75			151	164
2194	0	0			223	168
2195	14	74			165	208
2196	18	74			193	208
2197	18	74			198	208
2198	0	0			1325	189
2199	0	0			234	169
2200	0	0			234	189
2201	0	0			169	189
2202	0	2			189	213
2203	2	0			213	186
2204	2	0			213	274
2205	0	0			187	186
2206	0	0			186	274
2207	31	66			149	220
2208	2	0			174	134
2209	126	197			180	170
2210	2	12			147	175
2211	2	0			221	255
2212	0	4			190	192
2213	37	0			150	87
2214	7	0			87	87
2215	5	6			138	255
2216	1	6			138	255
2217	6	6			153	255
2218	6	1			153	138
2219	6	2			153	138
2220	137	130			156	140
2221	137	153			156	147
2222	1251	120			829	156
2223	134	1257			158	829
2224	98	137			151	158
2225	15	2			99	114
2226	103	104			198	177
2227	1	203			103	206
2228	194	120			206	156
2229	129	276			165	193
2230	1	16			220	664
2231	12	101			221	235
2232	22	0			206	210
2233	19	0			221	210
2234	704	0			206	77
2235	1	0			248	248
2236	0	0			127	127
2237	0	0			248	248
2238	0	1			127	127
2239	0	1			127	127
2240	0	0			127	127
2241	0	81			167	221
2242	0	0			169	126
2243	23	42			167	183
2244	0	2			156	150
2245	5	17			147	260
2246	1	0			135	154
2247	48	14			440	210
2248	0	1			198	230
2249	18	92			116	200
2250	46	0			87	87
2251	46	3			87	193
2252	0	0			218	103
2253	0	0			360	151
2254	5	49			112	184
2255	9	14			157	116
2256	18	14			181	116
2257	9	53			157	169
2258	18	53			181	169
2259	55	536			198	1053
2260	216	348			129	296
2261	811	667			231	219
2262	0	14			102	99
2263	1	0			191	214
2264	160	24			197	106
2265	18	3			129	141
2266	0	0			230	204
2267	1	0			217	204
2268	2	0			200	175
2269	0	0			150	178
2270	1	0			136	167
2271	1	3			207	218
2272	0	0			193	192
2273	0	159			111	121
2274	48	220			141	312
2275	0	0			166	224
2276	101	96			202	182
2277	58	96			264	182
2278	24	17			141	104
2279	45	102			172	173
2280	0	0			99	99
2281	0	0			134	99
2282	0	0			152	134
2283	0	0			152	134
2284	0	1			167	167
2285	0	31			83	83
2286	9	0			83	110
2287	9	4			83	83
2288	0	4			110	83
2289	33	3			132	141
2290	0	65			99	99
2291	2	81			120	117
2292	74	5			162	153
2293	0	15			92	95
2294	1	8			95	129
2295	94	6			332	102
2296	229	1315			242	242
2297	4	116			259	583
2298	356	71			194	92
2299	261	71			245	92
2300	0	0			111	274
2301	48	0			158	108
2302	0	0			147	207
2303	0	0			129	163
2304	0	0			129	213
2305	0	0			129	173
2306	0	1			129	209
2307	0	0			129	178
2308	0	0			213	173
2309	0	1			213	209
2310	0	0			213	178
2311	0	0			153	215
2312	0	1			173	209
2313	0	0			173	178
2314	0	0			173	215
2315	1	0			209	178
2316	0	0			181	178
2317	0	0			178	123
2318	25	34			166	152
2319	2	0			278	473
2320	1	5			166	234
2321	87	176			147	174
2322	3	24			166	138
2323	2	2			163	146
2324	0	89			232	166
2325	12	28			109	143
2326	49	57			186	194
2327	0	39			139	148
2328	0	0			154	144
2329	0	0			200	274
2330	77	78			191	147
2331	25	37			160	182
2332	140	85			190	153
2333	0	1			163	111
2334	23	88			119	279
2335	6	6			351	351
2336	0	1			169	203
2337	0	1			196	203
2338	15	1			176	120
2339	0	0			196	220
2340	0	0			177	117
2341	715	640			390	198
2342	12	2270			129	639
2343	147	45			177	243
2344	4	9			127	176
2345	56	13			482	179
2346	0	2			150	109
2347	0	5			94	94
2348	63	101			204	165
2349	75	6			204	183
2350	0	0			121	133
2351	6	17			145	164
2352	2	27			145	208
2353	1	0			126	193
2354	0	0			119	326
2355	0	0			202	99
2356	0	0			116	99
2357	0	0			116	202
2358	0	0			173	205
2359	0	0			210	173
2360	28	10			237	306
2361	2	3			227	217
2362	2	1024			198	1164
2363	12	6			285	278
2364	143	59			214	136
2365	3	376			186	358
2366	3	139			186	186
2367	130	165			189	252
2368	13	24			258	258
2369	3	1			165	149
2370	9	12			156	168
2371	0	15			179	179
2372	22	0			135	135
2373	8	21			159	159
2374	4	11			159	108
2375	1	1			288	180
2376	3	105			109	381
2377	3	97			109	333
2378	22	95			147	159
2379	27	95			111	159
2380	92	92			229	177
2381	0	0			193	192
2382	16	3			264	111
2383	0	9			174	138
2384	0	27			174	297
2385	90	89			423	357
2386	143	23			180	168
2387	28	14			254	135
2388	0	0			123	192
2389	0	0			143	137
2390	0	1			151	220
2391	1	0			201	240
2392	2	14			78	78
2393	0	2			93	93
2394	12	9			195	195
2395	317	3			163	198
2396	0	0			90	78
2397	0	0			117	78
2398	2	8			168	177
2399	57	249			130	186
2400	76	199			198	456
2401	4	0			169	215
2402	5	3			169	191
2403	18	32			240	231
2404	216	358			213	286
2405	326	12			213	210
2406	34	1			210	210
2407	9	17			270	258
2408	6	8			210	270
2409	0	9			127	340
2410	9	2			172	163
2411	2	0			204	162
2412	5	11			179	225
2413	132	130			189	171
2414	0	1			202	366
2415	31	12			171	169
2416	75	41			186	186
2417	15	14			198	192
2418	47	5			272	137
2419	49	5			256	113
2420	48	5			225	113
2421	47	21			256	113
2422	4	0			321	167
2423	22	28			164	197
2424	0	0			464	228
2425	2	1			182	163
2426	3	72			125	411
2427	223	176			201	217
2428	98	9			186	180
2429	2	53			182	311
2430	76	209			181	176
2431	18	54			164	151
2432	25	53			164	151
2433	7	50			155	164
2434	7	5			155	170
2435	7	11			155	257
2436	0	18			157	203
2437	56	36			154	267
2438	754	687			211	196
2439	173	173			339	345
2440	14	63			178	332
2441	108	55			258	168
2442	83	98			261	273
2443	40	58			149	144
2444	0	67			78	197
2445	13	8			124	117
2446	0	0			161	161
2447	0	0			132	120
2448	0	2			141	138
2449	0	9			93	93
2450	3	14			90	228
2451	0	0			131	141
2452	11	0			179	96
2453	462	656			204	221
2454	585	358			221	159
2455	57	6			816	211
2456	12	55			337	536
2457	5	1			261	213
2458	0	3			160	245
2459	0	0			160	188
2460	0	0			175	208
2461	0	0			158	175
2462	1	15			81	170
2463	11	16			117	170
2464	8	58			147	249
2465	0	0			163	390
2466	2	28			194	397
2467	130	65			167	124
2468	4	4			145	226
2469	2	11			130	178
2470	0	0			138	120
2471	102	9			208	127
2472	8	12			119	125
2473	1	24			142	153
2474	0	0			368	152
2475	0	0			81	81
2476	0	0			172	172
2477	874	297			392	186
2478	68	177			124	160
2479	29	19			264	264
2480	103	176			165	184
2481	1	5			173	192
2482	0	0			307	192
2483	24	25			315	115
2484	10	8			225	164
2485	73	57			137	162
2486	0	0			145	160
2487	150	69			189	189
2488	29	92			124	210
2489	31	1			160	144
2490	0	3			123	173
2491	0	0			93	93
2492	1	1			187	137
2493	2	2			240	240
2494	2	5			251	135
2495	0	0			191	133
2496	0	1			133	332
2497	83	245			172	227
2498	161	355			128	159
2499	114	502			176	250
2500	290	382			232	204
2501	22	10			180	121
2502	10	0			126	126
2503	11	5			126	138
2504	2	8			126	138
2505	2	44			149	173
2506	14	38			184	173
2507	58	53			201	224
2508	20	20			355	269
2509	52	87			165	156
2510	52	34			165	153
2511	48	18			156	117
2512	58	45			197	210
2513	58	80			146	149
2514	25	173			171	247
2515	4	4			182	568
2516	0	11			161	161
2517	155	147			188	150
2518	131	339			150	222
2519	0	0			198	152
2520	31	45			107	113
2521	27	21			142	113
2522	20	1			150	158
2523	53	80			179	201
2524	16	27			162	196
2525	127	153			136	127
2526	20	129			145	286
2527	0	1			189	199
2528	18	7			156	177
2529	7	3			947	255
2530	88	240			161	205
2531	918	3045			114	192
2532	49	43			127	125
2533	206	18			257	158
2534	1	0			193	125
2535	3	0			178	308
2536	105	0			325	308
2537	105	3			325	178
2538	296	415			152	152
2539	105	225			147	172
2540	0	0			168	98
2541	0	0			168	98
2542	14	2			224	157
2543	11	2			218	157
2544	13	2			190	160
2545	13	4			190	168
2546	2	4			160	168
2547	109	38			305	170
2548	79	38			290	170
2549	54	38			211	170
2550	0	0			157	114
2551	11	25			171	197
2552	0	0			123	192
2553	1215	226			1116	229
2554	818	227			737	229
2555	457	235			145	122
2556	0	0			96	99
2557	9	2			248	171
2558	5	0			184	125
2559	23	53			153	185
2560	28	26			188	153
2561	10	9			147	147
2562	2	7			147	147
2563	0	3			155	192
2564	34	50			277	271
2565	214	11			293	118
2566	4	0			218	180
2567	6	0			173	180
2568	0	0			94	94
2569	0	0			87	87
2570	0	0			87	87
2571	0	0			87	87
2572	0	0			172	172
2573	14	14			167	158
2574	16	38			182	312
2575	139	197			239	291
2576	102	7			234	196
2577	40	870			138	729
2578	14	4			268	297
2579	11	4			199	297
2580	1	0			219	210
2581	1	9			141	243
2582	2	16			141	243
2583	99	14			146	195
2584	14	30			186	182
2585	25	21			273	144
2586	469	28			263	236
2587	13	26			179	228
2588	5	10			154	187
2589	5	37			154	146
2590	5	17			154	137
2591	10	37			187	146
2592	10	17			187	137
2593	13	34			165	147
2594	0	0			123	192
2595	11	6			138	168
2596	11	23			174	214
2597	0	4			218	306
2598	0	2			218	226
2599	4	2			306	226
2600	6	5			226	199
2601	277	10			145	147
2602	36	36			150	147
2603	36	174			150	289
2604	1	52			146	147
2605	0	0			194	181
2606	109	13			207	161
2607	6	0			173	247
2608	2	0			186	247
2609	4	0			166	247
2610	29	52			159	221
2611	34	43			177	173
2612	59	59			182	197
2613	59	31			182	358
2614	400	365			212	165
2615	4	365			144	165
2616	400	446			212	197
2617	137	379			131	212
2618	1	148			125	122
2619	40	103			199	237
2620	37	31			621	795
2621	0	0			109	143
2622	0	0			186	194
2623	3	0			219	189
2624	4	0			216	189
2625	4	2			126	148
2626	6	4			126	148
2627	6	6			126	148
2628	4	6			148	148
2629	3	1			148	148
2630	270	452			145	344
2631	629	452			182	344
2632	54	24			159	104
2633	33	17			173	204
2634	613	815			258	254
2635	366	743			188	261
2636	16	0			189	177
2637	234	0			196	160
2638	55	158			299	759
2639	55	298			120	117
2640	93	84			146	131
2641	0	0			387	366
2642	0	0			366	207
2643	15	9			276	202
2644	51	72			556	150
2645	90	83			154	123
2646	90	83			154	118
2647	7	29			138	156
2648	24	19			201	127
2649	0	122			197	277
2650	147	398			192	311
2651	10	19			160	248
2652	10	16			204	160
2653	0	0			140	213
2654	0	0			123	140
2655	1	10			232	460
2656	39	50			159	190
2657	0	0			123	192
2658	35	7			258	178
2659	148	436			165	291
2660	456	432			165	138
2661	584	463			174	165
2662	284	365			145	136
2663	0	5			147	150
2664	626	2577			134	170
2665	20	5			352	180
2666	10	5			223	180
2667	22	7			352	180
2668	4	7			130	180
2669	178	7			156	180
2670	178	22			156	352
2671	178	4			156	130
2672	228	0			215	103
2673	81	179			143	215
2674	1	83			186	320
2675	126	405			198	347
2676	12	32			208	219
2677	0	16			142	116
2678	1	16			195	386
2679	10	126			110	348
2680	106	16			348	122
2681	0	0			226	148
2682	9	53			180	279
2683	70	2			203	338
2684	0	0			192	228
2685	6	4			245	245
2686	15	9			126	212
2687	69	191			179	283
2688	0	0			195	219
2689	20	39			169	202
2690	22	19			202	139
2691	20	63			134	200
2692	41	63			204	177
2693	27	23			180	162
2694	0	0			96	102
2695	0	0			96	96
2696	376	171			214	214
2697	205	1			87	87
2698	26	33			170	202
2699	0	0			177	162
2700	0	0			205	177
2701	0	0			132	205
2702	6	9			241	273
2703	6	34			172	164
2704	0	2			403	121
2705	0	0			109	165
2706	0	10			247	196
2707	0	10			173	196
2708	3	10			228	196
2709	2	10			197	196
2710	0	0			173	247
2711	3	0			228	247
2712	2	0			197	247
2713	3	0			228	173
2714	2	0			197	173
2715	2	3			197	228
2716	16	1690			111	182
2717	0	0			123	192
2718	103	276			136	178
2719	1	272			136	178
2720	146	272			186	178
2721	146	1			186	136
2722	151	113			186	136
2723	40	85			167	216
2724	0	2			90	198
2725	37	41			207	208
2726	3	9			145	136
2727	0	0			129	129
2728	54	134			184	192
2729	0	0			78	78
2730	0	0			78	78
2731	0	0			78	78
2732	0	6			220	220
2733	0	15			179	179
2734	21	0			159	159
2735	80	62			190	155
2736	0	0			96	213
2737	0	0			208	147
2738	63	22			206	203
2739	15	79			203	152
2740	0	16			159	147
2741	1	16			141	135
2742	39	69			128	146
2743	3	0			198	171
2744	10	0			158	108
2745	3	0			209	155
2746	11	22			387	327
2747	1	71			178	191
2748	21	71			154	191
2749	4	3			220	173
2750	125	286			111	168
2751	264	61			168	105
2752	104	61			117	105
2753	255	758			120	201
2754	237	390			114	120
2755	158	682			129	120
2756	2	8			155	148
2757	115	124			186	156
2758	314	453			153	204
2759	13	21			101	130
2760	23	45			182	177
2761	14	45			284	177
2762	90	83			315	192
2763	91	3			228	261
2764	0	213			119	218
2765	2	1			159	159
2766	0	0			123	181
2767	0	1			190	152
2768	216	548			151	246
2769	13	0			237	132
2770	97	285			119	217
2771	0	0			138	195
2772	8	4			194	160
2773	5	291			101	196
2774	0	0			192	221
2775	0	0			177	221
2776	0	0			177	192
2777	0	0			148	214
2778	0	0			187	214
2779	0	0			138	140
2780	0	0			261	386
2781	0	0			128	261
2782	0	0			246	261
2783	77	10			168	98
2784	113	38			168	98
2785	51	21			267	158
2786	99	169			224	192
2787	99	125			224	338
2788	126	270			192	311
2789	6	5			147	141
2790	4	17			154	225
2791	31	3			165	129
2792	0	0			96	96
2793	11	22			161	230
2794	18	49			128	112
2795	2	89			168	128
2796	2658	4237			205	227
2797	521	224			188	121
2798	315	1760			121	262
2799	1483	881			262	169
2800	841	1698			169	202
2801	31	40			146	177
2802	31	32			146	149
2803	10	1			123	146
2804	9	46			123	146
2805	17	23			141	123
2806	5	4			129	149
2807	6	9			221	139
2808	1	8			212	221
2809	54	93			152	219
2810	77	165			183	180
2811	0	0			147	141
2812	62	45			184	136
2813	8	3			249	248
2814	87	5			233	173
2815	0	0			173	130
2816	101	1077			93	169
2817	65	96			180	234
2818	36	15			226	168
2819	12	44			154	230
2820	6	14			130	191
2821	1	1			184	219
2822	1	0			168	153
2823	3	15			162	227
2824	3	6			110	241
2825	0	0			168	184
2826	0	0			155	114
2827	0	0			102	132
2828	67	68			193	174
2829	3	20			198	180
2830	1	2			223	168
2831	65	99			234	254
2832	2	31			178	250
2833	41	114			693	678
2834	13	316			173	339
2835	601	0			538	116
2836	46	0			132	116
2837	177	184			271	161
2838	6	18			120	144
2839	277	232			254	144
2840	1	62			81	165
2841	50	30			192	177
2842	6	12			135	135
2843	13	24			159	135
2844	12	18			132	159
2845	6	3			150	147
2846	0	0			145	159
2847	0	0			190	190
2848	27	33			208	164
2849	12	29			116	208
2850	125	406			275	431
2851	43	1			87	151
2852	0	0			218	103
2853	0	0			360	151
2854	0	0			150	275
2855	36	76			162	234
2856	1	1			197	156
2857	55	107			173	205
2858	0	1			194	128
2859	3	3			169	174
2860	0	0			152	148
2861	3	27			152	253
2862	2	13			162	178
2863	2	3			162	112
2864	1	3			203	191
2865	19	2			145	214
2866	0	0			105	147
