ID	IJC_SAMPLE_1	SJC_SAMPLE_1	IJC_SAMPLE_2	SJC_SAMPLE_2	IncFormLen	SkipFormLen
0	0	0			150	137
1	0	0			150	137
2	0	0			150	150
3	0	0			150	98
4	0	0			150	98
5	0	0			138	150
6	0	0			138	150
7	0	0			150	150
8	0	0			150	138
9	0	0			150	138
10	0	0			150	137
11	0	0			150	137
12	0	0			150	150
13	0	0			138	150
14	0	0			138	150
15	0	0			150	150
16	0	0			150	138
17	0	0			150	138
18	0	0			123	150
19	0	0			150	137
20	0	0			150	137
21	0	0			150	150
22	0	0			138	150
23	0	0			138	150
24	0	0			150	150
25	0	0			150	138
26	0	0			150	138
27	0	0			150	150
28	0	0			150	108
29	0	0			150	111
30	0	0			123	150
31	0	0			150	137
32	0	0			150	137
33	0	0			150	150
34	0	0			138	150
35	0	0			138	150
36	0	0			150	150
37	0	0			150	138
38	0	0			150	138
39	0	0			123	150
40	0	0			150	137
41	0	0			150	137
42	0	0			150	150
43	0	0			150	98
44	0	0			150	98
45	0	0			150	111
46	0	0			150	150
47	0	0			150	150
48	0	0			150	150
49	0	0			147	141
50	0	0			150	103
51	0	0			150	150
52	0	0			150	150
53	0	0			111	150
54	0	0			150	103
55	0	0			150	150
56	0	0			147	141
57	0	0			150	103
58	0	0			150	150
59	0	0			150	150
60	0	0			147	141
61	0	0			111	150
62	0	0			150	150
63	0	0			147	141
64	0	0			150	150
65	0	0			150	103
66	0	0			150	150
67	0	0			84	102
68	0	0			148	150
69	0	0			150	150
70	0	0			150	150
71	0	0			141	150
72	0	0			138	150
73	0	0			150	150
74	0	0			99	126
75	0	0			99	102
76	0	0			102	126
77	0	0			102	129
78	0	0			150	150
79	0	0			150	150
80	0	0			150	150
81	0	0			150	121
82	0	0			150	150
83	0	0			150	150
84	0	0			150	150
85	0	0			150	150
86	0	0			150	150
87	0	0			150	150
88	0	0			150	150
89	0	0			150	150
90	0	0			150	108
91	0	0			126	150
92	0	0			150	103
93	0	0			150	150
94	0	0			150	150
95	0	0			150	150
96	1	0			150	150
97	0	0			123	150
98	3	0			106	150
99	0	0			150	150
100	35	58			136	150
101	24	49			138	150
102	121	141			150	140
103	5	5			150	150
104	0	0			150	150
105	0	0			150	111
106	2	2			150	137
107	0	0			150	150
108	0	2			150	150
109	0	42			115	150
110	10	0			111	105
111	0	0			150	150
112	0	0			150	114
113	0	13			150	123
114	0	6			150	150
115	10	11			150	150
116	39	0			150	121
117	24	1			150	121
118	51	0			150	150
119	5	0			93	90
120	3	7			150	150
121	2	15			144	111
122	0	0			93	93
123	65	33			150	150
124	0	0			150	126
125	0	0			150	150
126	0	0			126	150
127	29	20			130	150
128	193	2			150	150
129	4	0			150	150
130	24	61			123	140
131	5	6			150	150
132	0	0			150	150
133	13	16			150	146
134	0	47			150	150
135	46	80			150	150
136	7	34			150	150
137	37	40			150	150
138	0	9			136	150
139	0	2			150	150
140	0	4			150	150
141	16	23			142	150
142	5	0			150	150
143	3	0			150	150
144	8	0			150	150
145	245	194			150	137
146	43	2			115	118
147	45	62			150	150
148	61	19			150	146
149	32	60			150	150
150	32	60			150	150
151	18	0			150	150
152	7	0			150	113
153	18	0			150	113
154	4	0			150	150
155	8	4			150	150
156	3	13			150	143
157	9	32			146	150
158	31	64			146	150
159	0	2			150	119
160	0	56			150	130
161	46	0			150	119
162	2	56			119	130
163	3	73			119	146
164	39	73			119	146
165	0	73			150	150
166	34	79			150	130
167	1	76			146	150
168	3	92			121	150
169	2	95			121	150
170	7	95			150	150
171	11	95			150	150
172	7	2			150	121
173	11	2			150	121
174	9	26			147	144
175	0	0			150	150
176	0	0			150	133
177	6	6			129	148
178	28	47			148	150
179	0	4			150	150
180	0	4			150	150
181	24	10			150	150
182	1	27			150	150
183	78	76			150	143
184	325	808			150	145
185	6	802			150	145
186	0	0			141	150
187	1	1			150	150
188	201	66			150	132
189	33	30			150	150
190	1	40			150	150
191	25	40			150	150
192	0	3			150	144
193	1	11			150	141
194	13	11			117	141
195	13	1			117	150
196	0	1			146	150
197	29	116			150	150
198	2	0			150	150
199	0	0			150	150
200	0	0			123	150
201	11	28			150	150
202	69	76			150	150
203	2	133			150	150
204	0	6			150	150
205	0	1			150	150
206	247	2			148	150
207	32	125			150	150
208	0	2			150	150
209	60	122			148	123
210	36	96			113	150
211	0	0			141	139
212	0	0			150	118
213	1154	9			150	150
214	1154	30			150	150
215	0	0			150	150
216	0	0			150	150
217	0	0			150	150
218	3	4			150	122
219	84	143			150	150
220	0	2			150	150
221	11	0			106	150
222	8	6			106	150
223	0	4			97	97
224	0	0			111	150
225	0	0			150	103
226	0	0			150	150
227	0	4			150	150
228	35	46			150	150
229	0	0			150	150
230	0	0			136	150
231	1	0			147	150
232	47	1			133	150
233	28	94			150	143
234	11	0			150	150
235	0	0			148	150
236	257	437			150	150
237	274	21			150	150
238	845	22			150	141
239	0	4			150	150
240	1	4			150	150
241	126	57			150	134
242	2	0			150	150
243	55	46			150	136
244	32	0			150	120
245	16	35			150	150
246	15	175			150	150
247	0	0			150	150
248	0	0			150	150
249	4	1			124	121
250	2	2			150	150
251	428	679			150	117
252	176	364			150	150
253	0	3			122	119
254	42	52			140	150
255	79	16			150	150
256	114	259			150	150
257	50	86			150	150
258	1	0			150	118
259	27	1			150	150
260	88	3			85	85
261	0	2			150	150
262	0	0			143	143
263	0	0			103	143
264	1	3			150	150
265	20	116			150	150
266	0	0			150	150
267	73	0			138	150
268	61	82			133	150
269	403	2			150	150
270	139	159			150	143
271	1	4			150	150
272	13	4			137	150
273	4	1			150	150
274	0	0			150	150
275	0	0			150	150
276	0	0			150	150
277	0	0			150	150
278	5	5			150	150
279	13	1			150	150
280	10	8			150	150
281	6	1			150	150
282	3	8			150	150
283	11	0			133	102
284	63	61			150	150
285	63	93			150	150
286	191	169			150	150
287	0	0			150	150
288	45	102			150	150
289	133	126			150	150
290	65	51			150	150
291	0	0			150	132
292	50	23			150	150
293	80	66			144	150
294	0	0			150	150
295	0	0			150	150
296	0	0			150	150
297	0	0			150	150
298	12	6			150	150
299	0	0			150	150
300	0	0			150	150
301	0	0			125	143
302	0	0			150	150
303	0	0			150	150
304	0	0			150	150
305	0	0			150	150
306	0	1			150	150
307	0	0			150	136
308	0	2			116	150
309	0	0			123	150
310	0	0			150	150
311	0	55			150	141
312	11	22			150	150
313	54	4			150	150
314	0	0			150	150
315	0	0			150	150
316	1	0			150	150
317	0	0			150	150
318	3	0			150	150
319	0	0			150	150
320	1	0			150	150
321	0	0			150	150
322	1	0			150	150
323	0	0			150	150
324	0	1			150	150
325	0	0			150	150
326	23	44			145	150
327	1	5			150	150
328	1	2			150	150
329	2	19			150	150
330	64	76			150	122
331	29	85			150	150
332	4	0			150	150
333	3	0			150	150
334	0	0			150	150
335	0	0			150	121
336	169	164			150	150
337	103	15			117	150
338	86	215			117	150
339	1	10			150	150
340	14	21			150	108
341	16	30			108	150
342	115	235			122	150
343	25	86			117	149
344	0	8			131	125
345	183	0			150	150
346	110	0			150	150
347	1	12			149	150
348	6	126			124	150
349	6	2			148	150
350	0	0			150	150
351	3	2			150	150
352	12	64			150	144
353	12	55			150	150
354	2	6			150	150
355	21	23			150	150
356	524	562			150	150
357	3	3			150	150
358	12	22			138	150
359	0	1			120	120
360	1	1			133	150
361	12	0			150	114
362	66	85			150	150
363	41	2			150	134
364	5	4			127	126
365	0	3			150	150
366	6	17			129	150
367	2	0			150	123
368	6	0			150	150
369	0	0			150	150
370	0	1			129	150
371	76	72			150	144
372	20	30			150	150
373	25	27			150	150
374	0	122			100	100
375	20	43			119	150
376	19	0			127	119
377	1	2			150	95
378	4	2			150	96
379	0	0			135	150
380	2	10			150	150
381	7	9			150	150
382	0	0			150	150
383	112	138			150	141
384	0	0			150	150
385	14	14			150	150
386	8	6			150	150
387	5	8			150	150
388	4	0			150	142
389	5	2			150	150
390	2	3			150	150
391	3	0			150	138
392	3	1			150	147
393	0	1			138	147
394	23	50			123	150
395	0	0			150	150
396	25	32			150	150
397	3	32			150	150
398	1	4			150	150
399	31	28			150	150
400	4	148			117	150
401	121	175			150	150
402	0	0			150	150
403	11	0			150	133
404	0	0			108	135
405	45	89			150	150
406	349	435			150	150
407	6	100			150	150
408	1	2			150	150
409	1	2			150	150
410	4	104			150	148
411	1	4			150	150
412	5	6			150	150
413	102	0			140	150
414	28	65			114	150
415	22	44			135	102
416	1	392			145	150
417	218	392			150	150
418	32	2			150	150
419	82	46			150	150
420	11	6			150	150
421	3	0			150	150
422	2	0			150	150
423	11	12			150	150
424	3	6			150	150
425	2	6			150	150
426	83	30			150	150
427	8	9			150	150
428	138	150			121	135
429	155	294			135	150
430	0	0			150	150
431	0	0			150	150
432	0	0			150	104
433	4	0			150	150
434	0	0			150	150
435	33	37			150	150
436	3	53			95	150
437	0	0			150	150
438	12	22			150	150
439	13	22			150	150
440	0	2			84	84
441	19	27			150	150
442	3	8			150	150
443	126	188			150	137
444	116	166			150	150
445	12	17			150	150
446	26	264			102	150
447	2	14			128	150
448	14	2			150	128
449	213	373			150	150
450	21	42			150	150
451	5	108			150	135
452	17	44			150	129
453	0	20			147	147
454	17	43			129	150
455	1	12			150	150
456	5	12			150	150
457	5	1			150	150
458	27	0			150	133
459	0	0			150	150
460	0	1			150	150
461	23	53			150	146
462	23	24			150	150
463	1186	154			150	150
464	2348	309			150	150
465	0	0			150	150
466	8	16			150	150
467	4	80			150	150
468	9	875			150	150
469	701	875			150	150
470	7	0			150	150
471	110	0			150	150
472	110	7			150	150
473	341	4			127	150
474	70	5			150	150
475	28	2			150	150
476	50	51			147	150
477	49	52			150	150
478	0	0			150	150
479	10	0			150	150
480	6	18			150	150
481	925	0			147	150
482	12	0			150	84
483	17	0			150	84
484	13	12			150	150
485	5	12			150	150
486	1	5			150	150
487	442	617			150	150
488	0	2			150	150
489	0	3			145	150
490	0	3			145	150
491	11	180			150	150
492	95	50			150	141
493	5	17			126	150
494	0	13			150	150
495	2	17			150	150
496	71	72			150	150
497	2	0			150	150
498	77	77			150	150
499	25	32			150	150
500	0	0			150	119
501	1	0			79	82
502	2	0			150	150
503	0	8			150	150
504	0	1			150	150
505	0	1			150	150
506	1	21			108	144
507	1	2			108	102
508	0	0			78	150
509	14	213			150	150
510	14	76			150	150
511	17	10			150	111
512	9	12			111	150
513	25	94			120	150
514	11	2			150	150
515	14	12			150	150
516	67	77			127	150
517	10	0			113	137
518	162	181			150	150
519	55	122			118	150
520	136	255			150	150
521	20	62			150	150
522	41	78			150	150
523	0	1			150	150
524	151	170			150	150
525	228	15			150	150
526	0	0			150	125
527	94	136			148	150
528	1	0			150	150
529	3	0			150	81
530	0	0			138	150
531	0	0			150	150
532	0	0			150	150
533	0	0			150	150
534	0	0			150	150
535	0	0			150	150
536	5	22			150	150
537	361	248			150	150
538	342	756			150	150
539	24	1			149	137
540	29	37			150	150
541	0	0			98	98
542	0	0			81	81
543	18	2			128	132
544	0	0			150	105
545	0	0			117	105
546	0	0			150	150
547	0	0			150	150
548	97	109			150	150
549	3	54			150	132
550	7	2			150	150
551	5	1			150	150
552	17	38			147	144
553	11	7			147	150
554	1	4			150	150
555	2	12			150	150
556	7	23			133	147
557	22	18			147	150
558	112	150			150	150
559	0	4			150	150
560	29	44			114	149
561	0	0			147	141
562	1	2			150	150
563	0	0			150	146
564	9	0			84	84
565	25	4			150	150
566	22	47			150	150
567	1	3			150	150
568	4	13			150	150
569	3	0			150	150
570	7	3			150	150
571	38	18			144	108
572	68	82			150	150
573	0	0			150	141
574	0	0			150	150
575	54	35			150	130
576	55	54			150	150
577	55	55			150	150
578	0	10			150	150
579	0	11			150	115
580	3	24			150	140
581	34	24			150	140
582	6	0			150	150
583	33	36			150	150
584	0	0			150	150
585	8	0			126	150
586	11	73			150	150
587	0	0			150	150
588	12	40			150	120
589	1	6			150	135
590	6	0			96	96
591	24	12			150	116
592	119	79			150	150
593	126	22			150	150
594	0	0			150	150
595	0	1			129	137
596	4	4			150	150
597	170	1			100	100
598	1	6			150	150
599	1	1			150	150
600	0	1			150	150
601	9	4			150	114
602	31	48			150	150
603	0	0			150	125
604	0	0			150	150
605	11	14			150	147
606	0	2			150	142
607	2	0			142	150
608	1	0			142	111
609	0	0			150	150
610	5	6			133	150
611	11	0			150	114
612	10	26			137	150
613	0	0			150	150
614	8	24			150	150
615	0	2			150	150
616	0	0			150	150
617	1	0			150	148
618	1	0			150	150
619	0	4			103	150
620	2	3			150	150
621	0	11			76	150
622	1	0			138	150
623	0	0			150	150
624	18	31			143	150
625	105	97			134	126
626	21	6			150	105
627	5	0			150	138
628	50	0			150	138
629	50	5			150	150
630	0	0			110	127
631	0	0			126	150
632	24	44			150	150
633	105	111			150	150
634	9	0			125	150
635	0	0			150	142
636	5	6			150	150
637	1	9			150	150
638	63	72			150	150
639	3	2			143	150
640	0	11			141	150
641	773	340			150	105
642	0	0			123	99
643	19	22			141	140
644	0	14			150	150
645	0	0			150	131
646	0	0			150	150
647	13	11			150	150
648	0	0			150	150
649	8	13			150	150
650	10	33			150	150
651	100	197			150	150
652	33	21			126	150
653	26	37			150	150
654	25	27			150	150
655	8	12			150	148
656	4	2			150	150
657	0	5			150	150
658	0	1			150	150
659	19	24			150	150
660	0	0			120	150
661	2	0			147	150
662	0	0			150	150
663	0	0			135	150
664	0	16			150	150
665	0	0			150	126
666	0	16			121	144
667	0	52			150	110
668	9	3			150	147
669	0	0			150	150
670	58	0			150	150
671	1	88			150	150
672	2000	7433			150	150
673	20	1			150	150
674	20	17			150	138
675	13	20			150	138
676	3	8			114	150
677	23	1			120	132
678	18	18			150	150
679	1	45			150	150
680	1	40			150	150
681	5	77			150	146
682	22	1			150	150
683	22	1			150	150
684	4	41			143	150
685	2	24			150	142
686	21	1			150	150
687	21	1			150	150
688	21	9			150	150
689	24	0			150	90
690	0	0			81	81
691	78	48			150	146
692	2	0			150	150
693	11	0			150	150
694	6	0			150	150
695	6	11			150	150
696	0	0			150	102
697	1	1			111	114
698	2	12			134	118
699	6	145			150	150
700	0	0			150	150
701	0	0			150	150
702	0	0			150	150
703	1	0			87	84
704	0	0			150	147
705	0	0			150	150
706	0	0			150	150
707	19	87			150	150
708	0	0			142	106
709	47	53			150	150
710	93	1			83	83
711	5	2			150	150
712	1	0			138	105
713	0	0			84	84
714	7	30			150	150
715	49	1			92	92
716	0	2			99	99
717	0	0			150	150
718	2	0			150	144
719	2	0			150	150
720	0	0			144	150
721	13	17			150	150
722	2	1			150	150
723	2	2			150	133
724	2	0			150	150
725	1	0			150	150
726	2	0			133	150
727	0	0			150	150
728	0	0			150	150
729	64	26			132	150
730	94	16			150	150
731	2	5			150	109
732	0	0			150	150
733	0	0			150	150
734	4	68			150	150
735	8	25			150	150
736	382	1			150	150
737	116	199			150	150
738	23	64			150	150
739	25	61			150	141
740	7	2			150	150
741	76	99			150	150
742	60	21			125	136
743	0	1			150	128
744	58	12			150	150
745	162	6			150	150
746	325	110			147	150
747	10	2			150	132
748	1	2			150	132
749	1	10			150	150
750	4	37			112	150
751	1160	59			150	150
752	1976	3			107	113
753	2	3			150	150
754	59	81			150	150
755	0	3			150	150
756	3	1226			150	150
757	0	0			150	150
758	11	29			150	150
759	11	20			150	124
760	15	28			150	150
761	4	29			150	150
762	4	7			150	110
763	0	0			138	149
764	62	0			150	150
765	31	0			150	150
766	97	130			150	150
767	3675	938			150	150
768	0	2			150	150
769	56	27			150	120
770	6	1			150	114
771	9	15			150	150
772	0	0			114	150
773	14	14			122	147
774	14	27			150	150
775	6	31			150	108
776	12	62			121	150
777	9	9			150	150
778	0	1			150	143
779	0	0			97	99
780	4	10			150	150
781	5	1			150	150
782	0	0			120	120
783	0	1			135	150
784	1	4			150	150
785	0	0			150	150
786	1	56			150	150
787	16	6			150	108
788	42	65			113	150
789	257	108			150	101
790	0	0			87	87
791	0	0			102	150
792	22	32			150	150
793	32	44			150	150
794	22	46			150	150
795	127	98			150	150
796	40	47			136	150
797	13	12			150	150
798	11	8			150	150
799	0	0			150	150
800	17	73			124	150
801	1	10			99	100
802	0	0			150	150
803	28	3			150	150
804	0	0			150	150
805	0	0			150	150
806	34	46			114	150
807	16	9			150	150
808	45	38			150	150
809	0	1			90	90
810	7	22			90	78
811	0	0			117	78
812	4	4			150	150
813	5	21			150	150
814	0	361			113	142
815	132	361			142	142
816	132	0			142	113
817	56	78			150	150
818	340	483			150	150
819	0	0			150	150
820	3	1			150	150
821	4	8			148	150
822	2	8			150	150
823	2	3			148	150
824	8	11			150	150
825	42	43			144	125
826	0	6			109	141
827	13	13			150	142
828	1	56			147	150
829	1	56			150	150
830	3	0			150	121
831	9	0			136	128
832	0	7			150	150
833	4	4			150	138
834	3	6			150	150
835	25	43			150	150
836	0	2			150	150
837	0	3			150	150
838	0	0			150	150
839	0	5			150	150
840	0	2			150	150
841	0	0			87	90
842	4	0			128	150
843	1685	5310			103	150
844	3612	5310			150	150
845	18	11			150	150
846	7	39			113	150
847	3	1			150	133
848	19	5			150	150
849	3	2			150	150
850	0	0			150	150
851	5	0			150	105
852	0	18			87	87
853	13	109			129	150
854	0	1			150	150
855	0	1			150	150
856	0	0			150	150
857	1	0			150	150
858	56	64			150	150
859	0	0			150	124
860	12	0			150	106
861	0	0			150	150
862	0	0			150	150
863	4	169			102	120
864	28	41			132	150
865	14	2			150	150
866	0	0			150	150
867	44	4			150	150
868	37	23			150	150
869	0	34			150	150
870	9	7			141	149
871	9	10			141	150
872	6	3			150	150
873	8	0			150	150
874	71	178			150	150
875	6	22			114	102
876	12	22			126	102
877	30	23			150	102
878	105	14			150	102
879	223	249			150	138
880	14	75			150	150
881	242	2			150	150
882	2	0			150	150
883	2	0			150	131
884	0	0			150	131
885	1	75			98	150
886	0	1			150	150
887	70	9			150	150
888	12	11			150	150
889	0	52			150	150
890	1	0			117	150
891	34	52			150	150
892	0	86			150	150
893	0	5			150	150
894	0	0			150	150
895	2	0			150	150
896	10	7			150	150
897	0	0			127	129
898	0	2			150	150
899	2	4			150	150
900	2	8			129	150
901	0	0			150	150
902	0	0			150	150
903	4	3			141	150
904	0	0			110	150
905	0	0			110	150
906	0	0			150	146
907	2	47			124	128
908	77	0			150	150
909	0	30			150	136
910	9	14			150	150
911	11	7			150	150
912	0	0			98	95
913	2	18			130	150
914	3	11			150	150
915	0	41			106	150
916	275	3			150	150
917	0	129			79	150
918	17	20			150	150
919	8	15			98	150
920	77	82			150	150
921	14	1			150	150
922	4	39			150	150
923	2	4			150	150
924	3	0			132	132
925	0	0			93	93
926	1	0			96	90
927	1	0			96	90
928	1	0			87	99
929	0	2			116	116
930	0	0			150	150
931	15	34			146	150
932	30	34			150	150
933	40	0			98	101
934	158	207			150	150
935	190	177			150	150
936	25	116			150	150
937	64	92			150	150
938	0	148			150	150
939	22	63			150	150
940	15	37			150	150
941	0	11			150	150
942	0	0			150	150
943	2	8			150	150
944	4	12			150	150
945	5	9			138	150
946	6	13			150	150
947	45	3			150	150
948	0	4			150	150
949	4	0			150	150
950	298	293			150	150
951	517	644			150	150
952	4	36			136	150
953	1	0			150	150
954	1	0			150	136
955	0	0			150	136
956	32	9			129	133
957	32	90			129	150
958	9	90			133	150
959	28	90			133	150
960	11	1			146	150
961	6	603			124	150
962	0	603			118	150
963	574	635			150	150
964	3	18			150	150
965	11	27			150	150
966	11	1			150	150
967	2	71			150	122
968	43	92			109	126
969	41	6			150	150
970	1	1			150	135
971	1	1			150	135
972	1	0			141	150
973	0	1			138	150
974	2	1			150	138
975	69	0			87	87
976	0	2			150	150
977	34	3			150	150
978	4	0			140	95
979	6	21			150	150
980	1	0			150	98
981	0	0			146	135
982	0	0			150	150
983	77	140			130	150
984	77	83			130	121
985	67	220			150	150
986	12	7			150	150
987	55	124			150	150
988	104	113			150	150
989	20	79			107	134
990	27	37			150	150
991	0	9			150	150
992	3	0			81	81
993	1	2			150	150
994	0	29			150	150
995	0	1			150	150
996	0	1			150	150
997	0	0			150	150
998	0	0			150	150
999	0	0			84	84
1000	0	0			123	150
1001	2	0			150	150
1002	0	0			150	150
1003	0	0			150	131
1004	7	18			143	119
1005	16	18			150	119
1006	3	0			150	150
1007	0	0			138	150
1008	45	33			150	137
1009	295	380			150	140
1010	0	0			150	150
1011	30	1			150	110
1012	0	0			150	150
1013	11	26			141	150
1014	2	2			108	150
1015	0	0			150	150
1016	0	0			150	150
1017	49	62			137	150
1018	72	41			150	128
1019	0	19			145	150
1020	0	3			150	150
1021	0	0			150	150
1022	0	1			150	127
1023	0	1			150	127
1024	0	0			96	90
1025	2	3			150	150
1026	2	3			150	150
1027	0	2			150	150
1028	0	6			150	150
1029	2	8			150	150
1030	4	2			150	150
1031	4	0			150	95
1032	4	0			150	137
1033	0	0			95	137
1034	0	5			147	141
1035	2	5			150	141
1036	2	0			150	147
1037	0	0			108	150
1038	3	0			148	150
1039	0	1			150	150
1040	0	1			150	150
1041	0	1			150	150
1042	0	1			150	150
1043	0	1			150	150
1044	8	45			150	147
1045	0	1			81	81
1046	0	0			150	150
1047	3	187			81	144
1048	0	187			81	144
1049	0	3			81	81
1050	0	10			150	150
1051	253	443			150	150
1052	0	0			150	150
1053	222	30			150	135
1054	0	0			150	150
1055	101	99			150	150
1056	74	94			127	150
1057	0	2			148	150
1058	0	0			150	137
1059	68	68			146	150
1060	0	0			150	150
1061	1	0			132	150
1062	7	12			148	150
1063	7	7			148	150
1064	37	20			150	150
1065	151	26			138	97
1066	130	5			138	97
1067	30	46			97	150
1068	43	46			150	150
1069	41	42			150	150
1070	3	3			150	150
1071	5	2			150	150
1072	44	66			150	150
1073	0	1			150	150
1074	182	201			150	150
1075	7	0			150	150
1076	0	9			150	150
1077	0	0			150	150
1078	11	18			150	150
1079	8	14			150	150
1080	0	0			150	150
1081	157	137			150	131
1082	3	1			150	150
1083	0	0			150	150
1084	34	48			150	150
1085	16	33			150	150
1086	35	33			150	150
1087	6	0			90	93
1088	13	0			147	150
1089	26	35			150	150
1090	0	0			150	103
1091	1	0			150	150
1092	3	26			150	145
1093	0	0			120	150
1094	0	0			150	150
1095	0	0			150	120
1096	0	0			150	120
1097	0	0			150	150
1098	0	4			150	150
1099	0	0			111	114
1100	0	10			150	150
1101	0	10			150	150
1102	4	0			150	150
1103	2	11			121	135
1104	0	33			119	112
1105	44	65			150	150
1106	1	46			102	150
1107	0	0			90	87
1108	3	0			150	150
1109	0	0			96	96
1110	0	0			150	150
1111	10	21			150	150
1112	7	39			150	150
1113	7	39			150	150
1114	3	13			114	144
1115	0	0			147	141
1116	13	28			150	150
1117	7	32			150	150
1118	5362	408			150	150
1119	8	19			150	150
1120	0	0			150	150
1121	59	64			150	150
1122	40	62			136	150
1123	40	84			126	123
1124	40	67			126	150
1125	1	25			129	135
1126	13	29			111	135
1127	15	2			111	150
1128	2	2			129	150
1129	73	4			126	111
1130	50	6			126	111
1131	0	1			150	150
1132	0	1			110	93
1133	0	0			150	150
1134	0	0			150	150
1135	0	0			150	150
1136	2	1			150	150
1137	2	8			150	150
1138	4	8			150	150
1139	7	8			150	150
1140	0	2			150	114
1141	7	8			150	126
1142	0	0			132	150
1143	0	0			150	150
1144	68	83			150	150
1145	137	0			150	150
1146	1	57			150	150
1147	47	1			150	150
1148	40	17			150	150
1149	0	30			150	135
1150	0	0			140	150
1151	10	6			142	150
1152	5	1			90	105
1153	30	27			150	150
1154	57	20			150	150
1155	112	243			111	150
1156	104	122			150	111
1157	0	1			150	150
1158	2	6			150	136
1159	6	15			120	140
1160	1	12			150	150
1161	2	0			150	150
1162	1	0			150	150
1163	0	0			150	150
1164	0	0			150	150
1165	1	2			150	150
1166	0	2			150	150
1167	0	2			150	150
1168	0	1			150	150
1169	0	1			150	150
1170	0	2			121	150
1171	0	0			121	133
1172	0	0			150	133
1173	0	0			150	121
1174	0	0			141	150
1175	0	10			150	150
1176	448	746			150	150
1177	427	906			150	150
1178	0	0			150	150
1179	8	46			150	150
1180	0	0			150	150
1181	0	0			150	150
1182	0	7			150	150
1183	1	1			150	150
1184	4	2			150	150
1185	4	7			102	150
1186	0	1			150	150
1187	18	60			150	150
1188	41	130			150	150
1189	43	71			149	150
1190	0	2			150	100
1191	43	25			150	150
1192	0	0			150	114
1193	9	21			150	150
1194	0	0			150	98
1195	330	388			149	150
1196	1	2			150	150
1197	0	4			150	150
1198	0	4			150	150
1199	0	0			150	150
1200	0	2			150	150
1201	0	13			79	150
1202	0	0			150	150
1203	0	0			84	96
1204	0	0			144	93
1205	0	0			102	117
1206	148	183			150	150
1207	12	168			129	150
1208	491	3914			150	125
1209	0	0			133	117
1210	2	0			150	109
1211	8	0			150	109
1212	0	0			150	150
1213	7	4			144	132
1214	0	0			135	150
1215	179	289			150	150
1216	8	16			150	150
1217	0	0			150	106
1218	32	3			120	117
1219	0	0			150	150
1220	0	0			150	150
1221	294	368			145	150
1222	389	435			150	132
1223	2	14			111	150
1224	26	2			150	150
1225	26	32			150	150
1226	2	32			150	150
1227	0	0			150	150
1228	0	0			123	150
1229	18	25			150	150
1230	33	33			150	150
1231	31	21			150	150
1232	0	0			150	130
1233	0	0			150	149
1234	20	24			150	150
1235	20	17			150	150
1236	20	17			150	121
1237	16	17			150	121
1238	24	17			150	150
1239	24	17			150	121
1240	34	17			150	121
1241	1	43			150	143
1242	1	43			121	143
1243	14	59			121	143
1244	20	92			150	150
1245	0	0			150	150
1246	1	0			147	137
1247	0	0			114	150
1248	0	0			133	150
1249	14	0			150	87
1250	30	63			150	150
1251	2	2			150	150
1252	5	5			150	150
1253	12	3			150	150
1254	0	2			150	150
1255	0	3			150	150
1256	0	0			84	93
1257	0	5			150	150
1258	0	0			110	150
1259	28	49			150	150
1260	2	3			150	150
1261	0	1			137	150
1262	7	12			144	150
1263	24	26			150	150
1264	1	1			150	150
1265	44	2			150	150
1266	17	3			150	150
1267	5	1			150	150
1268	34	108			150	150
1269	2	0			150	150
1270	0	0			78	78
1271	1	0			150	150
1272	120	255			150	150
1273	163	132			150	150
1274	163	0			150	118
1275	31	39			150	150
1276	113	114			150	144
1277	98	86			150	139
1278	124	87			150	150
1279	41	87			139	150
1280	69	89			139	150
1281	21	0			150	150
1282	0	0			150	99
1283	0	16			150	81
1284	0	0			128	150
1285	3	20			150	150
1286	66	101			150	150
1287	132	73			150	150
1288	0	1			150	150
1289	6	8			150	150
1290	0	0			134	150
1291	0	1			114	150
1292	14	0			150	92
1293	6	3			150	150
1294	3	0			150	127
1295	4	0			150	150
1296	0	4			150	150
1297	0	1			148	150
1298	2	0			150	150
1299	6	0			150	150
1300	6	0			150	150
1301	0	0			150	150
1302	1	0			150	150
1303	0	0			150	150
1304	0	0			150	150
1305	0	0			150	103
1306	0	0			150	150
1307	1	0			150	150
1308	5	65			144	150
1309	0	0			150	133
1310	1	0			150	150
1311	0	0			150	150
1312	5	2			149	149
1313	7	43			150	150
1314	1	20			105	133
1315	602	3075			150	150
1316	66	88			150	150
1317	92	11			150	123
1318	3	0			150	150
1319	5	0			150	150
1320	2	0			150	150
1321	2	3			150	150
1322	2	5			150	150
1323	1	0			121	147
1324	0	0			150	150
1325	18	5			129	150
1326	33	42			150	150
1327	5	4			150	140
1328	65	164			135	150
1329	0	1			150	150
1330	76	56			150	150
1331	23	4			150	150
1332	25	38			150	150
1333	585	639			150	150
1334	0	0			144	131
1335	180	78			150	150
1336	0	1			126	150
1337	55	88			150	150
1338	87	52			150	120
1339	82	2			150	120
1340	81	0			150	120
1341	81	86			150	131
1342	0	86			120	131
1343	47	82			120	150
1344	44	87			120	131
1345	69	52			150	139
1346	87	18			150	150
1347	68	168			150	150
1348	3	0			150	150
1349	0	0			150	121
1350	0	1			150	150
1351	243	18			150	150
1352	0	3			150	150
1353	3	1			99	99
1354	5	7			134	150
1355	10	7			150	150
1356	1	0			150	150
1357	20	37			129	150
1358	24	1			125	115
1359	6	10			150	138
1360	1	0			150	150
1361	0	1			150	150
1362	0	1			150	150
1363	0	0			141	150
1364	0	0			150	130
1365	0	0			150	130
1366	0	0			150	150
1367	0	0			150	150
1368	0	0			150	150
1369	0	0			150	150
1370	18	6			150	150
1371	0	0			150	136
1372	1	0			150	150
1373	1	0			150	150
1374	63	68			141	143
1375	55	68			143	146
1376	75	92			146	133
1377	52	48			150	150
1378	2	48			146	150
1379	1	92			150	150
1380	36	92			150	150
1381	0	0			134	150
1382	0	0			96	96
1383	59	15			150	150
1384	34	62			150	150
1385	1	76			150	150
1386	16	74			150	150
1387	2	10			150	150
1388	8	4			150	150
1389	0	0			147	141
1390	33	121			150	150
1391	6	31			150	140
1392	0	0			123	150
1393	0	0			123	150
1394	0	0			123	78
1395	0	0			150	78
1396	0	0			150	78
1397	47	0			79	79
1398	0	20			150	150
1399	68	131			150	150
1400	0	0			150	150
1401	3	2			150	150
1402	5	0			150	150
1403	5	0			150	150
1404	17	7			150	150
1405	254	30			113	136
1406	0	0			150	150
1407	0	0			115	150
1408	16	29			150	150
1409	0	0			139	128
1410	0	0			108	123
1411	42	66			150	150
1412	40	39			150	150
1413	45	16			150	150
1414	27	0			128	79
1415	0	6			150	150
1416	0	5			150	150
1417	6	5			150	150
1418	49	154			150	144
1419	99	1			150	76
1420	0	3			150	136
1421	0	0			150	150
1422	0	0			150	150
1423	1	3			150	150
1424	0	0			150	150
1425	0	28			150	131
1426	0	28			150	131
1427	0	0			150	150
1428	0	0			150	122
1429	82	20			150	150
1430	1	2			142	150
1431	27	47			141	146
1432	0	0			150	150
1433	38	47			114	132
1434	55	28			150	114
1435	11	15			150	150
1436	0	21			150	122
1437	0	0			150	150
1438	0	0			150	150
1439	26	52			150	150
1440	0	0			81	81
1441	13	38			130	150
1442	121	138			150	129
1443	0	10			96	96
1444	0	12			96	93
1445	109	272			150	150
1446	76	365			118	150
1447	105	106			133	150
1448	19	34			129	150
1449	0	0			150	150
1450	0	0			150	150
1451	2	0			142	150
1452	0	1			114	145
1453	0	6			150	150
1454	0	0			150	150
1455	0	0			150	150
1456	0	4			150	145
1457	6	0			150	150
1458	6	0			150	150
1459	6	4			150	145
1460	0	4			150	145
1461	0	4			150	145
1462	0	0			123	150
1463	0	0			150	108
1464	7	0			126	99
1465	16	10			150	150
1466	0	2			150	150
1467	0	2			150	150
1468	0	0			150	150
1469	0	0			150	150
1470	363	1608			150	133
1471	1	1			150	150
1472	0	0			96	90
1473	8	15			150	150
1474	7	9			150	150
1475	157	6			150	150
1476	20	24			150	150
1477	4	2			150	150
1478	134	266			150	150
1479	1	15			150	150
1480	1	8			150	150
1481	1	0			150	150
1482	0	2			150	150
1483	0	0			144	150
1484	0	0			150	150
1485	122	3			150	150
1486	15	16			150	150
1487	1	1			150	150
1488	1	1			150	150
1489	14	24			142	150
1490	0	0			87	87
1491	0	1			150	147
1492	0	1			150	147
1493	0	10			79	150
1494	2	10			150	150
1495	1	10			150	150
1496	2	6			139	150
1497	33	124			150	150
1498	0	4			84	150
1499	0	0			150	150
1500	44	62			123	150
1501	364	346			150	150
1502	8	5			150	150
1503	17	23			150	135
1504	99	77			150	136
1505	0	14			98	98
1506	456	1349			150	150
1507	456	397			150	150
1508	28	70			150	150
1509	1	0			140	125
1510	0	0			150	107
1511	0	2			150	150
1512	2	31			106	150
1513	50	162			138	150
1514	12	4			150	90
1515	2	1			150	150
1516	1	0			111	150
1517	0	0			150	150
1518	11	131			150	150
1519	0	14			120	150
1520	7	9			150	150
1521	0	0			150	150
1522	0	207			132	150
1523	0	3			150	150
1524	0	3			105	150
1525	0	0			105	150
1526	0	0			150	150
1527	62	55			150	150
1528	26	54			126	150
1529	0	44			82	150
1530	0	0			150	150
1531	0	0			150	150
1532	6	0			150	150
1533	6	2			150	150
1534	34	0			150	150
1535	38	2417			150	150
1536	1516	2417			111	150
1537	16	5			110	125
1538	34	5			150	125
1539	1	0			147	150
1540	86	68			150	150
1541	60	53			150	126
1542	0	37			147	147
1543	0	0			150	150
1544	0	0			150	150
1545	0	0			150	150
1546	0	0			150	150
1547	0	0			150	150
1548	0	43			150	150
1549	0	28			150	150
1550	7	2			106	106
1551	2	5			100	100
1552	34	51			150	150
1553	34	2			150	150
1554	720	909			150	150
1555	1	8			150	150
1556	437	0			150	150
1557	860	0			150	150
1558	1	0			150	150
1559	192	278			150	150
1560	50	42			150	150
1561	191	0			150	150
1562	49	130			108	128
1563	124	43			150	108
1564	2	100			150	150
1565	2	129			150	150
1566	2	95			150	150
1567	0	1			150	150
1568	0	1			150	150
1569	0	0			131	150
1570	86	127			150	150
1571	13	9			150	150
1572	69	12			150	150
1573	42	0			84	87
1574	858	182			150	119
1575	775	0			132	150
1576	1	0			138	115
1577	13	27			150	150
1578	33	39			150	150
1579	3	2			150	136
1580	3	61			150	150
1581	12	2			150	136
1582	12	61			150	150
1583	2	61			136	150
1584	32	61			136	150
1585	30	3			150	132
1586	0	26			150	150
1587	0	0			150	150
1588	0	0			150	108
1589	0	3			124	150
1590	82	105			150	150
1591	2	9			150	150
1592	1	2			150	150
1593	28	62			150	150
1594	9	0			141	150
1595	1	0			150	137
1596	0	0			150	137
1597	0	1			150	150
1598	13	19			150	150
1599	0	0			123	150
1600	2	69			118	150
1601	381	294			150	135
1602	1	0			93	126
1603	0	32			150	150
1604	1	0			150	150
1605	0	1			150	150
1606	1	1			150	150
1607	19	32			150	150
1608	13	1			150	129
1609	0	3			150	150
1610	3	0			150	143
1611	0	0			150	98
1612	0	0			150	98
1613	41	67			150	150
1614	11	0			150	128
1615	0	0			150	150
1616	23	33			150	150
1617	12	220			150	150
1618	20	19			150	139
1619	0	6			150	150
1620	49	160			150	150
1621	13	3			150	150
1622	0	0			150	145
1623	3	0			150	150
1624	21	29			150	150
1625	28	52			150	150
1626	0	0			150	150
1627	0	1			129	114
1628	17	323			150	150
1629	9	76			135	150
1630	16	22			142	150
1631	0	0			144	150
1632	0	0			144	150
1633	0	0			150	150
1634	6	2			150	132
1635	233	146			150	150
1636	220	40			150	150
1637	5	2			142	150
1638	0	12			96	93
1639	0	0			150	98
1640	0	0			150	98
1641	42	2			120	150
1642	15	625			150	150
1643	8	625			150	150
1644	0	0			150	150
1645	4	7			150	150
1646	1	2			150	150
1647	3	2			150	150
1648	0	0			99	132
1649	11	51			150	150
1650	11	115			150	135
1651	51	115			150	135
1652	49	43			150	150
1653	0	4			149	150
1654	0	1			149	150
1655	3	11			150	150
1656	14	6			150	150
1657	14	2			150	150
1658	14	13			150	150
1659	17	12			150	150
1660	2	13			150	150
1661	2	28			150	150
1662	8	28			150	150
1663	21	19			150	150
1664	18	18			150	150
1665	23	11			150	150
1666	0	190			150	150
1667	0	0			77	150
1668	1	283			148	150
1669	8	18			146	146
1670	17	19			150	150
1671	24	0			150	80
1672	5	4			150	150
1673	30	0			150	135
1674	31	5			150	150
1675	163	107			144	144
1676	5	21			150	150
1677	0	0			111	150
1678	2	22			150	150
1679	14	10			150	150
1680	3	9			150	150
1681	0	20			150	150
1682	0	0			150	150
1683	0	0			150	79
1684	16	17			150	150
1685	6	17			150	150
1686	38	7			150	150
1687	26	116			120	150
1688	1	15			125	150
1689	6	15			125	150
1690	0	15			127	150
1691	1	15			125	150
1692	3	12			131	125
1693	1	1			150	150
1694	12	11			150	150
1695	0	0			116	150
1696	7	2			150	150
1697	0	0			150	150
1698	0	2			150	150
1699	1	0			150	150
1700	0	3			150	150
1701	460	329			131	127
1702	0	0			150	150
1703	0	0			150	150
1704	154	107			150	141
1705	56	92			150	150
1706	1	0			127	150
1707	2	0			150	130
1708	0	32			133	150
1709	0	0			104	150
1710	0	0			132	150
1711	34	0			150	150
1712	51	71			150	150
1713	0	0			93	93
1714	0	0			93	150
1715	8	8			150	141
1716	9	2			150	150
1717	10	1			150	150
1718	10	35			150	149
1719	1	35			150	149
1720	22	81			150	150
1721	0	0			150	114
1722	0	0			150	114
1723	0	0			150	150
1724	0	0			150	150
1725	0	0			150	150
1726	0	2			150	150
1727	2	0			134	150
1728	2	0			134	150
1729	2	0			134	150
1730	0	0			150	150
1731	0	2			150	150
1732	0	0			150	150
1733	0	0			150	137
1734	0	0			150	137
1735	0	0			150	150
1736	2	40			150	150
1737	83	54			150	150
1738	30	438			150	150
1739	30	439			150	150
1740	0	0			150	150
1741	9	0			150	122
1742	0	59			150	150
1743	3	3			150	150
1744	17	23			114	150
1745	0	4			135	117
1746	0	4			108	117
1747	0	0			108	135
1748	0	0			108	135
1749	20	0			148	148
1750	244	432			150	131
1751	11	14			142	150
1752	5	14			120	150
1753	8	14			150	142
1754	0	11			120	142
1755	0	12			117	150
1756	8	12			120	150
1757	0	12			117	150
1758	0	12			120	150
1759	1	5			150	150
1760	2	10			150	150
1761	2	20			150	150
1762	2	0			150	150
1763	0	0			135	147
1764	87	119			150	150
1765	0	12			115	130
1766	0	22			115	130
1767	7	12			150	150
1768	0	0			150	150
1769	0	2			133	122
1770	0	2			133	150
1771	2	2			122	150
1772	8	2			150	150
1773	0	0			93	93
1774	7	19			121	150
1775	9	3			150	121
1776	1	18			123	150
1777	5	10			150	150
1778	16	5			150	117
1779	893	1279			150	150
1780	2	9			121	150
1781	9	10			150	150
1782	2	9			121	150
1783	0	0			84	84
1784	0	0			150	84
1785	0	0			150	84
1786	19	0			150	150
1787	33	55			147	147
1788	42	61			150	133
1789	1	0			150	150
1790	4	0			150	150
1791	18	10			150	150
1792	46	1			150	150
1793	31	29			139	150
1794	1	0			108	108
1795	0	0			150	150
1796	20	10			150	129
1797	16	15			129	150
1798	1	1			150	150
1799	9	20			150	150
1800	34	3			150	150
1801	71	105			150	150
1802	0	0			150	150
1803	43	42			150	150
1804	0	0			150	129
1805	82	75			148	150
1806	84	106			150	150
1807	47	84			150	150
1808	2	0			109	150
1809	13	14			150	150
1810	1	2			150	150
1811	0	0			126	150
1812	0	0			105	150
1813	30	51			142	150
1814	29	45			150	150
1815	0	0			150	150
1816	0	0			150	150
1817	0	0			150	150
1818	1	7			123	150
1819	0	1			93	93
1820	1	0			150	150
1821	28	40			142	136
1822	2	26			144	150
1823	1	0			150	150
1824	0	1			115	118
1825	22	10			150	123
1826	33	15			150	150
1827	20	13			150	150
1828	13	7			143	150
1829	0	0			150	150
1830	3	0			99	126
1831	0	0			99	102
1832	0	0			102	126
1833	0	0			102	129
1834	211	120			150	102
1835	133	143			150	150
1836	16	0			150	150
1837	148	112			150	150
1838	0	0			150	98
1839	0	0			150	98
1840	31	14			150	106
1841	4	5			139	150
1842	4	10			150	150
1843	40	72			150	150
1844	9	2			150	150
1845	0	6			84	150
1846	2	8			150	150
1847	0	4			150	150
1848	65	38			150	114
1849	49	20			135	141
1850	9	10			150	150
1851	0	0			147	127
1852	31	21			150	109
1853	45	2			142	150
1854	8	15			150	129
1855	0	0			102	99
1856	12	17			150	150
1857	3	114			97	150
1858	398	372			150	150
1859	16	96			150	150
1860	0	0			93	90
1861	0	36			102	150
1862	0	30			102	150
1863	114	105			150	150
1864	0	0			150	99
1865	0	12			148	78
1866	2	0			123	99
1867	11	3			150	142
1868	1	3			150	150
1869	25	25			150	150
1870	0	0			144	81
1871	0	0			120	150
1872	155	8			150	150
1873	14	4			101	150
1874	12	20			150	150
1875	0	0			108	96
1876	4	0			150	96
1877	4	0			150	108
1878	0	0			150	111
1879	1	26			150	150
1880	1	65			150	150
1881	1	65			150	150
1882	7	40			150	150
1883	8	10			150	150
1884	1	3			150	150
1885	0	0			125	150
1886	17	0			150	150
1887	0	0			150	150
1888	0	0			150	150
1889	70	0			150	97
1890	2	1			150	150
1891	3	0			150	117
1892	0	1			150	150
1893	0	0			150	150
1894	0	0			150	150
1895	0	0			150	150
1896	0	0			150	150
1897	0	0			150	150
1898	0	0			150	150
1899	0	0			150	150
1900	15	0			150	150
1901	0	0			150	150
1902	6	26			111	150
1903	158	211			150	150
1904	95	12			150	150
1905	95	144			150	150
1906	2	10			150	150
1907	0	0			87	87
1908	5	1			150	150
1909	13	54			150	150
1910	35	27			150	150
1911	96	2			150	150
1912	33	40			150	150
1913	0	0			150	150
1914	3	40			150	150
1915	5	70			150	150
1916	56	101			150	150
1917	67	85			150	133
1918	72	0			120	150
1919	56	3			150	131
1920	0	1			150	150
1921	1	1			150	150
1922	2	17			150	146
1923	0	17			150	146
1924	0	2			150	150
1925	32	36			150	150
1926	27	178			150	150
1927	28	178			150	150
1928	1	9			150	150
1929	0	13			150	150
1930	20	19			150	150
1931	8	3			150	147
1932	19	6			150	136
1933	22	13			150	150
1934	0	0			150	150
1935	13	0			150	150
1936	1	121			150	150
1937	33	46			150	124
1938	0	0			138	150
1939	0	0			138	150
1940	0	0			150	150
1941	0	0			150	138
1942	0	0			150	138
1943	2	1			150	150
1944	24	24			150	150
1945	0	0			139	150
1946	1	8			150	150
1947	1	0			150	150
1948	65	75			150	150
1949	75	89			150	150
1950	2	1			150	150
1951	1	2			108	150
1952	0	0			144	147
1953	0	0			150	150
1954	149	2			150	150
1955	10	3			150	150
1956	32	62			150	150
1957	0	0			83	77
1958	0	0			150	133
1959	0	0			150	150
1960	0	0			150	87
1961	0	0			87	150
1962	0	0			150	150
1963	89	75			149	150
1964	2863	4854			150	150
1965	10	19			150	150
1966	33	21			150	150
1967	21	26			150	150
1968	13	1			150	114
1969	16	9			150	150
1970	45	338			150	136
1971	1854	1546			150	150
1972	0	10			118	150
1973	47	56			150	150
1974	0	0			150	150
1975	136	171			150	150
1976	9	15			150	150
1977	13	26			150	150
1978	2	8			150	150
1979	2	9			150	150
1980	2	0			150	150
1981	22	27			150	150
1982	4	18			150	150
1983	12	36			150	150
1984	12	34			150	150
1985	0	1			150	141
1986	2	1			150	150
1987	0	0			123	150
1988	7	1			150	150
1989	0	1			150	150
1990	0	0			150	129
1991	1	10			150	150
1992	0	0			125	150
1993	57	107			150	150
1994	1	21			150	150
1995	4	0			150	129
1996	112	33			150	150
1997	0	0			150	133
1998	4	143			150	149
1999	11	291			150	149
2000	0	1			129	150
2001	86	89			150	150
2002	61	118			126	150
2003	0	0			130	150
2004	0	0			93	150
2005	107	150			150	150
2006	1	0			150	150
2007	4	0			150	150
2008	4	1			150	150
2009	13	3			148	150
2010	9	9			150	148
2011	5	4			150	126
2012	1	2			120	90
2013	1	0			120	90
2014	2	0			90	90
2015	8	17			150	144
2016	0	0			150	98
2017	0	0			150	98
2018	1	58			150	150
2019	0	58			109	150
2020	0	1			109	150
2021	8	78			150	150
2022	8	32			150	150
2023	2	5			150	150
2024	2	1			150	150
2025	6	0			135	149
2026	1	0			150	135
2027	373	6			108	111
2028	2	1			143	134
2029	53	144			150	150
2030	47	61			150	150
2031	1	4			150	150
2032	0	0			150	140
2033	51	8			150	150
2034	61	54			150	150
2035	30	0			150	149
2036	30	34			150	150
2037	0	32			149	150
2038	45	97			128	150
2039	71	105			150	150
2040	53	78			150	150
2041	0	0			150	150
2042	2	82			150	150
2043	2	82			150	150
2044	2	82			150	150
2045	0	0			150	150
2046	0	0			150	150
2047	0	0			150	150
2048	0	0			150	150
2049	0	0			150	150
2050	0	0			150	150
2051	0	0			150	150
2052	0	0			150	150
2053	0	0			150	150
2054	60	75			149	150
2055	1	0			150	134
2056	85	6			150	150
2057	85	2			150	150
2058	2	2			147	150
2059	0	1			150	150
2060	0	1			150	150
2061	83	0			150	87
2062	9	0			87	87
2063	3	3			138	150
2064	3	3			138	150
2065	0	3			150	150
2066	0	3			150	138
2067	0	3			150	138
2068	42	79			150	150
2069	173	277			150	150
2070	0	0			150	150
2071	54	97			150	150
2072	0	13			150	150
2073	11	0			150	150
2074	6	0			150	150
2075	343	0			150	77
2076	0	1			150	150
2077	0	0			127	127
2078	0	0			150	150
2079	0	1			127	127
2080	0	1			127	127
2081	0	0			127	127
2082	0	71			150	150
2083	0	0			150	126
2084	4	7			150	150
2085	2	0			150	150
2086	5	4			147	150
2087	5	0			135	150
2088	5	0			150	150
2089	4	1			150	150
2090	7	29			116	150
2091	71	0			87	87
2092	71	0			87	150
2093	0	0			150	103
2094	0	0			150	150
2095	1	1			112	150
2096	96	70			150	130
2097	11	15			150	116
2098	15	15			150	116
2099	11	30			150	150
2100	15	30			150	150
2101	785	1097			150	150
2102	106	111			150	150
2103	0	5			102	99
2104	2	0			150	150
2105	4	1			150	106
2106	5	0			129	141
2107	0	0			150	150
2108	1	0			150	150
2109	0	0			150	150
2110	6	16			119	150
2111	4	1			150	150
2112	0	0			136	150
2113	0	0			150	150
2114	0	1			150	150
2115	13	10			150	114
2116	0	288			111	121
2117	80	93			141	150
2118	0	0			150	150
2119	40	94			141	150
2120	48	131			150	150
2121	0	0			99	99
2122	4	0			134	99
2123	28	2			150	134
2124	12	0			150	134
2125	0	0			150	150
2126	0	8			83	83
2127	3	0			83	110
2128	3	0			83	83
2129	0	0			110	83
2130	9	0			132	141
2131	0	16			99	99
2132	1	25			120	117
2133	14	4			150	150
2134	0	11			92	95
2135	10	41			126	130
2136	22	21			150	102
2137	78	984			150	150
2138	0	4			150	150
2139	252	140			150	92
2140	103	140			150	92
2141	0	0			111	150
2142	9	25			150	150
2143	24	0			150	108
2144	0	0			147	150
2145	0	0			129	150
2146	0	0			129	150
2147	0	0			129	150
2148	0	1			129	150
2149	0	0			129	150
2150	0	0			150	150
2151	0	1			150	150
2152	0	0			150	150
2153	0	0			150	150
2154	0	1			150	150
2155	0	0			150	150
2156	0	0			150	150
2157	1	0			150	150
2158	0	0			150	150
2159	0	0			150	123
2160	275	243			150	147
2161	6	8			150	150
2162	0	0			150	150
2163	0	1			150	150
2164	8	55			150	138
2165	2	2			150	146
2166	0	48			150	150
2167	7	20			109	143
2168	30	45			150	150
2169	2	86			139	148
2170	0	0			150	144
2171	0	0			150	150
2172	42	68			150	147
2173	146	204			150	150
2174	76	84			150	150
2175	0	0			150	111
2176	0	2			150	150
2177	1	3			150	150
2178	5	0			150	120
2179	5	2			150	150
2180	2	0			150	117
2181	9	115			150	150
2182	1	128			129	150
2183	9	1			150	150
2184	0	0			150	109
2185	0	0			94	94
2186	63	243			150	150
2187	6	7			150	150
2188	6	9			150	150
2189	102	9			150	150
2190	102	6			150	150
2191	0	0			121	133
2192	13	5			145	150
2193	6	8			145	150
2194	0	0			126	150
2195	52	96			150	150
2196	0	0			119	150
2197	0	0			150	99
2198	0	0			116	99
2199	0	0			116	150
2200	0	0			150	150
2201	0	0			150	150
2202	11	0			150	150
2203	154	158			150	150
2204	2	1			150	150
2205	9	1			150	150
2206	0	57			150	150
2207	0	57			150	150
2208	56	43			150	150
2209	3	23			150	150
2210	1	2			150	149
2211	150	254			150	150
2212	0	9			150	150
2213	7	1			135	135
2214	5	6			150	150
2215	4	1			150	108
2216	1	2			150	150
2217	20	36			150	150
2218	0	0			150	150
2219	8	4			150	111
2220	0	3			150	138
2221	0	1			150	150
2222	10	10			150	150
2223	57	10			150	150
2224	0	0			123	150
2225	0	0			143	137
2226	0	0			150	150
2227	31	50			150	150
2228	1	5			78	78
2229	0	1			93	93
2230	0	12			150	150
2231	58	59			150	150
2232	84	0			150	150
2233	0	0			90	78
2234	0	0			117	78
2235	2	1			150	150
2236	24	62			130	150
2237	6	17			150	150
2238	16	1			150	150
2239	4	11			150	150
2240	56	55			150	150
2241	104	0			150	150
2242	16	2			150	150
2243	1	4			150	150
2244	2	1			150	150
2245	0	0			127	150
2246	4	0			150	150
2247	0	0			150	150
2248	3	2			150	150
2249	63	55			150	150
2250	0	0			150	150
2251	35	0			150	150
2252	20	18			150	150
2253	6	8			150	150
2254	14	8			150	137
2255	27	5			150	113
2256	34	5			150	113
2257	24	7			150	113
2258	3	0			150	150
2259	0	0			150	150
2260	3	6			150	150
2261	1	3			125	150
2262	4	20			150	150
2263	39	30			150	150
2264	24	35			150	150
2265	6	1			150	150
2266	6	1			150	150
2267	0	10			150	150
2268	40	52			150	150
2269	19	22			150	150
2270	21	0			150	78
2271	7	8			124	117
2272	0	0			150	150
2273	3	1			132	120
2274	1	1			141	138
2275	0	6			93	93
2276	0	2			90	150
2277	1	1			150	150
2278	0	9			131	141
2279	5	0			150	96
2280	81	120			150	150
2281	2	2			150	150
2282	1	4			150	150
2283	0	17			150	150
2284	0	4			150	150
2285	0	0			150	150
2286	0	0			150	150
2287	0	0			150	150
2288	14	16			150	150
2289	6	11			81	150
2290	21	41			147	150
2291	0	0			150	150
2292	1	4			150	150
2293	73	98			150	150
2294	68	71			150	150
2295	0	1			145	150
2296	0	3			130	150
2297	66	72			150	150
2298	0	0			138	120
2299	34	8			150	127
2300	5	5			119	125
2301	0	1			150	150
2302	73	51			150	150
2303	0	0			81	81
2304	0	0			150	150
2305	40	44			150	150
2306	69	91			150	150
2307	2	0			150	150
2308	80	139			150	150
2309	0	0			150	150
2310	1	34			150	115
2311	45	26			150	150
2312	39	25			150	150
2313	0	0			145	150
2314	94	64			150	150
2315	18	0			150	144
2316	0	2			123	150
2317	0	0			93	93
2318	0	0			150	137
2319	7	3			150	150
2320	6	12			150	135
2321	0	0			150	133
2322	0	0			133	150
2323	220	370			150	150
2324	106	110			150	150
2325	9	6			150	121
2326	5	2			126	126
2327	1	4			126	138
2328	33	4			150	150
2329	2	4			149	150
2330	2	33			149	150
2331	7	33			150	150
2332	27	46			138	150
2333	12	4			150	150
2334	5	3			150	150
2335	27	62			150	150
2336	27	19			150	150
2337	30	16			150	117
2338	20	34			150	150
2339	72	89			146	149
2340	43	238			150	150
2341	3	3			150	129
2342	202	199			150	150
2343	0	0			150	150
2344	8	7			150	150
2345	59	84			150	150
2346	118	90			150	150
2347	0	0			150	150
2348	30	33			142	113
2349	51	48			150	150
2350	3	10			150	150
2351	0	0			150	150
2352	9	13			150	150
2353	1	4			150	150
2354	75	2			150	150
2355	1	0			150	125
2356	25	34			150	150
2357	1	0			150	150
2358	31	0			150	150
2359	31	1			150	150
2360	410	995			150	150
2361	136	578			147	150
2362	0	0			150	98
2363	0	0			150	98
2364	1	0			150	150
2365	0	0			150	150
2366	0	0			150	150
2367	0	0			150	150
2368	0	0			150	150
2369	0	0			150	114
2370	5	11			150	150
2371	21	20			150	150
2372	17	15			137	150
2373	17	7			137	150
2374	271	321			150	150
2375	0	0			123	150
2376	172	144			150	150
2377	120	119			137	150
2378	1	0			96	99
2379	0	0			150	150
2380	0	0			150	125
2381	53	91			150	150
2382	36	62			150	150
2383	12	39			150	150
2384	4	1			147	147
2385	1	1			147	147
2386	0	3			150	150
2387	3	6			150	150
2388	1	0			150	150
2389	3	0			150	150
2390	0	0			94	94
2391	0	0			87	87
2392	0	0			87	87
2393	0	0			87	87
2394	0	0			150	150
2395	8	15			150	150
2396	18	12			150	150
2397	109	0			150	150
2398	11	11			138	150
2399	5	6			150	150
2400	13	0			150	150
2401	10	0			150	150
2402	0	0			150	150
2403	0	0			141	150
2404	0	0			141	150
2405	7	15			150	150
2406	3	8			150	144
2407	149	0			150	150
2408	1	0			150	150
2409	1	44			150	146
2410	1	33			150	137
2411	0	44			150	146
2412	0	33			150	137
2413	2	2			150	147
2414	0	0			123	150
2415	5	8			138	150
2416	18	11			150	129
2417	1	3			150	150
2418	0	1			150	150
2419	0	0			150	150
2420	1	0			150	150
2421	35	32			150	150
2422	678	33			145	147
2423	446	870			145	150
2424	135	294			150	147
2425	135	94			150	150
2426	7	461			146	147
2427	0	0			150	150
2428	64	13			150	150
2429	2	0			150	150
2430	2	0			150	150
2431	0	0			150	150
2432	21	13			150	150
2433	35	17			150	129
2434	12	18			150	150
2435	58	102			150	150
2436	1	102			144	150
2437	58	103			150	150
2438	41	71			131	150
2439	0	36			125	122
2440	27	175			150	150
2441	6	86			129	150
2442	3	8			150	150
2443	106	119			150	150
2444	0	0			109	143
2445	0	0			150	150
2446	0	0			150	150
2447	0	0			150	150
2448	3	1			126	148
2449	4	1			126	148
2450	4	6			126	148
2451	1	6			148	148
2452	5	2			148	148
2453	17	18			150	150
2454	1	525			102	150
2455	30	7			150	104
2456	13	10			150	150
2457	152	295			150	150
2458	81	175			150	150
2459	3	1			150	150
2460	15	0			150	150
2461	13	44			150	150
2462	29	166			120	117
2463	70	53			146	131
2464	0	0			150	150
2465	0	0			150	150
2466	0	0			150	150
2467	32	28			150	123
2468	32	22			150	118
2469	21	20			138	150
2470	31	49			150	127
2471	0	49			150	150
2472	91	115			150	150
2473	8	5			150	150
2474	1	6			150	150
2475	0	0			140	150
2476	0	0			123	140
2477	121	303			150	150
2478	0	0			150	150
2479	29	46			150	150
2480	0	0			123	150
2481	9	12			150	150
2482	34	28			150	150
2483	174	235			150	138
2484	190	212			150	150
2485	111	155			145	136
2486	0	5			147	150
2487	248	777			134	150
2488	11	1			150	150
2489	5	1			150	150
2490	10	2			150	150
2491	4	2			130	150
2492	51	2			150	150
2493	51	10			150	150
2494	51	4			150	130
2495	48	3			150	103
2496	0	24			150	150
2497	2	9			150	150
2498	0	5			142	116
2499	0	0			150	150
2500	10	34			110	150
2501	22	23			150	122
2502	0	0			150	148
2503	15	59			150	150
2504	19	153			150	150
2505	18	153			150	150
2506	13	0			150	150
2507	0	0			150	150
2508	4	5			150	150
2509	15	5			126	150
2510	1	0			150	150
2511	21	39			150	150
2512	40	18			150	139
2513	3	0			150	150
2514	2	0			150	150
2515	118	152			150	149
2516	8	151			150	149
2517	245	2			150	150
2518	3	23			150	150
2519	17	19			150	150
2520	18	69			150	150
2521	0	0			96	102
2522	0	1			96	96
2523	139	50			150	150
2524	113	43			146	127
2525	108	1			87	87
2526	0	0			150	150
2527	0	0			150	150
2528	0	0			132	150
2529	0	0			150	150
2530	2	4			150	121
2531	0	0			109	150
2532	1	9			150	150
2533	0	9			150	150
2534	0	9			150	150
2535	0	9			150	150
2536	0	1			150	150
2537	0	1			150	150
2538	0	1			150	150
2539	0	0			150	150
2540	0	0			150	150
2541	0	0			150	150
2542	3	8			150	150
2543	0	0			123	150
2544	87	153			136	150
2545	20	58			150	150
2546	4	2			150	150
2547	0	0			90	150
2548	14	15			150	150
2549	0	0			129	129
2550	6	82			150	150
2551	0	0			78	78
2552	0	0			78	78
2553	0	0			78	78
2554	0	0			150	150
2555	3	0			150	150
2556	0	0			150	150
2557	34	50			150	150
2558	0	0			96	150
2559	0	0			150	147
2560	74	32			150	150
2561	1	3			150	147
2562	6	6			141	135
2563	33	65			128	146
2564	3	0			150	150
2565	11	0			150	108
2566	2	4			150	150
2567	0	2			150	150
2568	34	87			150	150
2569	2	8			125	150
2570	2	2			150	150
2571	40	14			150	105
2572	13	14			117	105
2573	2	15			150	148
2574	45	78			150	150
2575	1	255			150	150
2576	53	300			150	150
2577	639	468			150	150
2578	83	73			150	129
2579	95	111			150	150
2580	19	18			101	130
2581	21	33			150	150
2582	5	33			150	150
2583	86	1			150	150
2584	36	37			150	150
2585	35	3			150	150
2586	31	52			127	150
2587	0	205			119	150
2588	0	0			150	150
2589	0	0			123	150
2590	0	0			150	150
2591	236	314			150	150
2592	5	0			150	132
2593	37	79			150	150
2594	131	79			150	150
2595	0	0			138	150
2596	1	69			150	101
2597	2	23			150	101
2598	2	87			101	150
2599	0	0			150	150
2600	0	0			150	150
2601	0	0			150	150
2602	0	0			148	150
2603	0	0			150	150
2604	0	0			138	140
2605	0	0			150	150
2606	0	0			128	150
2607	0	0			150	150
2608	7	1			150	98
2609	7	3			150	98
2610	14	40			150	150
2611	64	3			150	150
2612	64	62			150	150
2613	34	69			150	150
2614	34	17			150	150
2615	41	92			150	150
2616	7	8			147	141
2617	9	19			150	150
2618	188	87			150	129
2619	4	0			96	96
2620	40	32			150	150
2621	31	73			128	112
2622	1	91			150	128
2623	306	512			150	150
2624	7	32			123	146
2625	20	15			141	123
2626	7	8			129	149
2627	1	4			150	139
2628	2	3			150	150
2629	2	3			150	150
2630	236	84			140	150
2631	26	20			150	150
2632	89	138			150	150
2633	0	0			147	141
2634	3	0			150	150
2635	3919	5680			150	150
2636	286	438			150	150
2637	19	1			150	150
2638	0	2			150	130
2639	17	21			150	150
2640	149	163			150	147
2641	0	0			150	150
2642	1	0			150	150
2643	0	3			110	150
2644	0	0			150	150
2645	6	17			125	150
2646	11	20			150	150
2647	0	0			150	114
2648	0	0			102	132
2649	84	142			150	150
2650	4	18			150	150
2651	0	0			150	150
2652	5	8			150	150
2653	0	1			150	150
2654	1	12			150	150
2655	23	0			150	116
2656	13	0			132	116
2657	0	27			150	150
2658	7	15			120	144
2659	112	374			150	144
2660	0	29			81	150
2661	34	21			150	150
2662	0	2			150	135
2663	1	0			132	150
2664	1	1			150	147
2665	0	0			145	150
2666	417	586			150	150
2667	0	5			150	150
2668	12	56			150	150
2669	1	9			150	150
2670	5	1			116	150
2671	6	1			87	150
2672	0	0			150	103
2673	0	0			150	150
2674	0	0			150	150
2675	43	61			150	150
2676	3	24			150	100
2677	1	0			150	150
2678	0	4			150	128
2679	0	0			150	150
2680	0	0			150	148
2681	0	0			150	150
2682	0	1			150	112
2683	0	0			150	150
2684	39	0			145	150
2685	1	5			150	150
2686	0	0			105	147
