ID	IJC_SAMPLE_1	SJC_SAMPLE_1	IJC_SAMPLE_2	SJC_SAMPLE_2	IncFormLen	SkipFormLen
0	0	0			247	137
1	0	0			367	137
2	0	0			367	247
3	0	0			168	98
4	0	0			168	98
5	0	0			138	255
6	0	0			138	255
7	0	0			153	255
8	0	0			153	138
9	0	0			153	138
10	0	0			247	137
11	0	0			367	137
12	0	0			367	247
13	0	0			138	255
14	0	0			138	255
15	0	0			153	255
16	0	0			153	138
17	0	0			153	138
18	0	0			123	165
19	0	0			247	137
20	0	0			367	137
21	0	0			367	247
22	0	0			138	255
23	0	0			138	255
24	0	0			153	255
25	0	0			153	138
26	0	0			153	138
27	0	0			174	214
28	0	0			224	108
29	0	0			192	111
30	0	0			123	165
31	0	0			247	137
32	0	0			367	137
33	0	0			367	247
34	0	0			138	255
35	0	0			138	255
36	0	0			153	255
37	0	0			153	138
38	0	0			153	138
39	0	0			123	165
40	0	0			247	137
41	0	0			367	137
42	0	0			367	247
43	0	0			168	98
44	0	0			168	98
45	0	0			192	111
46	0	0			179	259
47	0	0			259	333
48	0	0			193	192
49	0	0			147	141
50	0	0			218	103
51	0	0			360	151
52	0	0			193	192
53	0	0			111	153
54	0	0			218	103
55	0	0			360	151
56	0	0			147	141
57	0	0			218	103
58	0	0			360	151
59	0	0			193	192
60	0	0			147	141
61	0	0			111	153
62	0	0			193	192
63	0	0			147	141
64	0	0			372	372
65	0	0			218	103
66	0	0			360	151
67	0	0			84	102
68	0	0			148	226
69	0	0			165	238
70	0	0			231	174
71	0	0			141	312
72	0	0			138	297
73	0	0			1374	252
74	0	0			99	126
75	0	0			99	102
76	0	0			102	126
77	0	0			102	129
78	0	0			170	186
79	0	0			206	217
80	0	0			230	203
81	0	0			403	121
82	0	0			182	177
83	0	0			284	177
84	0	0			172	246
85	0	0			172	153
86	0	0			232	211
87	0	0			232	170
88	0	0			190	183
89	0	0			166	291
90	0	0			160	108
91	0	0			126	179
92	0	0			218	103
93	0	0			360	151
94	0	0			173	173
95	0	0			372	372
96	3	1			210	165
97	0	0			123	165
98	3	2			106	170
99	0	0			420	238
100	35	59			136	153
101	24	145			138	297
102	279	141			223	140
103	5	10			170	186
104	0	0			193	192
105	0	0			192	111
106	2	2			164	137
107	0	0			231	231
108	0	6			194	457
109	0	55			115	205
110	10	0			111	105
111	1	0			217	183
112	0	0			193	114
113	2	13			213	123
114	0	9			184	222
115	24	34			206	217
116	42	0			175	121
117	27	1			175	121
118	574	0			1266	192
119	5	0			93	90
120	7	12			210	231
121	2	15			144	111
122	0	0			93	93
123	108	46			211	161
124	1	0			206	126
125	1	0			206	235
126	0	0			126	235
127	29	29			130	171
128	199	18			153	210
129	4	0			175	160
130	24	61			123	140
131	7	10			211	172
132	0	0			420	238
133	32	16			252	146
134	0	61			188	185
135	183	83			355	158
136	24	219			262	738
137	43	82			163	207
138	0	12			136	168
139	0	6			182	221
140	0	10			167	212
141	16	39			142	227
142	149	2			2424	234
143	3	0			167	195
144	16	0			215	169
145	264	194			155	137
146	43	2			115	118
147	74	112			182	215
148	83	19			154	146
149	48	102			165	220
150	48	102			170	220
151	28	0			223	434
152	17	0			223	113
153	28	0			223	113
154	17	2			282	254
155	14	4			177	151
156	12	13			166	143
157	9	78			146	229
158	31	66			146	153
159	2	2			153	119
160	2	56			153	130
161	48	0			153	119
162	2	56			119	130
163	3	73			119	146
164	39	73			119	146
165	0	137			154	255
166	98	79			255	130
167	1	87			146	160
168	3	142			121	204
169	2	145			121	204
170	17	145			175	204
171	22	145			180	204
172	17	2			175	121
173	22	2			180	121
174	9	26			147	144
175	0	1			175	215
176	0	0			185	133
177	6	6			129	148
178	28	71			148	194
179	2	8			1030	221
180	0	8			197	221
181	60	29			254	254
182	6	49			199	233
183	165	76			243	143
184	480	808			172	145
185	161	802			172	145
186	0	0			141	175
187	6	4			219	184
188	335	66			243	132
189	46	96			191	294
190	30	110			289	243
191	49	110			211	243
192	1	3			300	144
193	21	11			243	141
194	13	11			117	141
195	13	21			117	243
196	0	2			146	203
197	50	183			190	197
198	2	0			222	207
199	0	0			645	198
200	0	0			123	182
201	26	72			193	225
202	145	259			255	318
203	2	145			155	164
204	0	12			232	266
205	1	1			357	155
206	247	137			148	230
207	54	179			218	204
208	0	3			151	192
209	60	122			148	123
210	36	116			113	166
211	0	0			141	139
212	0	0			163	118
213	1280	58			161	222
214	1280	108			161	278
215	0	0			183	168
216	0	1			150	222
217	16	4			319	319
218	5	4			192	122
219	204	283			211	221
220	2	2			193	193
221	11	1			106	226
222	8	15			106	216
223	0	4			97	97
224	0	0			111	153
225	0	0			218	103
226	0	0			360	151
227	10	9			247	177
228	63	108			214	254
229	0	0			249	373
230	0	0			136	229
231	1	0			147	229
232	47	77			133	243
233	85	94			207	143
234	72	11			451	197
235	0	0			148	198
236	328	488			163	162
237	301	23			161	161
238	881	22			156	141
239	1	8			268	366
240	2	8			314	366
241	273	57			237	134
242	13	36			240	240
243	56	46			164	136
244	49	0			213	120
245	47	172			260	454
246	24	198			197	159
247	0	7			200	195
248	0	10			200	250
249	4	1			124	121
250	2	2			153	157
251	547	679			168	117
252	225	754			166	253
253	0	3			122	119
254	42	113			140	186
255	140	16			186	151
256	306	781			237	269
257	90	140			202	195
258	1	0			171	118
259	83	2			328	174
260	88	3			85	85
261	0	3			173	206
262	0	0			143	143
263	0	0			103	143
264	6	6			299	249
265	26	327			163	393
266	0	0			172	172
267	73	1			138	193
268	61	112			133	181
269	505	5			192	265
270	322	159			271	143
271	2	15			164	202
272	13	18			137	236
273	10	6			295	202
274	3	21			230	202
275	0	0			157	265
276	2	0			269	265
277	2	0			269	157
278	11	19			162	230
279	26	4			206	187
280	23	10			206	167
281	16	4			202	187
282	13	10			202	167
283	11	0			133	102
284	139	183			311	299
285	139	220			311	302
286	241	169			163	150
287	0	0			248	173
288	89	220			238	242
289	295	411			238	276
290	85	168			192	306
291	0	0			163	132
292	53	24			158	158
293	80	139			144	243
294	0	1			166	291
295	0	0			190	183
296	0	0			232	170
297	0	0			232	211
298	46	9			397	200
299	0	0			202	226
300	0	0			166	226
301	0	0			125	143
302	0	0			202	204
303	0	0			223	202
304	0	0			166	202
305	1	0			207	202
306	0	5			373	300
307	0	0			167	136
308	0	2			116	199
309	0	0			123	232
310	0	1			204	213
311	28	55			199	141
312	15	32			174	172
313	54	18			153	270
314	0	0			194	190
315	0	0			216	190
316	4	0			241	190
317	3	0			199	190
318	6	0			241	211
319	0	0			216	194
320	4	0			241	194
321	3	0			199	194
322	4	0			241	216
323	3	0			199	216
324	3	4			199	241
325	3	3			199	241
326	23	60			145	172
327	6	5			447	185
328	6	3			447	189
329	2	27			185	159
330	208	76			257	122
331	103	264			219	324
332	4	1			150	198
333	3	0			150	174
334	0	0			158	189
335	0	0			202	121
336	341	221			205	175
337	103	187			117	205
338	86	387			117	205
339	10	27			250	177
340	18	21			160	108
341	16	46			108	180
342	115	279			122	165
343	25	86			117	149
344	0	8			131	125
345	224	5			185	173
346	136	5			160	173
347	1	12			149	180
348	6	198			124	180
349	6	3			148	154
350	0	0			174	214
351	5	2			214	179
352	46	64			168	144
353	46	169			168	228
354	3	6			165	155
355	56	28			261	156
356	1234	745			241	172
357	6	4			168	193
358	12	23			138	158
359	0	1			120	120
360	1	1			133	150
361	22	0			183	114
362	128	99			224	165
363	77	2			268	134
364	5	4			127	126
365	1	7			184	252
366	6	31			129	204
367	4	0			268	123
368	6	0			150	215
369	3	0			201	170
370	0	1			129	153
371	120	72			188	144
372	31	43			195	196
373	46	40			204	196
374	0	122			100	100
375	20	61			119	180
376	19	0			127	119
377	5	2			230	95
378	4	2			174	96
379	0	0			135	177
380	3	10			167	155
381	13	9			222	159
382	4	0			198	187
383	157	138			167	141
384	0	0			166	295
385	14	28			155	224
386	22	8			224	187
387	6	13			165	251
388	6	0			176	142
389	22	4			250	176
390	5	5			167	176
391	8	0			199	138
392	8	1			199	147
393	0	1			138	147
394	23	105			123	227
395	0	0			167	167
396	62	53			243	177
397	35	53			219	177
398	1	6			250	229
399	31	43			151	196
400	4	268			117	271
401	165	222			171	171
402	0	0			450	651
403	16	0			176	133
404	0	0			108	135
405	121	117			252	183
406	359	974			154	282
407	22	181			172	209
408	5	5			337	200
409	5	5			337	196
410	39	104			302	148
411	4	5			202	159
412	5	11			171	198
413	102	1			140	178
414	28	76			114	246
415	22	44			135	102
416	1	884			145	244
417	338	884			188	244
418	53	88			160	263
419	101	51			181	181
420	13	13			189	249
421	8	7			179	249
422	7	7			182	249
423	13	17			189	189
424	8	11			179	189
425	7	11			182	189
426	163	65			192	166
427	28	15			284	192
428	138	150			121	135
429	155	328			135	152
430	0	0			430	150
431	0	0			163	366
432	0	0			197	104
433	6	0			182	151
434	0	5			197	273
435	75	51			198	191
436	3	58			95	156
437	0	0			177	177
438	25	46			220	221
439	26	46			201	221
440	0	2			84	84
441	37	40			211	168
442	14	11			328	200
443	336	188			250	137
444	140	376			168	250
445	36	40			231	220
446	26	403			102	201
447	2	28			128	243
448	18	2			187	128
449	443	661			200	199
450	44	52			234	171
451	6	108			156	135
452	17	44			150	129
453	0	20			147	147
454	17	58			129	181
455	8	36			214	278
456	12	36			212	278
457	12	8			212	214
458	54	0			286	133
459	0	0			244	174
460	3	5			189	228
461	66	53			284	146
462	66	46			284	218
463	1777	2235			195	280
464	3523	335			215	159
465	1	1			226	197
466	15	30			197	207
467	7	105			166	166
468	342	1578			182	205
469	1022	1578			179	205
470	9	1			168	168
471	275	1			363	168
472	275	9			363	168
473	341	10			127	229
474	86	5			207	161
475	48	2			197	200
476	50	58			147	155
477	75	59			172	155
478	1	0			260	258
479	14	0			207	161
480	10	35			162	255
481	925	49			147	245
482	39	0			321	84
483	82	0			516	84
484	26	63			205	462
485	10	23			173	340
486	6	6			210	207
487	541	1016			166	194
488	0	2			191	195
489	0	3			145	220
490	0	6			145	671
491	108	365			301	238
492	125	50			185	141
493	5	19			126	177
494	0	25			200	227
495	4	27			160	255
496	125	110			205	172
497	2	0			185	189
498	104	216			175	289
499	44	60			193	206
500	0	0			179	119
501	1	0			79	82
502	4	0			214	214
503	2	35			220	368
504	14	3			704	197
505	0	3			253	197
506	1	21			108	144
507	1	2			108	102
508	0	0			78	255
509	28	325			186	205
510	28	189			186	233
511	29	10			176	111
512	9	15			111	161
513	25	108			120	162
514	12	12			162	198
515	14	16			154	213
516	67	137			127	193
517	10	0			113	137
518	320	304			225	195
519	55	328			118	238
520	342	266			238	153
521	62	176			250	239
522	185	78			267	150
523	1	1			216	192
524	414	235			265	182
525	491	23			265	156
526	0	0			158	125
527	94	366			148	259
528	3	1			249	246
529	6	0			246	81
530	0	0			138	236
531	0	0			159	168
532	0	0			159	162
533	0	0			168	162
534	1	0			192	196
535	0	0			354	354
536	8	40			198	203
537	524	375			201	201
538	343	764			151	151
539	24	1			149	137
540	40	46			161	164
541	0	0			98	98
542	0	0			81	81
543	18	2			128	132
544	0	0			168	105
545	0	0			117	105
546	0	0			196	193
547	0	0			171	171
548	196	271			229	308
549	8	54			198	132
550	12	3			198	292
551	5	1			163	215
552	17	38			147	144
553	11	13			147	261
554	4	8			233	192
555	2	24			212	237
556	7	23			133	147
557	22	41			147	207
558	129	246			178	205
559	0	5			236	197
560	29	44			114	149
561	0	0			147	141
562	1	2			207	161
563	0	0			157	146
564	9	0			84	84
565	32	41			190	251
566	61	99			243	237
567	2	7			204	750
568	11	14			196	151
569	23	0			692	190
570	8	3			196	163
571	38	18			144	108
572	101	92			178	159
573	0	0			225	141
574	0	0			260	455
575	87	35			192	130
576	88	93			192	185
577	88	140			192	243
578	19	14			240	181
579	19	11			240	115
580	24	24			237	140
581	54	24			204	140
582	6	0			176	198
583	54	83			192	267
584	0	0			171	231
585	8	0			126	270
586	12	97			156	180
587	0	0			221	170
588	18	40			208	120
589	1	6			153	135
590	6	0			96	96
591	37	12			190	116
592	274	79			231	150
593	281	22			231	150
594	0	0			160	173
595	0	1			129	137
596	20	7			219	204
597	170	1			100	100
598	5	9			279	234
599	2	10			318	421
600	0	2			318	318
601	26	4			222	114
602	35	93			156	201
603	1	0			172	125
604	0	0			193	192
605	22	14			180	147
606	0	2			200	142
607	2	0			142	194
608	1	0			142	111
609	0	0			182	179
610	5	8			133	168
611	13	0			168	114
612	10	37			137	183
613	0	0			252	180
614	29	39			230	203
615	0	6			168	246
616	2	2			174	200
617	1	0			226	148
618	1	0			165	153
619	0	6			103	183
620	2	6			186	216
621	0	17			76	211
622	1	0			138	195
623	0	0			186	194
624	18	74			143	250
625	105	97			134	126
626	25	6			168	105
627	7	0			163	138
628	147	0			243	138
629	147	7			243	163
630	0	0			110	127
631	0	0			126	180
632	61	55			245	162
633	178	205			201	228
634	9	0			125	195
635	0	0			530	142
636	16	11			251	242
637	7	10			245	189
638	164	281			247	376
639	3	2			143	284
640	0	17			141	255
641	903	340			164	105
642	0	0			123	99
643	19	22			141	140
644	0	22			211	214
645	0	0			198	131
646	0	0			193	192
647	14	23			155	179
648	0	3			191	732
649	10	17			166	178
650	12	37			166	178
651	257	678			224	304
652	33	33			126	170
653	52	67			210	234
654	47	53			225	210
655	10	12			182	148
656	45	46			594	412
657	4	16			290	256
658	4	12			290	255
659	29	29			211	166
660	0	2			120	208
661	2	4			147	354
662	0	0			168	202
663	0	0			135	237
664	18	17			211	151
665	0	0			169	126
666	0	16			121	144
667	45	52			243	110
668	42	3			223	147
669	0	0			262	317
670	99	7			227	215
671	737	149			960	177
672	4872	16160			222	261
673	34	20			176	192
674	34	17			176	138
675	44	20			228	138
676	3	11			114	170
677	23	1			120	132
678	42	35			257	221
679	3	88			213	234
680	1	90			168	248
681	5	77			151	146
682	51	1			255	168
683	52	1			291	168
684	4	53			143	185
685	7	24			269	142
686	35	31			225	324
687	28	31			180	324
688	28	39			180	324
689	46	0			218	90
690	0	0			81	81
691	113	48			177	146
692	2	1			195	179
693	12	0			178	183
694	6	0			197	183
695	6	12			197	178
696	0	0			233	102
697	1	1			111	114
698	2	12			134	118
699	19	399			270	314
700	0	0			197	159
701	0	0			316	197
702	3	0			239	316
703	1	0			87	84
704	2	0			255	147
705	2	0			255	150
706	1	0			183	150
707	26	135			173	193
708	0	0			142	106
709	125	105			241	215
710	93	1			83	83
711	6	4			200	196
712	1	0			138	105
713	0	0			84	84
714	25	59			243	252
715	49	1			92	92
716	0	2			99	99
717	0	0			208	211
718	2	0			206	144
719	2	0			206	167
720	0	0			144	167
721	30	54			214	286
722	5	2			262	299
723	5	2			262	133
724	5	0			262	236
725	2	0			299	236
726	2	0			133	236
727	5	0			278	195
728	3	0			274	191
729	64	114			132	216
730	182	59			216	219
731	2	5			178	109
732	0	0			186	358
733	0	0			186	186
734	6	133			157	211
735	30	36			274	197
736	493	5			185	197
737	224	401			211	243
738	40	82			171	182
739	49	61			183	141
740	7	6			158	238
741	128	151			227	198
742	60	21			125	136
743	228	1			286	128
744	84	31			207	195
745	215	12			185	249
746	325	163			147	185
747	25	2			279	132
748	1	2			173	132
749	1	25			173	279
750	4	67			112	225
751	1678	73			178	173
752	1976	3			107	113
753	2	9			198	279
754	103	174			211	261
755	2	10			207	290
756	204	2834			164	248
757	0	2			255	206
758	18	30			191	158
759	18	20			191	124
760	22	51			191	177
761	5	88			158	262
762	5	7			158	110
763	0	0			138	149
764	97	0			185	150
765	72	0			214	150
766	153	313			206	273
767	4559	6050			171	259
768	0	3			217	230
769	150	27			267	120
770	8	1			204	114
771	20	27			252	243
772	0	0			114	200
773	14	14			122	147
774	21	55			162	238
775	8	31			153	108
776	12	63			121	154
777	21	19			243	189
778	1	1			216	143
779	0	0			97	99
780	6	13			171	179
781	7	1			171	158
782	0	0			120	120
783	0	2			135	195
784	1	5			192	174
785	0	0			164	279
786	19	140			187	235
787	18	6			160	108
788	42	168			113	254
789	446	108			183	101
790	0	0			87	87
791	0	0			102	229
792	37	52			188	190
793	52	56			190	174
794	58	60			245	185
795	160	136			168	171
796	40	59			136	171
797	15	35			168	328
798	34	36			328	303
799	1	0			297	195
800	17	78			124	153
801	1	10			99	100
802	0	0			231	150
803	36	8			177	209
804	0	1			153	169
805	2	1			250	169
806	34	78			114	195
807	98	138			387	366
808	174	72			366	207
809	0	1			90	90
810	7	22			90	78
811	0	0			117	78
812	6	10			191	204
813	13	22			211	163
814	0	361			113	142
815	132	361			142	142
816	132	0			142	113
817	92	197			171	251
818	419	485			171	151
819	0	0			167	167
820	3	2			192	381
821	4	8			148	198
822	2	8			223	198
823	2	3			148	198
824	10	29			201	270
825	42	43			144	125
826	0	6			109	141
827	24	13			225	142
828	1	88			147	247
829	2	88			206	247
830	3	0			175	121
831	9	0			136	128
832	0	12			170	244
833	4	4			157	138
834	4	7			219	198
835	74	51			282	168
836	2	3			234	195
837	1	4			209	174
838	1	1			209	174
839	2	6			273	174
840	2	3			273	174
841	0	0			87	90
842	4	0			128	199
843	1685	11495			103	263
844	4885	11495			170	263
845	48	13			293	169
846	7	47			113	164
847	4	1			200	133
848	27	79			164	245
849	6	4			213	225
850	0	0			190	190
851	7	0			192	105
852	0	18			87	87
853	13	146			129	189
854	0	2			399	224
855	0	1			245	205
856	0	0			245	314
857	1	0			205	314
858	135	80			236	215
859	0	0			154	124
860	23	0			178	106
861	0	0			184	282
862	0	0			332	306
863	4	169			102	120
864	28	44			132	155
865	24	14			189	216
866	0	0			162	152
867	84	118			300	444
868	70	63			207	300
869	0	74			200	300
870	9	7			141	149
871	9	10			141	152
872	8	3			173	262
873	8	4			245	231
874	153	399			244	236
875	6	22			114	102
876	12	22			126	102
877	40	23			160	102
878	187	14			244	102
879	262	249			163	138
880	78	78			266	152
881	381	80			219	203
882	4	0			180	167
883	4	0			180	131
884	0	0			167	131
885	1	125			98	239
886	0	1			217	252
887	75	15			164	235
888	20	11			198	165
889	0	63			188	171
890	1	0			117	161
891	35	86			154	189
892	0	120			165	189
893	0	7			162	207
894	1	0			199	168
895	10	0			198	180
896	13	16			222	228
897	0	0			127	129
898	0	2			216	269
899	5	15			194	223
900	2	18			129	303
901	0	0			474	474
902	0	0			474	474
903	4	11			141	239
904	0	0			110	198
905	0	0			110	229
906	0	0			215	146
907	2	47			124	128
908	156	1			242	184
909	0	30			151	136
910	16	25			195	251
911	31	60			248	504
912	0	0			98	95
913	2	24			130	201
914	7	13			233	179
915	0	42			106	155
916	522	511			183	233
917	0	233			79	247
918	43	27			239	170
919	8	17			98	176
920	128	155			185	254
921	36	8			250	203
922	26	103			250	328
923	7	5			258	160
924	3	0			132	132
925	0	0			93	93
926	1	0			96	90
927	1	0			96	90
928	1	0			87	99
929	0	2			116	116
930	0	0			345	360
931	15	37			146	164
932	32	34			166	163
933	40	0			98	101
934	193	255			168	177
935	310	471			193	249
936	170	130			301	162
937	207	180			274	209
938	14	291			283	274
939	22	128			157	272
940	27	90			180	222
941	0	14			173	173
942	0	2			282	211
943	4	12			195	167
944	8	16			204	204
945	5	12			138	179
946	21	43			266	278
947	53	8			223	220
948	0	12			167	235
949	10	1			250	220
950	611	429			258	184
951	653	916			184	204
952	4	48			136	193
953	1	0			181	171
954	1	0			181	136
955	0	0			171	136
956	32	9			129	133
957	32	781			129	796
958	9	781			133	796
959	28	781			133	796
960	11	6			146	183
961	6	1015			124	208
962	0	1015			118	208
963	986	1209			208	215
964	3	64			158	473
965	61	66			273	262
966	61	40			273	262
967	7	71			207	122
968	43	92			109	126
969	41	28			150	164
970	2	1			360	135
971	11	1			849	135
972	1	0			141	177
973	0	2			138	204
974	2	1			150	138
975	69	0			87	87
976	2	2			165	155
977	45	4			220	220
978	4	0			140	95
979	9	22			164	202
980	26	0			443	98
981	0	0			146	135
982	0	0			249	162
983	77	306			130	270
984	77	83			130	121
985	233	265			270	179
986	19	21			204	264
987	68	155			165	177
988	210	144			237	177
989	20	79			107	134
990	83	56			268	204
991	0	18			173	236
992	3	0			81	81
993	3	3			225	243
994	25	51			232	240
995	0	1			281	172
996	0	2			281	187
997	0	0			281	237
998	0	0			213	281
999	0	0			84	84
1000	0	0			123	219
1001	2	0			203	162
1002	1	0			173	172
1003	0	0			205	131
1004	7	18			143	119
1005	25	18			212	119
1006	4	0			220	190
1007	0	0			138	169
1008	49	33			169	137
1009	664	380			237	140
1010	0	0			211	163
1011	30	1			150	110
1012	0	0			251	190
1013	11	26			141	166
1014	2	5			108	180
1015	2	0			254	174
1016	1	0			204	156
1017	49	106			137	194
1018	81	41			159	128
1019	0	21			145	168
1020	1	3			194	162
1021	0	1			174	279
1022	0	1			174	127
1023	1	1			279	127
1024	0	0			96	90
1025	5	12			157	210
1026	5	12			157	210
1027	0	5			254	157
1028	0	9			254	157
1029	5	11			194	157
1030	7	2			194	254
1031	10	0			209	95
1032	10	0			209	137
1033	0	0			95	137
1034	0	5			147	141
1035	2	5			152	141
1036	2	0			152	147
1037	0	0			108	245
1038	3	0			148	167
1039	0	4			188	244
1040	0	6			188	319
1041	0	4			188	244
1042	0	4			162	244
1043	0	6			162	319
1044	10	45			174	147
1045	0	1			81	81
1046	0	0			172	172
1047	3	187			81	144
1048	0	187			81	144
1049	0	3			81	81
1050	0	11			177	180
1051	559	464			211	157
1052	0	0			241	183
1053	222	30			150	135
1054	0	0			175	154
1055	151	160			187	187
1056	74	182			127	209
1057	0	2			148	172
1058	0	0			166	137
1059	68	158			146	232
1060	0	0			153	343
1061	1	1			132	176
1062	7	14			148	165
1063	7	9			148	161
1064	57	40			216	216
1065	151	26			138	97
1066	130	5			138	97
1067	30	153			97	204
1068	68	153			263	204
1069	49	105			167	252
1070	7	3			195	161
1071	5	5			161	211
1072	56	116			183	216
1073	1	2			218	177
1074	248	230			168	165
1075	18	0			262	213
1076	0	17			351	348
1077	0	0			211	172
1078	20	19			190	174
1079	24	14			364	153
1080	0	0			173	199
1081	178	137			167	131
1082	3	1			160	206
1083	0	0			197	197
1084	43	57			162	166
1085	54	39			249	162
1086	74	39			252	162
1087	6	0			90	93
1088	13	0			147	202
1089	37	79			181	226
1090	0	0			218	103
1091	1	0			360	151
1092	3	26			196	145
1093	0	0			120	160
1094	0	0			168	160
1095	0	0			168	120
1096	0	0			160	120
1097	0	0			202	189
1098	0	94			165	1290
1099	0	0			111	114
1100	0	10			292	215
1101	0	10			159	215
1102	5	0			163	220
1103	2	11			121	135
1104	0	33			119	112
1105	102	139			227	227
1106	1	73			102	263
1107	0	0			90	87
1108	14	1			372	372
1109	0	0			96	96
1110	0	0			280	196
1111	49	54			357	276
1112	70	39			228	154
1113	70	39			228	150
1114	3	13			114	144
1115	0	0			147	141
1116	46	44			230	214
1117	23	80			214	266
1118	5491	419			151	151
1119	21	23			214	169
1120	23	10			438	208
1121	162	78			226	159
1122	40	162			136	245
1123	40	84			126	123
1124	40	78			126	186
1125	1	25			129	135
1126	13	29			111	135
1127	15	18			111	262
1128	2	13			129	231
1129	73	4			126	111
1130	50	6			126	111
1131	4	2			193	199
1132	0	1			110	93
1133	0	0			267	270
1134	0	0			270	190
1135	0	0			270	187
1136	5	1			211	182
1137	19	13			296	173
1138	12	13			183	173
1139	20	13			251	190
1140	2	2			205	114
1141	13	8			206	126
1142	0	0			132	226
1143	0	0			201	184
1144	94	187			172	246
1145	163	0			172	153
1146	1	106			248	308
1147	75	1			241	169
1148	48	40			168	206
1149	7	30			286	135
1150	0	0			140	234
1151	10	7			142	161
1152	5	1			90	105
1153	36	45			160	176
1154	101	44			269	269
1155	112	366			111	181
1156	119	122			156	111
1157	0	1			256	242
1158	2	6			151	136
1159	6	15			120	140
1160	18	17			197	181
1161	2	0			158	268
1162	1	0			153	268
1163	0	0			258	268
1164	0	0			181	268
1165	1	2			153	158
1166	0	2			258	158
1167	0	2			181	158
1168	0	1			258	153
1169	0	1			181	153
1170	0	2			121	162
1171	0	0			121	133
1172	0	0			177	133
1173	0	0			177	121
1174	0	0			141	163
1175	5	20			195	270
1176	979	1356			226	221
1177	1037	1681			221	227
1178	0	0			217	208
1179	11	108			160	254
1180	0	0			153	298
1181	0	4			170	205
1182	0	9			205	193
1183	3	1			193	154
1184	17	4			218	322
1185	4	47			102	177
1186	0	5			246	220
1187	39	177			230	287
1188	101	154			205	161
1189	43	77			149	159
1190	0	2			164	100
1191	79	32			226	185
1192	0	0			209	114
1193	22	50			219	302
1194	1	0			222	98
1195	330	610			149	195
1196	1	6			213	219
1197	0	11			159	342
1198	0	8			159	264
1199	0	0			186	196
1200	0	2			155	213
1201	0	21			79	200
1202	0	0			151	175
1203	0	0			84	96
1204	0	0			144	93
1205	0	0			102	117
1206	278	212			197	171
1207	12	302			129	219
1208	4207	3914			169	125
1209	0	0			133	117
1210	2	0			168	109
1211	12	0			231	109
1212	2	0			708	168
1213	7	4			144	132
1214	0	0			135	168
1215	210	380			159	171
1216	25	22			265	192
1217	1	0			221	106
1218	32	3			120	117
1219	0	0			195	171
1220	0	0			176	171
1221	294	490			145	173
1222	511	435			173	132
1223	2	18			111	194
1224	70	84			239	326
1225	70	45			239	176
1226	84	45			326	176
1227	0	0			423	189
1228	0	0			123	192
1229	33	38			198	170
1230	65	59			246	210
1231	47	53			198	246
1232	0	0			176	130
1233	0	0			176	149
1234	35	326			197	427
1235	35	18			197	275
1236	35	17			197	121
1237	318	17			427	121
1238	326	18			427	275
1239	326	17			427	121
1240	336	17			427	121
1241	2	43			275	143
1242	1	43			121	143
1243	14	59			121	143
1244	42	164			226	220
1245	0	0			353	330
1246	1	0			147	137
1247	0	0			114	170
1248	0	0			133	199
1249	32	0			198	87
1250	53	78			181	164
1251	92	9			674	262
1252	6	11			182	184
1253	18	7			184	215
1254	0	10			249	461
1255	0	11			249	461
1256	0	0			84	93
1257	0	165			173	3082
1258	0	0			110	223
1259	50	237			212	425
1260	20	7			459	193
1261	0	1			137	173
1262	7	29			144	212
1263	66	42			240	198
1264	4	1			209	158
1265	47	2			163	158
1266	23	3			186	166
1267	8	1			202	156
1268	52	180			196	215
1269	2	0			153	163
1270	0	0			78	78
1271	1	0			154	207
1272	148	540			166	219
1273	163	160			151	166
1274	163	0			151	118
1275	37	69			179	215
1276	168	114			192	144
1277	137	86			187	139
1278	275	182			404	216
1279	41	182			139	216
1280	69	184			139	216
1281	33	1			238	192
1282	0	0			294	99
1283	0	16			155	81
1284	0	0			128	278
1285	30	39			271	217
1286	149	120			208	161
1287	183	150			222	194
1288	1	2			172	183
1289	6	17			153	180
1290	0	0			134	302
1291	0	2			114	180
1292	14	0			152	92
1293	11	12			234	246
1294	4	0			266	127
1295	5	0			185	156
1296	0	8			226	280
1297	0	3			148	226
1298	4	0			163	220
1299	6	0			198	159
1300	6	0			198	292
1301	0	0			166	291
1302	1	0			190	183
1303	0	0			232	170
1304	0	0			232	211
1305	0	0			218	103
1306	0	0			360	151
1307	1	1			173	224
1308	5	116			144	252
1309	1	0			210	133
1310	2	1			159	210
1311	0	0			166	287
1312	5	2			149	149
1313	20	122			186	245
1314	1	20			105	133
1315	2348	9636			336	351
1316	176	139			215	188
1317	121	11			188	123
1318	5	1			173	193
1319	7	1			197	193
1320	2	1			214	193
1321	2	5			214	173
1322	2	7			214	197
1323	1	0			121	147
1324	0	0			165	173
1325	18	17			129	204
1326	117	98			255	221
1327	5	4			195	140
1328	65	197			135	171
1329	0	1			194	227
1330	136	148			198	252
1331	37	10			161	169
1332	25	132			153	263
1333	1062	770			215	170
1334	0	0			144	131
1335	205	92			175	166
1336	0	1			126	179
1337	149	141			232	190
1338	140	52			190	120
1339	135	2			190	120
1340	134	0			190	120
1341	134	86			190	131
1342	0	86			120	131
1343	47	174			120	226
1344	44	87			120	131
1345	112	52			196	139
1346	89	19			153	153
1347	145	331			214	217
1348	7	0			243	182
1349	0	0			182	121
1350	1	5			166	198
1351	248	18			151	151
1352	0	3			180	201
1353	3	1			99	99
1354	5	7			134	154
1355	13	7			160	154
1356	2	1			226	169
1357	20	81			129	237
1358	24	1			125	115
1359	7	10			160	138
1360	2	1			180	330
1361	0	5			258	438
1362	0	5			258	438
1363	0	0			141	259
1364	0	0			152	130
1365	0	0			150	130
1366	0	0			152	156
1367	0	0			150	156
1368	0	0			150	152
1369	0	0			150	152
1370	37	7			246	182
1371	0	0			186	136
1372	2	8			184	185
1373	1	0			174	206
1374	63	68			141	143
1375	55	68			143	146
1376	75	92			146	133
1377	59	85			156	199
1378	2	66			146	183
1379	74	150			317	187
1380	109	150			317	187
1381	0	0			134	581
1382	0	0			96	96
1383	165	25			273	159
1384	44	93			159	186
1385	32	89			186	174
1386	47	87			186	174
1387	10	23			198	203
1388	22	37			247	334
1389	0	0			147	141
1390	39	127			173	164
1391	29	31			187	140
1392	0	0			123	284
1393	0	0			123	273
1394	0	0			123	78
1395	0	0			284	78
1396	0	0			273	78
1397	47	0			79	79
1398	10	62			304	291
1399	201	233			271	242
1400	0	0			179	169
1401	7	7			243	252
1402	11	0			309	205
1403	11	0			275	205
1404	26	12			256	211
1405	254	30			113	136
1406	0	0			194	457
1407	0	0			115	205
1408	17	206			163	551
1409	0	0			139	128
1410	0	0			108	123
1411	100	108			222	188
1412	152	76			347	193
1413	82	18			193	157
1414	27	0			128	79
1415	1	8			164	184
1416	1	14			164	216
1417	8	14			184	216
1418	72	154			242	144
1419	122	1			178	76
1420	0	3			238	136
1421	0	0			173	270
1422	0	0			185	173
1423	11	52			225	231
1424	0	0			201	219
1425	1	28			191	131
1426	1	28			173	131
1427	0	0			170	212
1428	0	0			456	122
1429	150	34			240	231
1430	1	5			142	242
1431	27	47			141	146
1432	0	0			195	153
1433	38	47			114	132
1434	147	28			267	114
1435	15	17			162	162
1436	0	21			223	122
1437	0	0			215	267
1438	0	0			196	267
1439	50	303			227	603
1440	0	0			81	81
1441	13	97			130	288
1442	208	138			193	129
1443	0	10			96	96
1444	0	12			96	93
1445	196	287			174	156
1446	76	452			118	174
1447	105	125			133	155
1448	19	64			129	210
1449	0	0			395	168
1450	0	0			154	395
1451	2	0			142	150
1452	0	1			114	145
1453	0	10			166	193
1454	0	0			166	188
1455	0	0			166	212
1456	0	4			166	145
1457	10	0			193	188
1458	10	0			193	212
1459	10	4			193	145
1460	0	4			188	145
1461	0	4			212	145
1462	0	0			123	192
1463	0	0			151	108
1464	7	0			126	99
1465	27	22			210	235
1466	0	4			159	177
1467	0	4			156	177
1468	0	0			209	155
1469	0	0			245	155
1470	937	1608			227	133
1471	6	55			272	407
1472	0	0			96	90
1473	29	24			265	222
1474	10	22			172	247
1475	219	9			210	172
1476	64	60			269	230
1477	14	6			1374	252
1478	470	462			243	201
1479	2	17			174	174
1480	15	12			345	223
1481	5	14			223	345
1482	1	11			214	269
1483	0	0			144	162
1484	0	0			322	199
1485	315	32			248	306
1486	22	24			173	173
1487	2	1			234	225
1488	2	1			234	240
1489	14	34			142	201
1490	0	0			87	87
1491	0	1			165	147
1492	0	1			159	147
1493	0	24			79	260
1494	7	22			278	234
1495	3	22			188	234
1496	2	7			139	194
1497	79	177			195	183
1498	0	51			84	309
1499	0	0			165	337
1500	44	87			123	165
1501	991	2740			282	645
1502	11	7			172	191
1503	23	23			165	135
1504	157	77			186	136
1505	0	14			98	98
1506	2426	2112			351	192
1507	2426	1284			351	210
1508	57	128			216	210
1509	1	0			140	125
1510	0	0			438	107
1511	0	2			150	187
1512	2	41			106	202
1513	50	301			138	230
1514	14	4			180	90
1515	12	8			339	351
1516	1	0			111	169
1517	0	1			194	237
1518	26	146			207	161
1519	0	20			120	171
1520	20	21			266	223
1521	0	0			153	153
1522	0	571			132	290
1523	0	3			152	194
1524	0	3			105	194
1525	0	0			105	152
1526	0	0			354	354
1527	149	111			239	213
1528	26	127			126	245
1529	0	48			82	163
1530	0	3			210	231
1531	95	8			309	240
1532	8	0			198	292
1533	8	2			198	159
1534	40	0			163	220
1535	61	3351			200	183
1536	1516	3351			111	183
1537	16	5			110	125
1538	38	5			158	125
1539	1	0			147	209
1540	89	121			152	202
1541	80	53			169	126
1542	0	37			147	147
1543	0	0			208	237
1544	0	0			241	214
1545	2	0			193	215
1546	2	0			193	295
1547	0	0			215	295
1548	0	73			215	226
1549	0	70			215	364
1550	7	2			106	106
1551	2	5			100	100
1552	46	311			181	812
1553	46	53			181	314
1554	1620	1439			247	198
1555	2	11			195	222
1556	504	0			177	174
1557	885	0			156	174
1558	1	0			219	157
1559	401	615			214	240
1560	122	102			269	237
1561	295	3			267	175
1562	49	130			108	128
1563	161	43			171	108
1564	13	102			232	156
1565	13	155			232	191
1566	13	134			232	236
1567	0	1			159	239
1568	0	1			159	305
1569	0	0			131	159
1570	110	154			172	172
1571	14	24			156	213
1572	73	19			163	182
1573	42	0			84	87
1574	1484	182			163	119
1575	775	13			132	428
1576	1	0			138	115
1577	51	72			254	265
1578	60	131			210	266
1579	19	2			223	136
1580	19	120			223	186
1581	22	2			191	136
1582	22	120			191	186
1583	2	120			136	186
1584	32	120			136	186
1585	52	3			185	132
1586	0	43			230	193
1587	0	0			258	240
1588	0	0			361	108
1589	0	16			124	192
1590	1525	382			951	256
1591	4	18			164	229
1592	2	4			215	164
1593	435	507			599	459
1594	9	1			141	192
1595	14	0			247	137
1596	4	0			367	137
1597	4	14			367	247
1598	32	31			258	233
1599	0	0			123	192
1600	2	87			118	187
1601	633	294			197	135
1602	1	0			93	126
1603	2	32			168	168
1604	2	0			193	251
1605	0	2			167	193
1606	2	6			218	292
1607	53	50			247	179
1608	19	1			183	129
1609	0	3			165	205
1610	13	0			490	143
1611	0	0			168	98
1612	0	0			168	98
1613	177	165			287	231
1614	20	0			219	128
1615	1	4			293	359
1616	23	65			150	194
1617	124	418			189	204
1618	43	19			200	139
1619	6	179			3036	5337
1620	263	166			266	156
1621	26	3			207	161
1622	0	0			164	145
1623	9	1			235	176
1624	44	64			233	228
1625	63	96			228	237
1626	1	1			247	255
1627	0	1			129	114
1628	86	467			400	235
1629	9	108			135	193
1630	16	64			142	252
1631	0	0			144	197
1632	0	0			144	157
1633	2	22			159	243
1634	6	2			150	132
1635	368	183			207	200
1636	875	330			342	204
1637	5	3			142	217
1638	0	12			96	93
1639	0	0			168	98
1640	0	0			168	98
1641	42	3			120	247
1642	43	842			200	197
1643	101	842			304	197
1644	0	0			156	207
1645	9	9			270	183
1646	8	6			222	208
1647	3	2			188	231
1648	0	0			99	132
1649	11	148			150	234
1650	11	115			150	135
1651	148	115			234	135
1652	83	113			203	226
1653	0	7			149	364
1654	0	1			149	152
1655	19	111			220	758
1656	19	19			168	217
1657	19	15			168	217
1658	19	51			168	309
1659	30	48			220	261
1660	15	51			217	309
1661	40	37			309	169
1662	44	37			261	169
1663	23	27			159	200
1664	28	41			198	241
1665	26	17			151	173
1666	0	420			153	294
1667	0	3			77	401
1668	1	433			148	198
1669	8	18			146	146
1670	19	35			167	207
1671	26	0			167	80
1672	5	51			153	653
1673	37	0			187	135
1674	32	6			155	155
1675	163	107			144	144
1676	6	39			172	245
1677	0	0			111	153
1678	6	32			236	236
1679	18	27			180	270
1680	23	26			316	270
1681	0	24			325	180
1682	0	0			167	167
1683	0	0			235	79
1684	32	43			214	218
1685	18	43			187	218
1686	65	11			234	159
1687	26	280			120	265
1688	1	19			125	168
1689	6	19			125	168
1690	0	19			127	168
1691	1	19			125	168
1692	3	12			131	125
1693	1	1			243	228
1694	15	20			161	195
1695	0	0			116	158
1696	8	7			180	180
1697	0	2			180	180
1698	1	4			217	250
1699	1	0			153	225
1700	1	3			177	156
1701	460	329			131	127
1702	0	0			175	205
1703	0	0			159	152
1704	162	107			156	141
1705	106	212			231	238
1706	1	0			127	195
1707	2	0			153	130
1708	0	43			133	178
1709	0	0			104	155
1710	0	0			132	169
1711	40	0			207	192
1712	58	84			157	158
1713	0	0			93	93
1714	0	0			93	228
1715	12	8			167	141
1716	11	5			167	220
1717	12	4			167	220
1718	12	35			167	149
1719	4	35			220	149
1720	26	91			166	166
1721	0	0			171	114
1722	0	0			174	114
1723	0	0			194	173
1724	0	0			194	197
1725	0	2			194	196
1726	0	5			194	303
1727	2	0			134	173
1728	2	0			134	197
1729	2	2			134	196
1730	0	0			173	197
1731	2	5			196	303
1732	0	0			195	174
1733	0	0			247	137
1734	0	0			367	137
1735	0	0			367	247
1736	4	103			154	189
1737	146	129			189	205
1738	105	952			205	219
1739	105	908			205	216
1740	0	0			171	228
1741	14	0			196	122
1742	0	80			161	248
1743	6	6			189	220
1744	17	24			114	153
1745	0	4			135	117
1746	0	4			108	117
1747	0	0			108	135
1748	0	0			108	135
1749	20	0			148	148
1750	501	432			216	131
1751	11	18			142	163
1752	5	18			120	163
1753	10	14			161	142
1754	0	11			120	142
1755	0	14			117	161
1756	8	14			120	161
1757	0	14			117	161
1758	0	14			120	161
1759	1	13			179	259
1760	10	23			259	333
1761	6	36			249	214
1762	2	0			162	153
1763	0	0			135	147
1764	142	261			205	261
1765	0	12			115	130
1766	0	22			115	130
1767	8	17			159	159
1768	0	0			237	237
1769	0	2			133	122
1770	0	11			133	250
1771	2	11			122	250
1772	16	10			198	201
1773	0	0			93	93
1774	7	20			121	156
1775	15	3			199	121
1776	1	40			123	243
1777	39	21			326	231
1778	16	5			156	117
1779	1870	2992			212	224
1780	2	13			121	190
1781	10	13			190	199
1782	2	10			121	190
1783	0	0			84	84
1784	0	0			156	84
1785	0	0			156	84
1786	21	0			228	171
1787	33	55			147	147
1788	49	61			159	133
1789	1	0			249	244
1790	4	0			150	164
1791	22	18			202	187
1792	68	18			163	170
1793	31	56			139	231
1794	1	0			108	108
1795	0	7			251	525
1796	27	10			163	129
1797	16	33			129	199
1798	1	1			165	179
1799	13	127			195	420
1800	49	110			188	420
1801	228	221			251	247
1802	1	0			151	172
1803	68	89			191	199
1804	0	0			165	129
1805	82	105			148	170
1806	174	130			224	167
1807	133	174			227	224
1808	2	0			109	204
1809	22	32			178	210
1810	2	10			196	392
1811	0	0			126	150
1812	0	0			105	150
1813	30	51			142	158
1814	32	61			159	176
1815	0	1			152	187
1816	0	0			152	267
1817	1	0			187	267
1818	1	9			123	167
1819	0	1			93	93
1820	1	0			158	228
1821	28	40			142	136
1822	2	51			144	253
1823	1	0			211	198
1824	0	1			115	118
1825	30	10			197	123
1826	45	23			207	213
1827	21	14			160	166
1828	13	8			143	166
1829	0	0			190	169
1830	3	0			99	126
1831	0	0			99	102
1832	0	0			102	126
1833	0	0			102	129
1834	385	120			204	102
1835	210	234			204	204
1836	19	0			180	201
1837	154	353			154	313
1838	0	0			168	98
1839	0	0			168	98
1840	46	14			163	106
1841	4	6			139	171
1842	5	13			186	199
1843	100	141			250	237
1844	13	6			198	247
1845	0	9			84	252
1846	3	8			153	169
1847	0	4			157	156
1848	178	38			271	114
1849	49	20			135	141
1850	20	27			261	261
1851	0	0			147	127
1852	37	21			175	109
1853	45	8			142	175
1854	11	15			174	129
1855	0	0			102	99
1856	15	20			160	162
1857	3	157			97	200
1858	527	620			186	193
1859	264	251			193	173
1860	0	0			93	90
1861	0	73			102	245
1862	0	55			102	197
1863	143	180			162	201
1864	0	0			206	99
1865	0	12			148	78
1866	2	0			123	99
1867	22	3			209	142
1868	9	5			237	195
1869	39	42			209	220
1870	0	0			144	81
1871	0	0			120	150
1872	177	8			171	156
1873	14	26			101	171
1874	20	364			184	915
1875	0	0			108	96
1876	4	0			189	96
1877	4	0			189	108
1878	0	0			192	111
1879	1	41			158	182
1880	1	89			158	208
1881	2	66			204	152
1882	18	48			167	175
1883	8	16			150	209
1884	1	3			162	168
1885	0	17			125	231
1886	23	24			172	236
1887	0	0			327	185
1888	0	0			338	200
1889	71	0			151	97
1890	3	1			210	156
1891	3	0			189	117
1892	0	5			221	274
1893	0	1			336	192
1894	0	1			192	192
1895	0	1			243	192
1896	0	0			243	192
1897	0	0			336	192
1898	0	0			336	243
1899	0	0			177	336
1900	18	1			215	212
1901	0	0			193	192
1902	6	35			111	170
1903	218	522			165	238
1904	127	72			161	165
1905	127	204			161	165
1906	2	12			198	207
1907	0	0			87	87
1908	16	1			197	157
1909	14	77			162	208
1910	57	27			218	151
1911	110	4			173	179
1912	66	59			219	201
1913	0	1			198	229
1914	49	46			249	159
1915	80	126			259	212
1916	112	180			212	211
1917	146	85			211	133
1918	72	0			120	162
1919	74	3			167	131
1920	0	1			176	231
1921	6	3			232	292
1922	3	17			165	146
1923	0	17			164	146
1924	0	3			164	165
1925	37	85			160	222
1926	91	240			207	191
1927	66	240			181	191
1928	1	26			233	265
1929	5	20			210	247
1930	64	41			268	223
1931	29	3			226	147
1932	56	6			372	136
1933	37	14			231	174
1934	0	0			234	213
1935	32	1			263	183
1936	1	144			168	180
1937	139	46			308	124
1938	0	0			138	255
1939	0	0			138	255
1940	0	0			153	255
1941	0	0			153	138
1942	0	0			153	138
1943	7	4			291	170
1944	36	40			181	217
1945	0	3			139	164
1946	10	14			273	270
1947	1	1			182	300
1948	176	118			279	198
1949	118	93			198	152
1950	4	2			225	165
1951	1	2			108	194
1952	0	0			144	147
1953	0	0			660	304
1954	253	81			193	177
1955	28	18			226	220
1956	42	63			179	151
1957	0	0			83	77
1958	0	0			176	133
1959	0	0			157	196
1960	0	0			164	87
1961	0	0			87	222
1962	0	0			190	190
1963	89	103			149	191
1964	5830	12190			198	262
1965	10	39			161	236
1966	143	80			314	225
1967	58	26			205	150
1968	23	1			212	114
1969	36	35			299	229
1970	45	338			150	136
1971	1854	2360			150	173
1972	0	15			118	169
1973	65	92			192	198
1974	0	0			262	183
1975	229	249			189	168
1976	12	19			161	157
1977	20	37			167	197
1978	2	12			168	191
1979	2	14			168	291
1980	2	0			168	183
1981	38	49			179	208
1982	26	48			208	209
1983	18	37			184	153
1984	18	46			184	196
1985	0	1			159	141
1986	2	1			163	164
1987	0	0			123	165
1988	12	1			219	213
1989	0	1			167	167
1990	0	0			164	129
1991	1	11			169	170
1992	0	0			125	212
1993	169	211			268	225
1994	16	59			293	231
1995	4	0			190	129
1996	187	69			243	243
1997	0	0			177	133
1998	13	143			184	149
1999	20	291			184	149
2000	0	1			129	156
2001	114	255			174	297
2002	61	133			126	158
2003	0	0			130	159
2004	0	0			93	159
2005	108	275			156	221
2006	1	0			199	169
2007	4	0			193	169
2008	4	1			193	199
2009	13	3			148	153
2010	10	9			156	148
2011	5	4			153	126
2012	1	2			120	90
2013	1	0			120	90
2014	2	0			90	90
2015	27	17			239	144
2016	0	0			168	98
2017	0	0			168	98
2018	24	77			490	166
2019	0	77			109	166
2020	0	24			109	490
2021	12	193			170	329
2022	12	80			170	227
2023	7	13			216	207
2024	7	1			216	183
2025	6	0			135	149
2026	1	0			187	135
2027	373	6			108	111
2028	2	1			143	134
2029	127	152			193	155
2030	79	91			208	183
2031	2	4			167	184
2032	0	0			172	140
2033	163	40			235	189
2034	61	78			150	163
2035	46	0			176	149
2036	46	110			176	280
2037	0	94			149	249
2038	45	198			128	218
2039	172	131			218	163
2040	53	101			151	164
2041	0	0			223	168
2042	10	158			165	208
2043	18	158			193	208
2044	18	158			198	208
2045	0	0			1325	189
2046	0	0			234	169
2047	0	0			234	189
2048	0	0			169	189
2049	0	0			189	213
2050	0	0			213	186
2051	0	0			213	274
2052	0	0			187	186
2053	0	0			186	274
2054	60	148			149	220
2055	1	0			174	134
2056	145	107			180	181
2057	145	111			180	184
2058	2	2			147	175
2059	0	1			221	255
2060	0	1			190	192
2061	83	0			150	87
2062	9	0			87	87
2063	3	10			138	255
2064	3	10			138	255
2065	0	10			153	255
2066	0	3			153	138
2067	0	3			153	138
2068	74	103			198	177
2069	191	475			165	193
2070	0	0			220	664
2071	143	161			234	203
2072	1	24			221	235
2073	12	0			206	210
2074	7	0			221	210
2075	611	0			206	77
2076	0	1			248	248
2077	0	0			127	127
2078	0	1			248	248
2079	0	1			127	127
2080	0	1			127	127
2081	0	0			127	127
2082	0	106			167	221
2083	0	0			169	126
2084	6	12			167	183
2085	2	0			156	150
2086	5	11			147	260
2087	5	0			135	154
2088	20	1			440	210
2089	4	1			198	230
2090	7	35			116	200
2091	71	0			87	87
2092	71	1			87	193
2093	0	0			218	103
2094	0	0			360	151
2095	1	4			112	184
2096	99	70			158	130
2097	12	15			157	116
2098	18	15			181	116
2099	12	36			157	169
2100	18	36			181	169
2101	843	1210			158	155
2102	387	348			231	219
2103	0	5			102	99
2104	2	2			191	214
2105	6	1			197	106
2106	5	0			129	141
2107	0	0			230	204
2108	1	0			217	204
2109	0	3			200	175
2110	6	39			119	213
2111	4	2			150	178
2112	0	0			136	167
2113	0	0			207	218
2114	0	4			193	192
2115	29	10			226	114
2116	0	288			111	121
2117	80	329			141	312
2118	0	0			166	224
2119	40	115			141	165
2120	67	151			172	173
2121	0	0			99	99
2122	4	0			134	99
2123	28	2			152	134
2124	12	0			152	134
2125	0	0			167	167
2126	0	8			83	83
2127	3	0			83	110
2128	3	0			83	83
2129	0	0			110	83
2130	9	0			132	141
2131	0	16			99	99
2132	1	25			120	117
2133	15	4			162	153
2134	0	11			92	95
2135	10	41			126	130
2136	39	21			178	102
2137	178	1723			242	242
2138	0	25			259	583
2139	429	140			194	92
2140	344	140			245	92
2141	0	0			111	274
2142	11	51			158	237
2143	26	0			158	108
2144	0	0			147	207
2145	0	0			129	163
2146	0	2			129	213
2147	0	0			129	173
2148	0	3			129	209
2149	0	0			129	178
2150	2	0			213	173
2151	2	3			213	209
2152	2	0			213	178
2153	0	0			153	215
2154	0	3			173	209
2155	0	0			173	178
2156	0	0			173	215
2157	3	0			209	178
2158	0	0			181	178
2159	0	0			178	123
2160	386	243			175	147
2161	7	8			166	152
2162	0	4			278	473
2163	0	2			166	234
2164	10	55			166	138
2165	3	2			163	146
2166	0	55			232	166
2167	7	20			109	143
2168	45	68			186	194
2169	2	86			139	148
2170	0	0			154	144
2171	0	0			200	274
2172	71	68			191	147
2173	226	497			186	233
2174	130	85			190	153
2175	0	0			163	111
2176	0	3			169	203
2177	2	4			196	203
2178	9	0			176	120
2179	5	5			196	220
2180	3	0			177	117
2181	221	203			390	198
2182	1	603			129	639
2183	12	9			177	243
2184	0	0			150	109
2185	0	0			94	94
2186	117	280			204	165
2187	15	14			183	183
2188	15	16			183	183
2189	156	16			204	183
2190	156	15			204	183
2191	0	0			121	133
2192	13	5			145	164
2193	6	19			145	208
2194	0	0			126	193
2195	86	150			197	213
2196	0	0			119	326
2197	0	0			202	99
2198	0	0			116	99
2199	0	0			116	202
2200	0	0			173	205
2201	0	0			210	173
2202	22	3			237	306
2203	327	174			242	155
2204	2	1			227	217
2205	17	5			285	278
2206	1	239			186	358
2207	1	106			186	186
2208	81	84			189	252
2209	18	51			258	258
2210	1	2			165	149
2211	292	528			218	241
2212	0	12			179	179
2213	7	1			135	135
2214	5	7			159	159
2215	5	1			159	108
2216	1	2			288	180
2217	59	45			229	177
2218	0	0			193	192
2219	12	4			264	111
2220	0	3			174	138
2221	0	10			174	297
2222	39	25			423	357
2223	61	14			180	168
2224	0	0			123	192
2225	0	0			143	137
2226	0	0			151	220
2227	51	89			201	240
2228	1	5			78	78
2229	0	1			93	93
2230	45	73			195	195
2231	92	91			198	205
2232	92	1			163	198
2233	0	0			90	78
2234	0	0			117	78
2235	4	13			168	177
2236	24	87			130	186
2237	16	90			198	456
2238	19	3			169	215
2239	4	24			240	231
2240	101	166			213	286
2241	149	3			213	210
2242	21	2			210	210
2243	5	9			270	258
2244	2	5			210	270
2245	0	9			127	340
2246	6	0			172	163
2247	0	0			204	162
2248	3	8			179	225
2249	92	72			189	171
2250	0	0			202	366
2251	49	23			171	169
2252	29	27			186	186
2253	9	12			198	192
2254	25	8			272	137
2255	44	5			256	113
2256	48	5			225	113
2257	41	7			256	113
2258	12	0			321	167
2259	0	0			464	228
2260	4	6			182	163
2261	1	7			125	411
2262	5	50			182	311
2263	79	126			235	402
2264	30	35			164	151
2265	8	4			155	170
2266	8	4			155	257
2267	0	15			157	203
2268	82	75			202	172
2269	44	57			261	273
2270	267	0			289	78
2271	7	8			124	117
2272	0	0			161	161
2273	3	1			132	120
2274	1	1			141	138
2275	0	6			93	93
2276	0	10			90	228
2277	9	6			312	192
2278	0	9			131	141
2279	5	0			179	96
2280	154	226			204	221
2281	28	2			816	211
2282	2	29			337	536
2283	12	39			261	213
2284	0	9			160	245
2285	0	0			160	188
2286	0	0			175	208
2287	0	0			158	175
2288	16	29			165	219
2289	6	15			81	170
2290	21	77			147	249
2291	0	0			163	390
2292	4	19			194	397
2293	114	161			194	193
2294	131	78			193	159
2295	0	2			145	226
2296	0	5			130	178
2297	100	164			180	219
2298	0	0			138	120
2299	56	8			208	127
2300	5	5			119	125
2301	0	2			368	152
2302	171	153			247	220
2303	0	0			81	81
2304	0	0			172	172
2305	90	96			264	264
2306	81	132			165	184
2307	3	0			173	192
2308	193	232			222	201
2309	0	0			307	192
2310	48	34			315	115
2311	52	42			159	164
2312	87	41			225	164
2313	0	0			145	160
2314	123	76			189	189
2315	20	0			160	144
2316	0	3			123	173
2317	0	0			93	93
2318	0	0			187	137
2319	14	3			240	240
2320	19	12			251	135
2321	0	0			191	133
2322	0	2			133	332
2323	570	735			232	204
2324	136	135			171	165
2325	13	6			180	121
2326	5	2			126	126
2327	1	4			126	138
2328	47	4			173	199
2329	2	4			149	199
2330	2	47			149	173
2331	7	47			184	173
2332	27	69			138	188
2333	16	15			201	224
2334	10	14			355	269
2335	30	68			165	156
2336	30	20			165	153
2337	36	16			156	117
2338	38	46			197	210
2339	72	89			146	149
2340	57	394			171	247
2341	7	3			233	129
2342	425	235			208	170
2343	0	0			161	161
2344	10	25			194	226
2345	102	84			188	150
2346	118	213			150	222
2347	0	0			198	152
2348	30	33			142	113
2349	178	83			327	204
2350	3	18			162	196
2351	0	2			189	199
2352	9	14			156	177
2353	37	10			947	255
2354	179	21			257	158
2355	3	0			193	125
2356	69	81			267	221
2357	1	3			178	308
2358	127	3			325	308
2359	127	1			325	178
2360	452	1029			152	152
2361	136	869			147	172
2362	0	0			168	98
2363	0	0			168	98
2364	5	2			224	157
2365	4	2			218	157
2366	1	0			190	160
2367	1	0			190	168
2368	0	0			160	168
2369	0	0			157	114
2370	8	20			171	197
2371	24	35			163	202
2372	17	27			137	236
2373	17	10			137	163
2374	356	353			182	162
2375	0	0			123	192
2376	269	161			185	163
2377	120	216			137	185
2378	1	0			96	99
2379	0	0			248	171
2380	0	0			184	125
2381	54	120			153	185
2382	68	63			188	153
2383	27	66			220	231
2384	4	1			147	147
2385	1	1			147	147
2386	0	6			155	192
2387	9	12			277	271
2388	3	2			218	180
2389	4	2			173	180
2390	0	0			94	94
2391	0	0			87	87
2392	0	0			87	87
2393	0	0			87	87
2394	0	0			172	172
2395	10	45			182	312
2396	19	56			156	471
2397	159	7			234	196
2398	11	157			138	729
2399	5	7			169	171
2400	19	0			268	297
2401	14	0			199	297
2402	0	0			219	210
2403	0	0			141	243
2404	0	0			141	243
2405	12	25			186	182
2406	13	8			273	144
2407	436	21			263	236
2408	1	0			154	187
2409	1	44			154	146
2410	1	33			154	137
2411	0	44			187	146
2412	0	33			187	137
2413	2	2			165	147
2414	0	0			123	192
2415	5	16			138	168
2416	34	11			193	129
2417	2	4			174	214
2418	1	1			218	306
2419	1	0			218	226
2420	1	0			306	226
2421	52	50			226	199
2422	678	33			145	147
2423	446	1612			145	200
2424	135	294			150	147
2425	135	537			150	289
2426	7	461			146	147
2427	0	2			194	181
2428	84	13			207	161
2429	2	0			173	247
2430	2	0			186	247
2431	0	0			166	247
2432	22	23			159	221
2433	35	17			153	129
2434	18	21			177	173
2435	121	122			212	165
2436	1	122			144	165
2437	121	157			212	197
2438	41	134			131	212
2439	0	36			125	122
2440	67	297			199	237
2441	6	113			129	178
2442	59	35			621	795
2443	336	603			320	482
2444	0	0			109	143
2445	0	0			186	194
2446	0	0			219	189
2447	0	0			216	189
2448	3	1			126	148
2449	4	1			126	148
2450	4	6			126	148
2451	1	6			148	148
2452	5	2			148	148
2453	18	23			172	165
2454	1	980			102	237
2455	32	7			159	104
2456	23	17			173	204
2457	395	641			258	254
2458	157	411			188	261
2459	4	3			189	177
2460	19	0			196	160
2461	86	425			299	759
2462	29	166			120	117
2463	70	53			146	131
2464	0	0			387	366
2465	0	0			366	207
2466	4	0			276	202
2467	33	28			154	123
2468	33	22			154	118
2469	21	20			138	156
2470	49	49			201	127
2471	0	96			197	277
2472	176	169			227	192
2473	8	11			160	248
2474	4	6			204	160
2475	0	0			140	213
2476	0	0			123	140
2477	329	577			290	228
2478	5	4			232	460
2479	33	64			159	190
2480	0	0			123	192
2481	21	15			258	178
2482	49	69			165	291
2483	199	235			165	138
2484	271	237			174	165
2485	111	155			145	136
2486	0	5			147	150
2487	248	972			134	170
2488	45	1			352	180
2489	24	1			223	180
2490	44	2			352	180
2491	4	2			130	180
2492	52	2			156	180
2493	52	44			156	352
2494	52	4			156	130
2495	72	3			215	103
2496	2	77			186	320
2497	3	12			208	219
2498	0	5			142	116
2499	0	0			195	386
2500	10	93			110	348
2501	81	23			348	122
2502	0	0			226	148
2503	33	101			201	204
2504	91	495			177	279
2505	90	495			180	279
2506	29	0			203	338
2507	0	0			192	228
2508	5	18			245	245
2509	15	9			126	212
2510	2	0			195	219
2511	28	70			169	202
2512	71	18			202	139
2513	3	0			175	228
2514	2	0			704	228
2515	125	152			156	149
2516	15	151			156	149
2517	259	122			153	165
2518	17	35			204	177
2519	29	20			177	156
2520	40	80			180	162
2521	0	0			96	102
2522	0	1			96	96
2523	224	85			214	214
2524	113	43			146	127
2525	108	1			87	87
2526	0	0			177	162
2527	0	0			205	177
2528	0	0			132	205
2529	0	0			241	273
2530	4	4			403	121
2531	0	0			109	165
2532	3	13			247	196
2533	0	13			173	196
2534	3	13			228	196
2535	0	13			197	196
2536	0	3			173	247
2537	3	3			228	247
2538	0	3			197	247
2539	3	0			228	173
2540	0	0			197	173
2541	0	3			197	228
2542	3	11			252	182
2543	0	0			123	192
2544	87	205			136	178
2545	48	110			206	261
2546	5	4			167	216
2547	0	0			90	198
2548	21	27			207	208
2549	0	0			129	129
2550	36	170			184	192
2551	0	0			78	78
2552	0	0			78	78
2553	0	0			78	78
2554	0	0			220	220
2555	3	0			179	179
2556	1	0			159	159
2557	61	51			190	155
2558	0	0			96	213
2559	0	0			208	147
2560	125	62			206	203
2561	1	3			159	147
2562	6	6			141	135
2563	33	65			128	146
2564	3	0			198	171
2565	11	0			158	108
2566	4	5			209	155
2567	4	6			387	327
2568	56	91			171	154
2569	2	12			125	218
2570	9	4			220	173
2571	44	14			168	105
2572	13	14			117	105
2573	2	15			155	148
2574	83	87			186	156
2575	28	283			185	155
2576	81	337			155	161
2577	653	894			153	204
2578	141	73			185	129
2579	165	190			229	213
2580	19	18			101	130
2581	32	40			182	177
2582	21	40			284	177
2583	113	3			228	261
2584	113	64			299	228
2585	112	30			299	228
2586	31	129			127	299
2587	0	284			119	218
2588	0	0			159	159
2589	0	0			123	181
2590	0	0			190	152
2591	237	800			151	246
2592	7	0			237	132
2593	157	394			204	274
2594	728	394			463	274
2595	0	0			138	195
2596	1	69			176	101
2597	2	23			176	101
2598	2	124			101	196
2599	0	0			192	221
2600	0	0			177	221
2601	0	0			177	192
2602	0	0			148	214
2603	0	0			187	214
2604	0	0			138	140
2605	0	0			261	386
2606	0	0			128	261
2607	0	0			246	261
2608	11	1			168	98
2609	11	3			168	98
2610	68	44			267	158
2611	90	20			178	160
2612	90	222			178	286
2613	61	135			224	192
2614	61	118			224	338
2615	107	298			192	311
2616	7	8			147	141
2617	13	47			154	225
2618	201	87			165	129
2619	4	0			96	96
2620	47	67			161	230
2621	31	73			128	112
2622	1	91			168	128
2623	397	887			169	202
2624	7	32			123	146
2625	20	15			141	123
2626	7	8			129	149
2627	1	4			221	139
2628	3	3			212	173
2629	3	3			212	221
2630	236	191			140	177
2631	61	22			254	178
2632	138	200			183	180
2633	0	0			147	141
2634	3	0			249	248
2635	5686	9694			182	207
2636	493	594			185	176
2637	32	2			233	173
2638	0	2			173	130
2639	30	23			226	168
2640	361	163			222	147
2641	0	0			184	219
2642	3	0			168	153
2643	0	9			110	241
2644	0	0			168	184
2645	6	29			125	223
2646	13	45			177	224
2647	0	0			155	114
2648	0	0			102	132
2649	169	212			193	174
2650	4	30			198	180
2651	0	0			223	168
2652	9	27			178	250
2653	0	4			693	678
2654	2	80			173	339
2655	144	0			538	116
2656	13	0			132	116
2657	44	40			271	161
2658	7	15			120	144
2659	493	374			254	144
2660	0	35			81	165
2661	49	30			192	177
2662	0	2			159	135
2663	1	0			132	159
2664	1	1			150	147
2665	0	0			145	159
2666	893	813			211	190
2667	0	6			190	190
2668	462	109			1335	212
2669	5	9			208	164
2670	5	5			116	208
2671	6	1			87	151
2672	0	0			218	103
2673	0	0			360	151
2674	0	0			150	275
2675	48	122			162	234
2676	10	24			204	100
2677	1	0			197	156
2678	0	4			194	128
2679	0	0			169	174
2680	0	0			152	148
2681	1	4			162	178
2682	1	1			162	112
2683	2	0			203	191
2684	39	0			145	214
2685	1	18			165	401
2686	0	0			105	147
