ID	IJC_SAMPLE_1	SJC_SAMPLE_1	IJC_SAMPLE_2	SJC_SAMPLE_2	IncFormLen	SkipFormLen
0	0	0			150	137
1	0	0			150	137
2	0	0			150	150
3	0	0			150	98
4	0	0			150	98
5	0	0			138	150
6	0	0			138	150
7	0	0			150	150
8	0	0			150	138
9	0	0			150	138
10	0	0			150	137
11	0	0			150	137
12	0	0			150	150
13	0	0			138	150
14	0	0			138	150
15	0	0			150	150
16	0	0			150	138
17	0	0			150	138
18	0	0			123	150
19	0	0			150	137
20	0	0			150	137
21	0	0			150	150
22	0	0			138	150
23	0	0			138	150
24	0	0			150	150
25	0	0			150	138
26	0	0			150	138
27	0	0			150	150
28	0	0			150	108
29	0	0			150	111
30	0	0			123	150
31	0	0			150	137
32	0	0			150	137
33	0	0			150	150
34	0	0			138	150
35	0	0			138	150
36	0	0			150	150
37	0	0			150	138
38	0	0			150	138
39	0	0			123	150
40	0	0			150	137
41	0	0			150	137
42	0	0			150	150
43	0	0			150	98
44	0	0			150	98
45	0	0			150	111
46	0	0			150	150
47	0	0			150	150
48	0	0			150	150
49	0	0			147	141
50	0	0			150	103
51	0	0			150	150
52	0	0			150	150
53	0	0			111	150
54	0	0			150	103
55	0	0			150	150
56	0	0			147	141
57	0	0			150	103
58	0	0			150	150
59	0	0			150	150
60	0	0			147	141
61	0	0			111	150
62	0	0			150	150
63	0	0			147	141
64	0	0			150	150
65	0	0			150	103
66	0	0			150	150
67	0	0			84	102
68	0	0			148	150
69	0	0			150	150
70	0	0			150	150
71	0	0			141	150
72	0	0			138	150
73	0	0			150	150
74	0	0			99	126
75	0	0			99	102
76	0	0			102	126
77	0	0			102	129
78	0	0			150	150
79	0	0			150	150
80	0	0			150	150
81	0	0			150	121
82	0	0			150	150
83	0	0			150	150
84	0	0			150	150
85	0	0			150	150
86	0	0			150	150
87	0	0			150	150
88	0	0			150	150
89	0	0			150	150
90	0	0			150	108
91	0	0			126	150
92	0	0			150	103
93	0	0			150	150
94	0	0			150	150
95	0	0			150	150
96	0	0			150	150
97	0	0			123	150
98	0	0			106	150
99	0	0			150	150
100	1	51			150	150
101	23	35			138	150
102	10	8			150	150
103	0	0			150	150
104	0	0			150	111
105	53	67			150	150
106	0	0			150	150
107	29	61			117	150
108	20	28			150	150
109	4	0			150	150
110	1	433			115	150
111	1	0			111	105
112	0	2			150	150
113	0	0			150	114
114	0	7			150	123
115	1	8			150	150
116	18	33			150	150
117	75	1			150	121
118	51	2			150	121
119	69	0			150	150
120	6	0			93	90
121	526	597			143	150
122	15	18			150	150
123	0	36			144	111
124	0	1			93	93
125	0	1			150	126
126	0	0			150	150
127	1	0			126	150
128	33	142			114	141
129	723	14			150	150
130	45	61			150	150
131	0	0			150	150
132	49	111			123	140
133	6	5			150	150
134	1	1			150	150
135	108	145			150	150
136	35	27			150	146
137	1	131			150	150
138	22	24			150	150
139	1	0			150	150
140	0	1			136	150
141	0	0			150	150
142	39	183			150	150
143	866	1485			150	150
144	108	89			150	150
145	0	5			150	150
146	28	20			142	150
147	8	1			150	150
148	3	4			150	150
149	132	158			142	148
150	132	157			142	150
151	12	33			150	150
152	23	0			150	150
153	35	82			128	150
154	80	4			150	147
155	72	4			115	118
156	75	76			150	150
157	45	37			150	150
158	6	37			150	150
159	107	15			150	146
160	22	0			150	150
161	15	0			150	113
162	22	0			150	113
163	15	0			150	150
164	8	19			150	150
165	58	117			150	150
166	11	42			146	150
167	54	48			150	134
168	36	86			109	150
169	19	25			150	150
170	132	103			150	150
171	92	67			150	150
172	100	183			146	150
173	7	11			150	119
174	7	178			150	130
175	155	8			150	119
176	11	178			119	130
177	0	215			150	150
178	98	254			150	130
179	11	133			121	150
180	6	138			121	150
181	17	138			150	150
182	22	138			150	150
183	17	6			150	121
184	22	6			150	121
185	29	43			147	144
186	0	0			150	150
187	0	0			150	133
188	4	13			129	148
189	1	0			150	150
190	2	0			150	150
191	48	12			150	150
192	2	90			150	150
193	116	4			150	150
194	0	0			141	150
195	4	8			150	150
196	835	567			150	132
197	43	20			150	150
198	42	117			150	150
199	77	89			150	150
200	0	3			150	144
201	4	2			117	150
202	0	1			150	150
203	1	0			150	150
204	75	84			150	150
205	0	0			123	150
206	93	107			150	147
207	18	28			150	150
208	143	142			150	150
209	15	453			150	150
210	0	34			150	150
211	22	62			150	150
212	35	62			150	150
213	3	0			150	150
214	271	3			148	150
215	53	242			150	150
216	0	16			150	150
217	139	201			148	123
218	105	192			113	150
219	5	0			141	139
220	0	0			150	118
221	814	8			150	150
222	814	28			150	150
223	0	0			150	150
224	0	0			150	150
225	0	0			150	150
226	120	100			150	150
227	17	12			150	122
228	215	205			150	150
229	37	10			150	150
230	18	4			106	150
231	143	117			150	150
232	255	266			150	150
233	2	2			97	97
234	0	0			111	150
235	0	0			150	103
236	0	0			150	150
237	20	15			150	150
238	47	44			150	113
239	1	1			150	150
240	0	0			136	150
241	0	0			147	150
242	266	3			133	150
243	50	69			150	143
244	54	0			150	150
245	0	0			148	150
246	259	403			150	150
247	1076	17			150	150
248	1924	29			150	141
249	0	0			150	150
250	0	0			150	150
251	1	0			150	150
252	79	29			136	150
253	99	54			150	136
254	97	54			144	136
255	82	0			150	120
256	4	19			150	150
257	0	0			150	150
258	0	0			150	150
259	3	2			124	121
260	9	13			150	150
261	1412	1106			150	150
262	849	1654			150	117
263	0	0			122	119
264	20	72			150	150
265	66	162			150	150
266	20	469			150	150
267	519	535			150	150
268	13	56			140	150
269	42	90			150	150
270	147	131			150	150
271	0	2			150	118
272	73	4			150	150
273	147	2			85	85
274	1	1			150	150
275	185	937			150	150
276	63	96			150	150
277	430	1089			150	150
278	3	0			143	143
279	0	0			103	143
280	0	2			150	150
281	44	261			150	150
282	13	261			131	150
283	13	44			131	150
284	2	2			150	150
285	165	131			150	150
286	94	0			138	150
287	177	176			133	150
288	35	4			150	150
289	899	0			150	150
290	5	157			150	150
291	9	10			150	150
292	24	13			150	150
293	200	213			150	150
294	0	0			150	150
295	0	0			150	150
296	0	0			150	150
297	0	0			150	150
298	30	10			150	150
299	24	14			150	150
300	5	14			150	150
301	5	0			133	102
302	1	236			150	122
303	287	236			150	122
304	92	94			150	150
305	92	155			150	150
306	0	1			150	150
307	16	74			150	150
308	84	89			150	150
309	141	180			150	150
310	0	0			150	132
311	85	5			150	150
312	115	189			150	150
313	81	96			150	150
314	144	71			144	150
315	0	0			150	150
316	0	0			150	150
317	0	0			150	150
318	0	0			150	150
319	35	30			150	150
320	6	0			150	150
321	0	0			150	150
322	0	0			125	143
323	6	0			150	150
324	0	4			150	150
325	0	6			150	150
326	3	6			150	150
327	0	5			150	150
328	0	0			150	136
329	0	2			116	150
330	0	0			123	150
331	0	0			150	150
332	1	80			150	141
333	64	1			150	150
334	28	100			150	150
335	38	97			150	150
336	160	234			150	150
337	1	0			150	150
338	0	0			150	150
339	0	0			150	150
340	2	0			150	150
341	0	0			150	150
342	0	1			150	150
343	0	1			150	150
344	2	1			150	150
345	0	0			150	150
346	2	0			150	150
347	2	0			150	150
348	0	0			150	150
349	14	9			150	150
350	15	16			150	150
351	46	40			145	150
352	2	16			150	150
353	2	9			150	150
354	9	22			150	150
355	407	574			150	150
356	27	130			150	148
357	10	28			146	150
358	10	15			150	146
359	6	33			150	150
360	5	2			150	150
361	0	0			150	150
362	0	0			150	121
363	101	189			150	150
364	80	90			150	150
365	46	16			117	150
366	38	114			117	150
367	31	32			148	114
368	18	50			150	108
369	38	44			108	150
370	181	291			122	150
371	412	674			150	150
372	79	1			150	150
373	39	147			117	149
374	0	7			131	125
375	101	0			150	150
376	58	0			150	150
377	75	93			150	150
378	14	9			149	150
379	8	60			124	150
380	3	2			148	150
381	0	0			150	150
382	12	3			150	150
383	24	3			150	144
384	36	41			150	150
385	1362	1622			150	150
386	2	0			150	150
387	85	86			150	150
388	18	41			138	150
389	0	0			120	120
390	11	7			133	150
391	35	0			150	114
392	155	217			150	150
393	9	12			150	150
394	71	25			150	134
395	17	20			127	126
396	8	10			150	150
397	17	32			129	150
398	20	9			150	141
399	1	4			150	123
400	6	0			150	150
401	0	0			150	150
402	2	2			129	150
403	1	4			143	111
404	112	145			150	144
405	81	117			150	150
406	79	113			150	150
407	481	617			150	150
408	478	289			150	150
409	380	485			150	150
410	0	790			100	100
411	0	1			150	117
412	113	186			119	150
413	106	0			127	119
414	218	388			150	150
415	6	18			150	95
416	4	1			150	96
417	14	15			150	150
418	0	0			135	150
419	6	10			150	150
420	0	1			150	150
421	248	339			150	141
422	99	27			150	150
423	38	243			150	150
424	11	243			150	150
425	13	243			150	150
426	109	243			150	150
427	36	17			150	150
428	9	17			150	150
429	4	0			150	150
430	0	0			150	150
431	34	52			150	150
432	25	7			150	150
433	1	0			150	142
434	5	1			150	150
435	4	0			150	138
436	4	0			150	147
437	0	0			138	147
438	66	85			123	150
439	0	0			150	150
440	16	22			150	150
441	3	22			150	150
442	1	1			150	150
443	72	91			150	150
444	410	393			126	115
445	3	180			117	150
446	72	80			150	150
447	371	1			150	150
448	355	423			150	150
449	0	0			150	150
450	1	1			150	133
451	0	0			108	135
452	18	192			150	150
453	0	2			150	150
454	0	1			150	150
455	7	71			150	148
456	5	4			150	150
457	18	62			150	150
458	1	5			150	150
459	229	9			140	150
460	155	253			114	150
461	217	117			135	102
462	3	5693			145	150
463	3982	5693			150	150
464	344	233			150	150
465	10	13			150	150
466	8	0			150	150
467	7	0			150	150
468	10	23			150	150
469	8	10			150	150
470	7	10			150	150
471	16	34			150	150
472	25	34			150	150
473	0	0			150	150
474	0	0			150	150
475	0	0			150	104
476	16	0			150	150
477	0	0			150	150
478	23	2			150	150
479	69	59			150	150
480	14	91			95	150
481	6	0			150	150
482	7	13			150	150
483	19	28			150	150
484	21	28			150	150
485	0	9			84	84
486	28	1			102	150
487	59	74			150	150
488	1	2			150	150
489	2	1			150	150
490	1	9			102	150
491	9	30			128	150
492	28	14			150	128
493	90	167			150	150
494	78	171			150	150
495	0	419			150	135
496	44	64			150	129
497	4	50			147	147
498	12	15			150	150
499	58	81			129	150
500	6	42			150	104
501	11	35			150	150
502	11	35			150	150
503	11	11			150	150
504	40	0			150	133
505	0	0			150	150
506	0	0			150	150
507	135	227			150	150
508	116	173			150	146
509	33	16			150	150
510	883	1056			150	150
511	1	5			150	150
512	36	23			150	150
513	106	83			133	150
514	7	161			150	150
515	0	0			150	150
516	14	0			150	150
517	14	0			150	150
518	2121	6			127	150
519	73	4			150	150
520	189	247			150	150
521	16	4			150	150
522	107	96			147	150
523	72	95			150	150
524	0	1			150	150
525	6	4			150	150
526	618	430			150	133
527	14	33			150	150
528	1365	1689			147	138
529	3174	0			147	150
530	2	0			150	84
531	4	0			150	84
532	5	2			150	150
533	35	35			150	150
534	182	225			150	150
535	26	7			150	150
536	0	12			150	150
537	3	14			145	150
538	3	10			145	150
539	15	65			150	150
540	60	55			134	150
541	23	89			126	150
542	2	73			150	150
543	33	21			150	150
544	33	71			150	150
545	81	96			150	150
546	0	0			150	150
547	287	252			135	143
548	0	0			150	119
549	8	4			112	98
550	2	0			79	82
551	98	6			150	150
552	13	14			150	150
553	1	2			150	150
554	1	2			150	150
555	23	292			108	144
556	23	66			108	102
557	0	0			78	150
558	16	487			150	150
559	16	206			150	150
560	33	62			111	150
561	0	2			150	150
562	21	0			150	150
563	6	45			150	150
564	33	36			150	150
565	33	3			150	150
566	30	29			150	150
567	34	0			113	137
568	552	556			150	150
569	27	111			150	150
570	10	112			150	150
571	164	257			118	150
572	302	427			150	150
573	34	61			150	150
574	202	323			150	150
575	161	132			150	150
576	167	168			150	142
577	0	1			150	150
578	157	124			150	150
579	0	0			150	125
580	238	1			150	150
581	199	298			148	150
582	26	28			150	124
583	0	1			150	150
584	0	0			150	81
585	8	0			138	150
586	0	2			150	150
587	0	0			150	150
588	2	0			150	150
589	0	0			150	150
590	0	0			150	150
591	20	27			150	150
592	10722	1222			150	150
593	1238	18439			150	150
594	38	24			150	140
595	105	2			149	137
596	69	72			150	150
597	0	0			98	98
598	0	0			81	81
599	60	1			128	132
600	0	0			150	105
601	0	0			117	105
602	0	2			150	150
603	99	141			150	150
604	0	0			150	150
605	4	0			150	150
606	7	0			150	150
607	19	84			112	150
608	1	129			147	144
609	21	4			147	150
610	33	43			133	147
611	62	56			147	150
612	326	405			150	150
613	0	7			150	150
614	46	54			114	149
615	0	0			147	141
616	5	10			150	150
617	3	1			150	146
618	9	0			84	84
619	23	13			150	150
620	216	248			150	150
621	132	120			150	118
622	0	4			150	150
623	0	0			150	150
624	14	0			150	150
625	104	50			144	108
626	157	200			150	150
627	6	16			150	141
628	118	169			150	143
629	0	0			150	150
630	122	70			150	130
631	122	87			150	150
632	122	87			150	150
633	2	7			150	150
634	2	16			150	115
635	858	573			150	150
636	24	11			150	150
637	38	44			150	150
638	0	0			150	150
639	138	1			126	150
640	60	107			150	150
641	0	0			150	150
642	28	31			150	120
643	0	3			150	135
644	2	0			96	96
645	53	35			150	116
646	69	117			150	150
647	0	0			150	150
648	0	4			129	137
649	37	28			150	150
650	53	44			150	150
651	397	0			100	100
652	10	10			150	150
653	0	0			150	150
654	1	0			150	150
655	46	15			150	114
656	19	26			150	150
657	0	0			150	125
658	0	0			150	150
659	35	23			148	147
660	27	23			150	147
661	4	8			146	150
662	2	3			150	142
663	1	0			142	150
664	0	0			142	111
665	0	0			150	150
666	57	6			137	150
667	20	18			133	150
668	45	0			150	114
669	29	33			137	150
670	0	0			150	150
671	22	37			150	150
672	0	2			150	150
673	206	712			150	150
674	77	263			106	135
675	49	58			118	140
676	0	0			150	150
677	4	0			150	148
678	120	227			150	142
679	2	0			150	150
680	17	65			103	150
681	438	1			150	150
682	76	64			130	150
683	3	10			150	150
684	0	4			76	150
685	13	20			117	150
686	0	0			138	150
687	0	1			150	150
688	30	81			143	150
689	102	98			134	126
690	8	0			150	138
691	45	0			150	138
692	45	8			150	150
693	0	0			110	127
694	121	155			150	150
695	0	0			126	150
696	113	193			150	150
697	5	20			150	131
698	16	1			125	150
699	0	0			150	142
700	8	51			150	150
701	23	8			150	150
702	30	55			150	150
703	55	133			135	150
704	8	3			150	150
705	0	0			143	150
706	0	0			141	150
707	68	66			150	150
708	40	26			150	150
709	408	154			150	105
710	19	6			138	135
711	1	1			123	99
712	0	35			150	150
713	0	0			150	131
714	0	0			150	150
715	24	33			150	150
716	0	4			150	150
717	2	116			150	150
718	1	233			150	150
719	112	152			150	150
720	70	35			126	150
721	30	48			150	150
722	49	56			150	150
723	13	10			150	148
724	17	6			150	150
725	8	126			150	150
726	4	1			150	150
727	4	0			150	150
728	278	342			145	150
729	62	51			150	150
730	0	0			120	150
731	10	0			147	150
732	1	0			150	150
733	0	0			135	150
734	0	7			150	150
735	0	0			150	126
736	4	51			121	144
737	0	36			150	110
738	93	124			150	150
739	0	0			150	150
740	199	0			150	150
741	92	122			150	150
742	9	148			150	150
743	2393	8464			150	150
744	34	30			150	138
745	13	22			150	138
746	3	27			114	150
747	3	55			150	150
748	2	62			150	150
749	2	94			150	146
750	40	4			150	150
751	32	4			150	150
752	6	41			143	150
753	2	86			150	142
754	54	12			150	150
755	54	12			150	150
756	54	28			150	150
757	1	0			81	81
758	215	117			150	146
759	1	0			150	150
760	51	60			150	150
761	41	2			150	150
762	13	2			150	150
763	13	41			150	150
764	3	1			150	102
765	0	0			111	114
766	1	3			114	111
767	2	11			134	118
768	126	259			150	150
769	0	181			150	150
770	6	5			150	150
771	3	6			150	150
772	4	6			150	150
773	40	64			150	150
774	10	0			87	84
775	14	0			150	147
776	14	0			150	150
777	5	0			150	150
778	23	109			150	150
779	0	0			142	106
780	88	154			141	150
781	53	95			150	150
782	9	95			150	150
783	65	64			150	150
784	57	52			150	150
785	194	2			83	83
786	6507	9849			150	150
787	5	0			150	150
788	2	0			84	84
789	62	144			150	150
790	114	2			92	92
791	0	12			99	99
792	0	0			150	150
793	5	2			150	144
794	5	0			150	150
795	2	0			144	150
796	46	42			150	150
797	4	10			150	150
798	4	12			150	133
799	4	0			150	150
800	10	0			150	150
801	12	0			133	150
802	53	33			150	150
803	7	6			150	150
804	5	6			150	150
805	256	132			132	150
806	425	48			150	150
807	10	26			150	150
808	5	4			150	109
809	88	102			150	136
810	0	0			150	150
811	0	0			150	150
812	20	57			150	150
813	767	0			150	150
814	332	347			150	150
815	279	421			150	150
816	2	422			150	150
817	68	147			150	150
818	59	91			135	150
819	134	162			150	141
820	8	4			150	150
821	34	44			150	150
822	220	355			150	150
823	42	2			125	136
824	0	5			150	128
825	292	45			150	150
826	69	0			150	150
827	262	38			147	150
828	3	4			150	132
829	1	4			150	132
830	1	3			150	150
831	1958	214			150	150
832	17	60			112	150
833	3320	41			150	150
834	4803	8			107	113
835	32	127			150	150
836	1	0			150	150
837	0	0			150	150
838	4	1505			150	150
839	0	0			150	150
840	55	46			150	150
841	55	39			150	124
842	63	66			150	150
843	4	44			150	150
844	4	18			150	110
845	0	0			138	149
846	211	0			150	150
847	122	0			150	150
848	10783	1706			150	150
849	5802	2165			147	131
850	1	11			150	150
851	140	151			150	120
852	32	6			150	114
853	31	35			150	150
854	8	0			114	150
855	37	40			122	147
856	42	89			150	150
857	85	54			150	108
858	0	2			150	143
859	58	83			150	150
860	76	161			150	150
861	57	39			150	150
862	0	0			97	99
863	11	50			150	150
864	34	19			150	150
865	12	1			150	150
866	15	165			150	150
867	254	212			114	111
868	0	0			120	120
869	0	0			135	150
870	5	346			150	150
871	160	346			150	150
872	4	5			150	150
873	0	0			150	150
874	23	7			150	108
875	33	80			113	150
876	84	98			150	150
877	326	113			150	101
878	0	0			87	87
879	0	1			102	150
880	8	2			117	141
881	10	9			150	150
882	30	58			150	150
883	107	187			150	150
884	110	203			136	150
885	1	0			150	150
886	40	137			124	150
887	5	6			99	100
888	0	0			150	150
889	27	6			150	150
890	5	4			150	150
891	3	4			150	150
892	30	50			114	150
893	26	12			150	150
894	68	65			150	150
895	0	3			90	90
896	17	26			90	78
897	0	0			117	78
898	42	37			150	150
899	25	42			150	150
900	2	689			113	142
901	443	689			142	142
902	443	2			142	113
903	265	310			150	150
904	520	799			150	150
905	423	540			150	130
906	2	4			150	150
907	7	6			150	150
908	8	20			148	150
909	4	20			150	150
910	4	8			148	150
911	46	58			150	150
912	24	24			150	150
913	6	13			109	141
914	31	33			150	142
915	9	151			147	150
916	12	151			150	150
917	12	0			150	121
918	54	0			136	128
919	0	29			150	150
920	5	13			150	138
921	0	2			150	150
922	43	165			150	150
923	0	2			150	150
924	1	0			150	150
925	1	0			150	150
926	0	2			150	150
927	0	2			150	150
928	0	0			87	90
929	21	4			128	150
930	3245	8053			103	150
931	7326	8053			150	150
932	3	4			150	150
933	42	129			113	150
934	7	1			150	133
935	65	5			150	150
936	2	1			150	150
937	29	39			150	150
938	1	1			150	150
939	26	1			150	105
940	2	128			87	87
941	10	74			129	150
942	0	1			150	150
943	1	0			150	150
944	1	1			150	150
945	0	1			150	150
946	99	70			150	150
947	0	0			150	124
948	7	1			150	106
949	4	1			150	150
950	0	0			150	150
951	0	0			150	150
952	17	71			102	120
953	49	88			132	150
954	3	1			150	150
955	0	0			150	150
956	4	2			150	150
957	0	1			150	150
958	116	102			150	150
959	139	1			150	150
960	11	10			141	149
961	11	14			141	150
962	3	2			150	150
963	6	2			150	150
964	5	17			114	102
965	0	17			126	102
966	32	6			150	102
967	30	4			150	102
968	31	209			150	150
969	173	0			150	150
970	42	24			145	150
971	0	0			150	150
972	0	0			150	131
973	0	0			150	131
974	1	156			98	150
975	4	15			150	150
976	101	0			150	150
977	36	33			150	150
978	0	126			150	150
979	1	0			117	150
980	0	105			150	150
981	5	6			150	150
982	0	0			150	150
983	182	6			150	150
984	22	21			150	150
985	18	23			150	150
986	0	0			127	129
987	0	0			150	150
988	8	23			150	150
989	0	0			150	150
990	0	0			150	150
991	21	19			141	150
992	0	0			110	150
993	0	0			110	150
994	0	0			150	146
995	0	151			124	128
996	19	18			150	150
997	89	121			150	112
998	212	0			150	150
999	1	135			150	136
1000	58	108			150	150
1001	44	24			150	150
1002	0	0			98	95
1003	12	75			130	150
1004	5	42			150	138
1005	10	55			150	150
1006	2	127			106	150
1007	0	165			79	150
1008	7	34			98	150
1009	3	13			150	150
1010	23	1			150	150
1011	11	50			150	150
1012	0	3			150	150
1013	94	126			150	150
1014	94	1			150	150
1015	1	1			132	132
1016	61	68			125	150
1017	7	3			93	93
1018	1	2			96	90
1019	2	9			96	90
1020	19	2			87	99
1021	10	84			116	116
1022	0	0			150	150
1023	38	86			146	150
1024	76	86			150	150
1025	182	0			98	101
1026	179	194			150	150
1027	26	371			150	150
1028	1106	994			150	150
1029	18	44			150	150
1030	16	19			150	150
1031	0	34			150	150
1032	41	78			150	150
1033	0	3			150	150
1034	0	0			150	150
1035	221	276			150	150
1036	13	27			150	150
1037	11	8			138	150
1038	52	41			150	150
1039	0	114			150	150
1040	60	82			150	150
1041	129	163			150	150
1042	0	8			150	150
1043	1	0			150	150
1044	13	122			136	150
1045	0	0			150	150
1046	0	0			150	136
1047	0	0			150	136
1048	29	38			133	146
1049	37	76			133	150
1050	21	10			146	150
1051	36	56			150	150
1052	8	65			150	150
1053	28	25			150	150
1054	6	36			150	150
1055	3	81			150	122
1056	61	135			109	126
1057	99	8			150	150
1058	20	31			150	135
1059	18	31			150	135
1060	14	23			141	150
1061	19	10			138	150
1062	29	19			150	138
1063	204	0			87	87
1064	0	0			150	150
1065	34	4			150	150
1066	22	27			150	150
1067	27	5			150	150
1068	27	34			150	150
1069	48	25			150	98
1070	101	52			150	150
1071	2	0			146	135
1072	4	24			150	150
1073	9	24			130	150
1074	9	8			130	121
1075	9	37			150	150
1076	14	7			150	150
1077	26	24			150	150
1078	48	128			107	134
1079	60	77			150	150
1080	0	72			150	150
1081	4	0			81	81
1082	8	0			150	150
1083	26	29			150	150
1084	1	70			150	150
1085	0	0			150	150
1086	0	0			150	150
1087	0	0			150	150
1088	0	0			150	150
1089	0	0			84	84
1090	0	0			123	150
1091	6	2			150	150
1092	0	0			150	150
1093	1	0			150	131
1094	49	23			143	119
1095	77	23			150	119
1096	1	0			150	150
1097	0	0			138	150
1098	19	30			128	150
1099	57	47			150	137
1100	301	288			150	140
1101	0	0			150	150
1102	138	106			150	110
1103	0	0			150	150
1104	13	5			108	150
1105	14	2			150	150
1106	2	6			150	150
1107	135	172			137	150
1108	0	1			150	150
1109	160	61			150	150
1110	0	7			150	150
1111	0	2			150	127
1112	7	2			150	127
1113	0	7			96	90
1114	3	35			150	150
1115	12	36			150	150
1116	7	36			150	150
1117	8	36			150	150
1118	2	12			150	150
1119	2	26			150	150
1120	9	21			150	150
1121	1	16			137	150
1122	18	1			150	150
1123	80	1			150	95
1124	80	3			150	137
1125	1	3			95	137
1126	0	6			147	141
1127	5	6			150	141
1128	5	0			150	147
1129	0	0			108	150
1130	3	6			148	150
1131	0	0			150	150
1132	0	0			150	150
1133	0	0			150	150
1134	0	0			150	150
1135	0	0			150	150
1136	1	34			150	147
1137	146	162			150	150
1138	0	0			81	81
1139	0	4			150	150
1140	7	158			81	144
1141	2	158			81	144
1142	2	7			81	81
1143	0	3			150	150
1144	204	386			150	150
1145	0	0			150	150
1146	134	42			150	135
1147	2	2			150	150
1148	7	21			148	150
1149	0	0			150	137
1150	28	39			150	150
1151	2	0			150	150
1152	5	0			132	150
1153	22	91			148	150
1154	22	52			148	150
1155	93	23			138	97
1156	12	72			150	150
1157	21	27			150	150
1158	159	203			150	150
1159	1	0			150	150
1160	0	0			150	150
1161	139	349			150	150
1162	0	0			150	150
1163	37	1			150	150
1164	5	17			150	150
1165	29	44			150	147
1166	171	195			150	150
1167	60	0			150	150
1168	4	505			150	150
1169	128	505			150	150
1170	43	559			150	150
1171	210	559			150	150
1172	4	301			150	150
1173	260	174			150	150
1174	211	174			150	150
1175	210	43			150	150
1176	211	260			150	150
1177	0	0			150	150
1178	32	49			150	150
1179	6	45			150	150
1180	40	82			150	150
1181	0	0			150	150
1182	321	232			150	131
1183	3	1			150	150
1184	0	0			150	150
1185	69	88			150	150
1186	100	88			150	150
1187	86	0			90	93
1188	282	166			150	150
1189	18	0			147	150
1190	23	38			150	150
1191	53	48			150	150
1192	68	89			150	150
1193	643	519			150	150
1194	0	0			150	103
1195	0	0			150	150
1196	0	0			120	150
1197	0	0			150	150
1198	0	0			150	120
1199	0	0			150	120
1200	0	0			150	150
1201	7	97			150	150
1202	227	22			111	123
1203	165	3			111	114
1204	197	21			150	111
1205	1	4			150	150
1206	1	4			150	150
1207	4	0			150	150
1208	0	10			121	135
1209	3	2			150	135
1210	1	132			119	112
1211	4	183			102	150
1212	0	0			90	87
1213	3	3			150	150
1214	0	0			96	96
1215	35	7			150	150
1216	0	0			150	150
1217	18	72			150	150
1218	14	39			150	150
1219	14	39			150	150
1220	25	29			150	146
1221	19	27			150	150
1222	8	39			114	144
1223	0	0			147	141
1224	59	59			150	150
1225	29	79			150	150
1226	37008	831			150	150
1227	0	0			150	150
1228	0	0			150	150
1229	117	206			136	150
1230	25	63			126	123
1231	25	51			126	150
1232	5	16			129	135
1233	3	17			129	135
1234	9	17			111	135
1235	4	0			129	150
1236	10	0			111	150
1237	7	0			129	150
1238	9	3			111	129
1239	10	4			111	129
1240	50	54			150	150
1241	7	14			150	150
1242	0	1			110	93
1243	3	3			150	150
1244	2	5			150	150
1245	2	5			150	150
1246	0	0			150	150
1247	42	40			150	150
1248	3	12094			150	150
1249	6	26			150	150
1250	7	26			150	150
1251	25	19			148	150
1252	19	19			150	150
1253	0	10			150	114
1254	33	37			150	150
1255	16	21			150	126
1256	3	2			132	150
1257	38	55			150	147
1258	0	0			150	150
1259	284	298			150	150
1260	557	0			150	150
1261	2	35			150	150
1262	178	9			150	150
1263	155	66			150	150
1264	132	71			150	135
1265	0	136			150	135
1266	164	265			150	150
1267	1	0			140	150
1268	11	5			142	150
1269	2	0			90	105
1270	98	73			150	150
1271	465	103			150	150
1272	212	397			111	150
1273	246	176			150	111
1274	0	0			150	150
1275	62	87			150	136
1276	7	10			120	140
1277	16	60			150	150
1278	2	40			150	150
1279	0	0			150	150
1280	0	0			150	150
1281	0	0			150	150
1282	1	0			150	150
1283	0	0			150	150
1284	0	0			150	150
1285	1	0			150	150
1286	0	0			150	150
1287	1	0			150	150
1288	0	16			121	150
1289	0	0			121	133
1290	0	0			150	133
1291	0	0			150	121
1292	8	2			141	150
1293	1	19			150	150
1294	693	659			150	150
1295	586	840			150	150
1296	0	0			150	150
1297	37	132			150	150
1298	113	15			144	150
1299	0	0			150	150
1300	0	0			150	150
1301	3	11			150	150
1302	15	10			150	150
1303	12	11			150	150
1304	11	11			102	150
1305	4	3			150	150
1306	68	101			149	150
1307	16	16			139	150
1308	130	15			110	150
1309	1	8			150	100
1310	1	0			150	150
1311	0	1			150	114
1312	46	51			150	150
1313	0	0			150	98
1314	789	752			149	150
1315	6	718			150	150
1316	105	116			149	150
1317	115	121			144	150
1318	0	2			150	150
1319	0	2			150	150
1320	0	2			150	150
1321	0	0			150	150
1322	0	4			150	150
1323	737	503			150	150
1324	32	51			150	150
1325	0	0			150	150
1326	0	0			84	96
1327	1	0			144	93
1328	1	6			102	117
1329	0	0			133	117
1330	0	0			150	109
1331	0	0			150	109
1332	0	0			150	150
1333	30	40			144	132
1334	0	0			135	150
1335	185	331			150	150
1336	28	64			150	150
1337	4	0			150	106
1338	82	20			120	117
1339	1	2			150	150
1340	0	2			150	150
1341	53	55			150	150
1342	0	19			111	150
1343	48	82			150	141
1344	56	0			150	150
1345	56	47			150	150
1346	0	47			150	150
1347	1	0			150	150
1348	0	0			123	150
1349	11	22			150	150
1350	214	293			118	150
1351	0	0			150	150
1352	0	0			150	150
1353	0	0			150	130
1354	0	0			150	149
1355	51	62			150	150
1356	51	17			150	150
1357	51	18			150	121
1358	45	17			150	121
1359	62	17			150	150
1360	62	18			150	121
1361	19	52			150	143
1362	89	17			150	121
1363	46	52			150	143
1364	40	805			150	150
1365	4	176			143	150
1366	0	0			150	150
1367	0	0			147	137
1368	0	0			114	150
1369	0	0			133	150
1370	24	0			150	87
1371	209	346			150	150
1372	20	10			150	150
1373	14	15			150	150
1374	14	19			150	150
1375	0	1			150	150
1376	0	1			150	150
1377	0	0			84	93
1378	0	12			150	150
1379	0	0			110	150
1380	0	0			150	150
1381	2	2			137	150
1382	31	6			143	150
1383	41	50			150	150
1384	2	1			150	150
1385	105	2			150	150
1386	1	1			150	136
1387	7865	9109			150	150
1388	4913	4294			150	150
1389	20	7			150	150
1390	13	0			150	150
1391	54	81			150	150
1392	85	81			150	150
1393	0	0			150	150
1394	0	0			78	78
1395	0	0			150	150
1396	377	681			150	150
1397	342	534			150	150
1398	342	2			150	118
1399	86	76			150	150
1400	103	183			150	139
1401	102	114			150	139
1402	118	92			150	150
1403	41	92			139	150
1404	83	96			139	150
1405	33	0			150	150
1406	208	229			150	150
1407	153	119			150	150
1408	2	2			150	99
1409	1	52			150	81
1410	48	145			150	150
1411	0	0			128	150
1412	52	68			150	150
1413	75	53			150	150
1414	18	26			150	148
1415	0	0			150	150
1416	28	21			150	150
1417	0	0			134	150
1418	0	4			114	150
1419	11	4			123	150
1420	100	0			150	92
1421	11	0			123	114
1422	4	48			144	150
1423	8	6			150	127
1424	9	2			150	150
1425	1	20			150	150
1426	0	15			148	150
1427	1	0			150	150
1428	16	1			150	150
1429	16	1			150	150
1430	0	0			150	150
1431	0	0			150	150
1432	0	0			150	150
1433	0	0			150	150
1434	0	0			150	103
1435	0	0			150	150
1436	63	155			150	150
1437	32	118			150	150
1438	0	255			144	150
1439	0	1			150	133
1440	1	0			150	150
1441	0	0			150	150
1442	4	4			149	149
1443	73	76			150	150
1444	7	33			105	133
1445	264	201			150	150
1446	235	245			150	150
1447	158	18			150	123
1448	6	0			150	150
1449	13	0			150	150
1450	1	0			150	150
1451	1	6			150	150
1452	1	13			150	150
1453	0	0			121	147
1454	31	170			150	150
1455	0	0			150	150
1456	1	2			150	140
1457	44	41			137	150
1458	3	5			150	150
1459	7	1			150	150
1460	228	310			150	150
1461	16	15			150	150
1462	354	390			150	150
1463	64	59			150	150
1464	1	0			144	131
1465	54	41			150	150
1466	144	358			150	150
1467	0	0			126	150
1468	249	149			150	131
1469	118	171			120	150
1470	112	151			120	131
1471	101	5			150	150
1472	242	405			150	150
1473	3	48			150	150
1474	57	39			150	150
1475	1	0			150	150
1476	1	1			150	121
1477	19	51			150	150
1478	0	0			150	150
1479	469	94			150	150
1480	0	1			150	150
1481	25	0			99	99
1482	10	23			134	150
1483	18	23			150	150
1484	20	3			150	142
1485	0	0			150	150
1486	28	56			129	150
1487	48	5			125	115
1488	30	23			150	138
1489	4	2			150	150
1490	0	0			150	150
1491	0	0			150	150
1492	0	0			141	150
1493	0	5			136	150
1494	0	0			150	130
1495	0	0			150	130
1496	0	0			150	150
1497	0	0			150	150
1498	0	0			150	150
1499	0	0			150	150
1500	0	0			150	136
1501	1	2			150	150
1502	2	6			139	150
1503	6	2			150	150
1504	199	176			141	143
1505	179	279			143	146
1506	201	215			146	133
1507	24	223			150	150
1508	2	223			150	150
1509	61	223			150	150
1510	49	64			150	150
1511	4	49			146	150
1512	0	0			134	150
1513	55	51			150	150
1514	53	75			150	150
1515	0	0			96	96
1516	47	55			150	150
1517	159	34			150	150
1518	147	113			150	150
1519	15	27			150	150
1520	13	9			150	150
1521	0	0			147	141
1522	434	514			150	150
1523	1	6			150	150
1524	4	19			150	140
1525	0	0			123	150
1526	0	0			123	150
1527	0	0			123	78
1528	0	0			150	78
1529	0	0			150	78
1530	150	201			150	150
1531	90	194			135	150
1532	210	0			79	79
1533	0	11			150	150
1534	0	0			150	150
1535	37	8			150	150
1536	21	23			150	150
1537	19	4			150	143
1538	3	21			143	150
1539	5	6			150	150
1540	5	0			150	150
1541	10	0			150	150
1542	35	16			150	150
1543	689	63			113	136
1544	0	0			150	150
1545	0	0			115	150
1546	0	0			139	128
1547	4	4			108	123
1548	123	159			150	150
1549	8816	11752			150	150
1550	93	55			150	150
1551	50	21			150	150
1552	135	1			128	79
1553	0	26			150	150
1554	0	6			150	150
1555	26	6			150	150
1556	137	451			150	144
1557	250	0			150	76
1558	0	0			150	136
1559	0	0			150	150
1560	0	0			150	150
1561	2	10			150	150
1562	0	0			150	150
1563	0	27			150	131
1564	0	27			150	131
1565	0	2			150	150
1566	0	0			150	122
1567	363	27			150	150
1568	42	47			129	124
1569	8	0			150	150
1570	144	217			114	132
1571	65	64			150	150
1572	44	62			150	150
1573	0	59			150	122
1574	0	0			150	150
1575	0	0			150	150
1576	47	88			150	150
1577	25	114			150	150
1578	64	116			150	150
1579	27	26			150	150
1580	4	0			81	81
1581	26	45			130	150
1582	354	295			150	129
1583	0	53			96	96
1584	0	64			96	93
1585	40	188			118	150
1586	97	133			150	150
1587	55	61			133	150
1588	13	16			129	150
1589	0	0			150	150
1590	0	0			150	150
1591	0	2			142	150
1592	0	6			114	145
1593	0	2			150	150
1594	0	1			150	150
1595	0	1			150	150
1596	0	10			150	145
1597	2	1			150	150
1598	2	1			150	150
1599	2	10			150	145
1600	1	10			150	145
1601	1	10			150	145
1602	0	0			123	150
1603	60	88			150	150
1604	0	0			150	108
1605	1	3			147	141
1606	3	0			126	99
1607	14	18			150	150
1608	1	0			150	150
1609	1	0			150	150
1610	0	0			150	150
1611	0	0			150	150
1612	4	1			150	150
1613	0	0			96	90
1614	13	15			150	150
1615	35	46			150	150
1616	243	10			150	150
1617	141	102			150	150
1618	31	65			150	150
1619	2	0			150	150
1620	72	140			150	150
1621	5	29			150	150
1622	11	6			150	150
1623	0	1			150	150
1624	0	2			144	150
1625	0	0			150	150
1626	155	14			150	150
1627	46	5			150	150
1628	50	52			150	150
1629	0	0			87	87
1630	1	2			150	147
1631	0	1			150	147
1632	1	45			79	150
1633	22	12			150	150
1634	22	36			150	150
1635	3	12			150	150
1636	3	36			150	150
1637	12	36			150	150
1638	6	14			139	150
1639	55	160			150	150
1640	0	35			84	150
1641	0	0			150	150
1642	44	64			150	150
1643	20	32			123	150
1644	13	2			150	150
1645	66	89			150	135
1646	146	123			150	150
1647	165	130			150	136
1648	0	140			98	98
1649	195	271			150	146
1650	60	40			150	136
1651	60	107			150	150
1652	10	0			140	125
1653	0	0			150	107
1654	0	9			150	150
1655	6	17			106	150
1656	47	154			138	150
1657	42	9			150	90
1658	13	9			150	150
1659	4	16			111	150
1660	0	0			150	150
1661	24	206			150	150
1662	2	17			120	150
1663	7	10			150	150
1664	22	1			150	150
1665	0	214			132	150
1666	137	109			150	143
1667	0	6			150	150
1668	0	6			105	150
1669	0	0			105	150
1670	0	1			150	150
1671	102	109			150	150
1672	3	9			126	150
1673	0	248			82	150
1674	0	0			150	150
1675	0	0			150	150
1676	196	221			150	150
1677	14	0			150	150
1678	14	1			150	150
1679	24	0			150	150
1680	349	24609			150	150
1681	17900	24609			111	150
1682	83	72			110	125
1683	215	72			150	125
1684	3	0			147	150
1685	6	30			150	128
1686	72	46			150	150
1687	146	100			150	150
1688	4	182			147	147
1689	0	0			150	150
1690	0	0			150	150
1691	2	1			150	150
1692	2	0			150	150
1693	1	0			150	150
1694	1	140			150	150
1695	1	69			150	150
1696	0	0			106	106
1697	0	0			100	100
1698	202	78			150	150
1699	202	1			150	150
1700	1244	0			150	150
1701	2393	0			150	150
1702	71	209			124	150
1703	0	0			150	150
1704	2078	3370			150	150
1705	256	146			150	130
1706	133	163			150	150
1707	368	1			150	150
1708	4	222			150	150
1709	4	322			150	150
1710	4	212			150	150
1711	19	10			138	146
1712	2	4			150	150
1713	2	4			150	150
1714	0	0			131	150
1715	213	220			150	150
1716	59	41			150	150
1717	76	11			150	150
1718	27	24			150	126
1719	69	0			84	87
1720	1799	222			150	119
1721	1271	0			132	150
1722	13	0			138	115
1723	28	40			150	150
1724	1	91			136	150
1725	46	90			136	150
1726	62	91			150	150
1727	63	6			150	132
1728	199	287			150	150
1729	151	114			150	150
1730	0	11			150	150
1731	243	187			150	150
1732	0	0			150	150
1733	0	0			150	108
1734	1	16			124	150
1735	8	13			150	150
1736	8	12			150	150
1737	9	11			150	150
1738	8	0			141	150
1739	6	0			150	137
1740	0	0			150	137
1741	0	6			150	150
1742	41	37			150	150
1743	0	0			123	150
1744	105	1153			150	142
1745	385	1186			150	142
1746	61	60			141	141
1747	47	66			150	141
1748	6	72			118	150
1749	184	113			150	135
1750	0	0			93	126
1751	0	38			150	150
1752	1	0			150	150
1753	0	1			150	150
1754	0	11			150	150
1755	28	47			150	150
1756	166	21			150	89
1757	49	6			150	129
1758	2	8			150	150
1759	193	197			150	150
1760	18	7			150	138
1761	24	27			150	150
1762	0	0			150	143
1763	7	6			114	150
1764	0	0			150	98
1765	0	0			150	98
1766	6	2			150	128
1767	0	5			150	150
1768	111	98			150	150
1769	73	99			150	150
1770	49	53			150	139
1771	23	248			150	150
1772	157	194			150	150
1773	10	7			150	150
1774	0	0			150	145
1775	26	47			150	150
1776	53	7			150	150
1777	110	96			150	150
1778	68	114			150	150
1779	1	0			150	150
1780	0	3			129	114
1781	825	768			147	147
1782	579	768			150	147
1783	26	619			150	150
1784	62	76			142	150
1785	0	0			144	150
1786	0	0			144	150
1787	0	0			150	150
1788	21	9			150	132
1789	789	648			150	150
1790	918	100			150	150
1791	5	4			142	150
1792	44	4			150	150
1793	0	28			96	93
1794	0	0			150	98
1795	0	0			150	98
1796	36	3			120	150
1797	34	2476			150	150
1798	16	2476			150	150
1799	1	1			150	150
1800	11	2			150	150
1801	2	1			150	150
1802	77	21			150	150
1803	129	7			150	150
1804	118	178			150	150
1805	2	0			99	132
1806	61	210			150	150
1807	61	276			150	135
1808	210	276			150	135
1809	192	226			150	150
1810	0	11			149	150
1811	0	7			149	150
1812	33	32			150	150
1813	30	26			150	150
1814	31	1			150	150
1815	26	15			150	150
1816	47	46			150	150
1817	73	83			150	150
1818	34	97			150	150
1819	4	127			150	150
1820	0	0			77	150
1821	76	87			146	146
1822	272	135			150	150
1823	2	135			143	150
1824	208	190			150	150
1825	122	121			135	141
1826	24	40			150	150
1827	44	0			150	80
1828	4812	7538			150	150
1829	1212	1351			150	135
1830	77	115			150	150
1831	136	93			150	142
1832	16	19			150	150
1833	148	0			150	135
1834	189	22			150	150
1835	1230	155			144	144
1836	63	67			150	150
1837	0	0			111	150
1838	277	257			145	150
1839	2	39			150	150
1840	48	24			150	150
1841	368	413			137	150
1842	19	14			150	150
1843	1	12			150	150
1844	0	32			150	150
1845	11	0			150	150
1846	0	0			150	79
1847	69	84			150	132
1848	122	16			150	150
1849	18	7			125	150
1850	32	10			125	150
1851	1	10			127	150
1852	17	7			125	150
1853	2	13			131	125
1854	41	9			150	150
1855	0	0			116	150
1856	25	23			150	150
1857	6	11			150	150
1858	0	3			150	150
1859	0	7			150	150
1860	231	3			138	150
1861	5	95			150	150
1862	0	0			150	150
1863	0	0			150	150
1864	0	0			150	150
1865	5	6			150	134
1866	0	0			150	150
1867	450	3592			150	141
1868	46	63			150	150
1869	0	0			127	150
1870	7	20			150	150
1871	12	77			133	150
1872	19	0			104	150
1873	597	678			150	150
1874	114	204			150	150
1875	0	0			132	150
1876	57	0			150	150
1877	194	159			150	150
1878	0	0			93	93
1879	0	0			93	150
1880	4	18			150	141
1881	17	1			150	150
1882	21	12			150	150
1883	18	0			150	150
1884	18	56			150	149
1885	0	56			150	149
1886	59	168			150	150
1887	0	0			150	114
1888	0	0			150	114
1889	1	0			150	150
1890	1	1			150	150
1891	1	8			150	150
1892	1	10			150	150
1893	2	0			134	150
1894	2	1			134	150
1895	2	24			134	150
1896	0	1			150	150
1897	8	10			150	150
1898	0	0			150	150
1899	0	0			150	137
1900	0	0			150	137
1901	0	0			150	150
1902	1	198			150	150
1903	376	22			150	150
1904	19	463			150	150
1905	19	465			150	150
1906	0	0			150	150
1907	19	0			150	122
1908	1	159			150	150
1909	8	0			150	150
1910	7	10			150	150
1911	1270	1621			150	150
1912	1021	1319			150	150
1913	493	1269			119	150
1914	6	0			150	150
1915	96	119			114	150
1916	492	544			150	145
1917	0	31			135	117
1918	4	31			108	117
1919	4	0			108	135
1920	3	0			108	135
1921	76	5			148	148
1922	34	29			142	150
1923	29	29			120	150
1924	22	29			150	142
1925	1	26			120	142
1926	1	34			117	150
1927	31	34			120	150
1928	1	34			117	150
1929	2	34			120	150
1930	2	43			150	150
1931	27	24			150	150
1932	1	1			150	150
1933	1	1			135	147
1934	156	0			150	103
1935	1	22			115	130
1936	3	40			115	130
1937	6	21			150	150
1938	8	14			150	150
1939	0	0			150	150
1940	311	521			150	150
1941	2	0			133	122
1942	2	3			133	150
1943	0	3			122	150
1944	44	14			150	150
1945	0	7			93	93
1946	13	30			121	150
1947	46	13			150	121
1948	3	48			123	150
1949	125	127			150	134
1950	253	96			150	117
1951	0	2			121	150
1952	1	2			150	150
1953	0	1			121	150
1954	2	0			84	84
1955	0	0			150	84
1956	0	2			150	84
1957	77	0			150	150
1958	75	12			147	147
1959	173	222			150	133
1960	0	0			150	150
1961	0	0			150	150
1962	6	10			150	150
1963	10	22			150	150
1964	12	8			150	150
1965	23	10			150	150
1966	6	31			150	150
1967	197	192			139	150
1968	1	0			108	108
1969	0	0			150	150
1970	44	32			150	150
1971	35	26			129	150
1972	17	9			150	150
1973	508	626			150	150
1974	11	27			150	150
1975	385	292			150	150
1976	1	60			150	150
1977	6	2			150	150
1978	3	7			150	129
1979	43	46			150	150
1980	311	300			136	150
1981	164	178			150	150
1982	98	166			150	150
1983	1	2			109	150
1984	3	13			150	150
1985	4	10			126	150
1986	2	9			105	150
1987	44	81			150	150
1988	53	77			150	150
1989	1	0			150	150
1990	1	0			150	150
1991	0	0			150	150
1992	10	18			123	150
1993	0	7			93	93
1994	2	3			150	150
1995	78	64			142	136
1996	0	0			150	150
1997	1	0			115	118
1998	32	31			150	123
1999	81	34			150	150
2000	13	8			150	150
2001	31	22			143	150
2002	30	27			143	150
2003	0	0			150	150
2004	32	38			150	125
2005	7	0			99	126
2006	0	0			99	102
2007	2	0			102	126
2008	2	0			102	129
2009	95	50			150	102
2010	62	73			150	150
2011	29	0			150	150
2012	0	0			150	98
2013	0	0			150	98
2014	137	41			150	106
2015	38	25			139	150
2016	0	5			150	150
2017	28	54			150	150
2018	7	0			150	150
2019	0	7			150	150
2020	76	82			150	150
2021	0	13			150	150
2022	274	48			135	141
2023	14	21			150	150
2024	0	4			147	127
2025	56	62			150	150
2026	178	16			150	109
2027	108	7			142	150
2028	6	7			102	99
2029	39	39			150	150
2030	0	0			97	150
2031	278	238			150	150
2032	0	0			93	90
2033	1	102			102	150
2034	1	73			102	150
2035	111	110			150	150
2036	0	1			150	99
2037	0	23			148	78
2038	4	0			123	99
2039	23	65			150	150
2040	24	23			150	150
2041	23	31			150	142
2042	87	166			150	150
2043	707	287			150	96
2044	97	17			150	150
2045	97	402			150	150
2046	8	1			144	81
2047	0	0			120	150
2048	411	11			150	150
2049	31	16			101	150
2050	19	91			150	150
2051	6	0			108	96
2052	9	0			150	96
2053	9	6			150	108
2054	0	0			150	111
2055	10	72			150	150
2056	10	170			150	150
2057	31	30			150	150
2058	320	227			150	150
2059	8	10			150	150
2060	0	0			150	150
2061	0	0			125	150
2062	19	0			150	150
2063	0	1			150	150
2064	196	105			150	150
2065	0	0			150	150
2066	2	3			150	128
2067	351	1			150	97
2068	176	171			150	150
2069	274	597			150	150
2070	164	164			150	150
2071	3	0			150	150
2072	12	3			150	117
2073	0	0			150	150
2074	1	0			150	150
2075	0	0			150	150
2076	0	1			150	150
2077	0	1			150	150
2078	0	1			150	150
2079	0	0			150	150
2080	4	0			150	150
2081	0	0			150	150
2082	13	115			111	150
2083	38	33			150	150
2084	159	213			150	150
2085	7	5			150	150
2086	1	5			150	150
2087	1	1			87	87
2088	145	121			149	150
2089	6	1			150	150
2090	37	55			150	150
2091	41	53			150	150
2092	367	5			150	150
2093	83	97			150	150
2094	0	2			150	150
2095	3	133			150	150
2096	5	179			150	150
2097	135	194			150	150
2098	187	147			150	133
2099	84	72			150	150
2100	76	73			150	120
2101	186	0			120	150
2102	84	161			120	150
2103	8	313			131	150
2104	129	159			150	150
2105	125	184			150	150
2106	79	104			147	150
2107	79	2			147	150
2108	82	96			150	147
2109	0	0			150	150
2110	0	0			150	150
2111	6	24			150	146
2112	0	24			150	146
2113	0	6			150	150
2114	13	135			150	150
2115	13	135			150	150
2116	57	62			150	150
2117	0	0			150	150
2118	0	1			150	150
2119	0	0			150	150
2120	37	44			150	147
2121	60	7			150	136
2122	1	84			150	150
2123	1	93			150	150
2124	1	79			150	150
2125	33	11			150	150
2126	35	14			150	150
2127	0	0			150	150
2128	59	1			150	150
2129	1	217			150	150
2130	0	0			138	150
2131	0	0			138	150
2132	0	0			150	150
2133	0	0			150	138
2134	0	0			150	138
2135	0	2			150	150
2136	133	214			150	150
2137	0	0			139	150
2138	35	30			150	150
2139	1	2			150	150
2140	105	163			150	150
2141	116	114			150	150
2142	0	0			108	150
2143	0	0			144	147
2144	0	0			150	150
2145	508	3			150	150
2146	0	4			150	150
2147	84	106			150	150
2148	853	1854			150	150
2149	62	1854			150	150
2150	0	0			83	77
2151	3	0			150	133
2152	0	0			150	150
2153	0	0			150	87
2154	0	0			87	150
2155	1	5			150	150
2156	99	76			149	150
2157	6237	7065			150	150
2158	124	132			150	150
2159	111	132			150	150
2160	28	48			150	150
2161	25	32			150	150
2162	31	6			150	114
2163	10	58			150	150
2164	850	678			150	150
2165	717	617			150	150
2166	0	31			118	150
2167	69	105			150	150
2168	14	108			150	150
2169	0	0			150	150
2170	193	27			150	150
2171	663	852			150	150
2172	10	156			104	150
2173	20	74			150	150
2174	74	133			150	150
2175	1	15			150	150
2176	1	18			150	150
2177	1	0			150	150
2178	42	100			150	150
2179	42	105			150	150
2180	9	31			150	150
2181	4	0			150	141
2182	14	8			150	150
2183	0	0			123	150
2184	67	5			150	150
2185	0	0			150	150
2186	0	0			150	129
2187	7	19			150	150
2188	0	0			125	150
2189	3	54			150	150
2190	1	0			150	129
2191	127	74			137	134
2192	215	122			150	150
2193	2	10			124	121
2194	0	0			150	133
2195	65	49			150	150
2196	65	16			150	150
2197	66	30			150	150
2198	0	68			150	149
2199	2	171			150	149
2200	0	0			129	150
2201	1173	1047			150	150
2202	45	154			126	150
2203	0	0			130	150
2204	0	0			93	150
2205	222	227			150	150
2206	176	255			150	150
2207	2	5			150	150
2208	1	5			150	150
2209	1	2			150	150
2210	108	138			150	150
2211	37	48			150	150
2212	39	21			150	150
2213	27	4			148	150
2214	24	29			148	150
2215	28	37			150	148
2216	80	164			150	150
2217	12	27			150	126
2218	12	39			126	150
2219	1	18			120	90
2220	1	0			120	90
2221	18	0			90	90
2222	21	24			150	144
2223	59	21			150	125
2224	12	2			150	139
2225	128	74			150	150
2226	0	0			150	98
2227	0	0			150	98
2228	0	111			150	150
2229	0	111			109	150
2230	0	0			109	150
2231	323	411			150	150
2232	26	139			150	150
2233	26	50			150	150
2234	3	10			150	150
2235	3	7			150	150
2236	9	15			135	149
2237	0	20			150	135
2238	8	79			150	150
2239	671	27			108	111
2240	0	8			143	134
2241	176	262			150	150
2242	2	0			150	140
2243	47	49			150	150
2244	74	0			150	149
2245	74	79			150	150
2246	0	83			149	150
2247	84	57			150	145
2248	471	1199			128	150
2249	816	959			150	150
2250	80	123			150	150
2251	0	0			150	150
2252	2	51			150	150
2253	2	51			150	150
2254	2	51			150	150
2255	0	1			150	150
2256	0	0			150	150
2257	0	1			150	150
2258	0	1			150	150
2259	0	0			150	150
2260	1	0			150	150
2261	1	0			150	150
2262	0	0			150	150
2263	0	0			150	150
2264	34	48			149	150
2265	1	0			150	134
2266	4	1			147	150
2267	0	1			150	150
2268	0	2			150	150
2269	49	0			150	87
2270	5	0			87	87
2271	0	4			138	150
2272	0	4			138	150
2273	3	4			150	150
2274	3	0			150	138
2275	3	0			150	138
2276	303	64			99	114
2277	84	181			127	150
2278	150	206			150	150
2279	352	361			150	150
2280	0	0			150	150
2281	2	44			150	150
2282	18	0			150	150
2283	8	0			150	150
2284	2178	0			150	77
2285	0	1			150	150
2286	0	0			127	127
2287	0	7			150	150
2288	0	1			127	127
2289	0	1			127	127
2290	0	0			127	127
2291	3	84			150	150
2292	0	0			150	126
2293	39	69			150	150
2294	2	7			150	150
2295	7	6			147	150
2296	0	0			135	150
2297	39	34			150	150
2298	0	0			150	150
2299	35	89			116	150
2300	125	0			87	87
2301	125	0			87	150
2302	0	0			150	103
2303	0	0			150	150
2304	0	11			112	150
2305	298	141			150	130
2306	18	20			150	116
2307	32	20			150	116
2308	18	63			150	150
2309	32	63			150	150
2310	485	252			105	98
2311	439	363			129	105
2312	423	338			150	150
2313	26	21			150	134
2314	41	37			150	150
2315	0	33			102	99
2316	4	0			150	150
2317	95	10			150	106
2318	8	5			129	141
2319	0	0			150	150
2320	0	0			150	150
2321	99	37			150	150
2322	0	8			150	150
2323	14	0			150	150
2324	0	0			136	150
2325	0	0			150	150
2326	0	2			150	150
2327	0	241			111	121
2328	78	73			141	150
2329	0	0			150	150
2330	65	89			150	150
2331	4	89			150	150
2332	30	45			141	150
2333	31	27			141	104
2334	31	46			141	135
2335	40	69			150	150
2336	1390	2071			150	150
2337	50	2071			150	150
2338	0	0			99	99
2339	6	0			134	99
2340	27	4			150	134
2341	13	1			150	134
2342	0	0			150	150
2343	0	18			83	83
2344	12	0			83	110
2345	12	3			83	83
2346	0	3			110	83
2347	39	7			132	141
2348	0	49			99	99
2349	2	46			120	117
2350	72	2			150	150
2351	0	11			92	95
2352	82	42			150	102
2353	658	1304			150	150
2354	4	3			150	150
2355	1544	2526			137	150
2356	53	2526			150	150
2357	556	1344			150	92
2358	224	1344			150	92
2359	0	0			111	150
2360	144	157			150	150
2361	88	0			150	108
2362	0	0			147	150
2363	0	0			129	150
2364	0	0			129	150
2365	0	0			129	150
2366	0	2			129	150
2367	0	0			129	150
2368	0	0			150	150
2369	0	2			150	150
2370	0	0			150	150
2371	0	0			150	150
2372	0	2			150	150
2373	0	0			150	150
2374	0	0			150	150
2375	2	0			150	150
2376	0	0			150	150
2377	0	0			150	123
2378	11	2			150	150
2379	443	300			150	147
2380	13	26			150	150
2381	0	0			150	150
2382	0	0			150	150
2383	4	36			150	138
2384	0	0			150	146
2385	0	150			150	150
2386	8	9			120	146
2387	15	29			109	143
2388	31	60			150	150
2389	2	66			139	148
2390	0	0			150	144
2391	1	0			150	150
2392	137	172			150	147
2393	47	56			150	149
2394	84	105			150	150
2395	321	454			137	150
2396	17	18			121	150
2397	89	99			150	150
2398	2	0			150	111
2399	62	20			119	150
2400	2	4			150	150
2401	24	13			150	118
2402	0	2			150	150
2403	0	2			150	150
2404	19	1			150	120
2405	138	582			110	150
2406	8	0			150	150
2407	1	1			150	117
2408	304	781			150	150
2409	34	741			150	150
2410	6	928			129	150
2411	100	0			150	150
2412	0	4			150	109
2413	46	41			150	150
2414	89	93			150	150
2415	0	4			94	94
2416	104	164			150	150
2417	15	6			150	150
2418	5	6			150	150
2419	181	6			150	150
2420	181	5			150	150
2421	0	2			121	133
2422	27	17			145	150
2423	16	22			145	150
2424	0	0			126	150
2425	0	0			119	150
2426	0	0			150	99
2427	0	0			116	99
2428	0	0			116	150
2429	0	0			150	150
2430	0	0			150	150
2431	32	6			150	150
2432	3	1			150	150
2433	73	90			150	150
2434	2	0			150	150
2435	66	96			150	150
2436	120	120			150	150
2437	0	207			150	150
2438	0	207			150	150
2439	39	144			150	150
2440	178	185			150	150
2441	5	12			150	150
2442	7	15			150	150
2443	0	0			150	149
2444	1	59			150	150
2445	86	3			135	135
2446	17	89			150	150
2447	24	38			150	108
2448	4	4			150	150
2449	161	212			131	150
2450	77	233			150	150
2451	0	0			150	150
2452	14	0			150	111
2453	0	17			150	138
2454	0	7			150	150
2455	15	20			150	150
2456	58	9			150	150
2457	38	51			135	140
2458	0	0			123	150
2459	0	0			143	137
2460	65	82			150	150
2461	0	0			150	150
2462	4	1			150	150
2463	2	45			78	78
2464	0	2			93	93
2465	253	375			150	150
2466	118	188			150	150
2467	58	71			150	150
2468	62	70			150	150
2469	0	10			150	150
2470	394	1			150	150
2471	0	0			90	78
2472	0	0			117	78
2473	0	11			150	150
2474	9	41			130	150
2475	21	22			150	150
2476	7	0			150	150
2477	42	28			145	150
2478	15	14			150	150
2479	18	18			150	150
2480	81	83			150	150
2481	168	3			150	150
2482	57	1			150	150
2483	8	5			150	150
2484	5	7			150	150
2485	0	5			127	150
2486	5	0			150	150
2487	0	0			150	150
2488	4	1			150	150
2489	171	137			150	150
2490	0	0			150	150
2491	28	0			150	150
2492	1	1			150	150
2493	18	6			150	150
2494	17	15			150	137
2495	46	12			150	113
2496	59	12			150	113
2497	44	20			150	113
2498	9	3			138	150
2499	4	0			150	150
2500	15	34			130	150
2501	0	0			150	150
2502	0	1			150	150
2503	123	189			150	150
2504	0	9			125	150
2505	52	3			150	150
2506	1	4			150	150
2507	3	1			150	150
2508	1	43			150	150
2509	27	41			150	150
2510	62	101			150	150
2511	18	6			150	150
2512	18	7			150	150
2513	0	16			150	150
2514	32	36			150	150
2515	137	72			150	126
2516	210	264			150	150
2517	54	73			150	150
2518	80	75			150	150
2519	57	1			150	150
2520	23	48			150	150
2521	0	40			78	150
2522	20	25			124	117
2523	10	0			150	150
2524	0	0			150	150
2525	14	3			132	120
2526	8	13			141	138
2527	1	48			150	150
2528	39	48			150	150
2529	0	14			93	93
2530	19	9			150	150
2531	7	48			90	150
2532	9	1			150	150
2533	0	0			131	141
2534	65	3			150	96
2535	0	0			150	150
2536	3	14			150	150
2537	0	1			150	150
2538	0	1			150	150
2539	0	0			150	150
2540	0	0			150	150
2541	0	0			150	150
2542	11	3			81	150
2543	18	43			147	150
2544	0	0			150	150
2545	0	9			150	150
2546	3	4			145	150
2547	1	10			130	150
2548	0	0			138	120
2549	30	28			150	150
2550	65	7			150	127
2551	11	27			119	125
2552	0	0			150	150
2553	18	157			150	150
2554	194	125			150	150
2555	178	207			150	150
2556	0	0			81	81
2557	0	0			150	150
2558	25	21			150	150
2559	137	170			150	150
2560	122	120			146	150
2561	122	7			146	150
2562	208	209			150	142
2563	99	199			150	150
2564	233	233			150	124
2565	3	1			150	150
2566	241	310			150	150
2567	0	12			150	150
2568	101	98			150	150
2569	0	0			150	150
2570	0	47			150	115
2571	0	1			150	150
2572	32	15			150	145
2573	11	83			150	150
2574	45	83			150	150
2575	0	0			145	150
2576	221	114			150	150
2577	4566	4180			150	150
2578	55	0			150	144
2579	3	36			147	150
2580	0	0			123	150
2581	0	1			93	93
2582	3	2			150	137
2583	6	7			150	150
2584	0	3			150	135
2585	0	3			150	133
2586	0	0			133	150
2587	169	290			150	150
2588	981	517			150	150
2589	145	101			149	150
2590	173	296			150	150
2591	25	21			150	121
2592	28	0			126	126
2593	35	13			126	138
2594	5	16			126	138
2595	8	49			150	150
2596	1	38			149	150
2597	7	40			150	150
2598	42	82			138	150
2599	25	43			150	149
2600	23	29			150	150
2601	9	17			150	150
2602	41	100			150	150
2603	41	25			150	150
2604	55	29			150	117
2605	33	51			150	150
2606	72	82			146	149
2607	40	155			150	150
2608	0	9			150	150
2609	89	138			150	150
2610	121	202			150	150
2611	395	336			150	150
2612	0	0			150	150
2613	38	222			150	150
2614	9	222			150	150
2615	36	223			150	150
2616	9	164			142	150
2617	9	156			142	150
2618	44	27			142	113
2619	8	15			150	150
2620	95	152			150	150
2621	3	6			129	150
2622	23	24			150	150
2623	166	186			123	118
2624	249	236			136	127
2625	0	0			150	150
2626	19	13			150	150
2627	7	12			150	150
2628	224	165			127	125
2629	273	17			150	150
2630	0	0			150	125
2631	1	0			150	150
2632	39	0			150	150
2633	39	1			150	150
2634	150	193			150	150
2635	20	91			147	150
2636	8	28			150	150
2637	106	123			150	150
2638	0	0			150	98
2639	0	0			150	98
2640	1	0			150	150
2641	2	0			150	150
2642	1	5			150	150
2643	1	0			150	150
2644	5	0			150	150
2645	0	2			150	114
2646	6	26			150	150
2647	0	0			123	150
2648	28	36			150	150
2649	4	37			150	150
2650	26	22			143	150
2651	19388	29878			150	150
2652	69	68			150	150
2653	74	50			137	150
2654	1143	650			145	122
2655	1	0			96	99
2656	8	0			150	150
2657	4	0			150	125
2658	74	108			150	150
2659	465	568			148	150
2660	38	65			150	150
2661	31	62			150	150
2662	14	12			134	150
2663	18	17			147	147
2664	2	15			147	147
2665	0	4			150	150
2666	3	4			150	150
2667	17	216			118	150
2668	20	176			118	150
2669	56	33			136	106
2670	6	1			150	150
2671	4	1			150	150
2672	0	0			94	94
2673	0	0			87	87
2674	0	0			87	87
2675	0	0			87	87
2676	0	3			150	150
2677	12	12			150	150
2678	5	77			150	150
2679	5	5			150	150
2680	114	3			150	150
2681	88	140			150	150
2682	85	168			138	150
2683	10	1			150	150
2684	10	1			150	150
2685	1	0			150	150
2686	2	9			145	110
2687	3	0			141	150
2688	4	0			141	150
2689	13	16			150	150
2690	13	20			150	144
2691	114	0			150	150
2692	14	15			150	150
2693	7	11			150	150
2694	7	150			150	146
2695	7	101			150	137
2696	11	150			150	146
2697	11	101			150	137
2698	8	4			150	150
2699	5	9			150	147
2700	26	40			141	135
2701	1	6			150	150
2702	0	0			123	150
2703	7	1			138	150
2704	32	37			150	150
2705	2	5			150	150
2706	2	12			150	150
2707	5	12			150	150
2708	0	2			150	150
2709	376	6			145	147
2710	13	22			150	147
2711	13	15			150	150
2712	11	37			146	147
2713	0	0			150	150
2714	1	87			150	125
2715	34	6			150	150
2716	8	1			150	150
2717	1	1			150	150
2718	7	1			150	150
2719	53	52			150	150
2720	53	47			150	150
2721	52	63			150	150
2722	29	36			150	150
2723	84	153			129	150
2724	133	146			150	150
2725	9	146			144	150
2726	133	148			150	150
2727	91	111			131	150
2728	3	89			125	122
2729	44	131			150	150
2730	8	102			132	117
2731	81	90			117	150
2732	4	22			150	150
2733	124	124			150	150
2734	0	0			109	143
2735	0	0			150	150
2736	0	0			150	150
2737	3	0			150	150
2738	5	13			126	148
2739	16	15			126	148
2740	16	4			126	148
2741	15	4			148	148
2742	5	1			148	148
2743	2	1402			102	150
2744	4	1402			118	150
2745	228	291			128	150
2746	91	48			150	104
2747	54	44			150	150
2748	94	100			123	150
2749	201	310			150	150
2750	184	257			150	150
2751	0	1			150	150
2752	104	0			150	150
2753	16	41			150	150
2754	64	308			120	117
2755	180	133			146	131
2756	0	0			150	150
2757	0	0			150	150
2758	9	9			150	150
2759	39	38			150	123
2760	39	33			150	118
2761	19	51			138	150
2762	71	91			150	127
2763	0	144			150	150
2764	1	7			150	150
2765	2	5			150	150
2766	0	0			140	150
2767	0	0			123	140
2768	379	486			150	150
2769	0	2			150	150
2770	100	98			150	150
2771	0	0			123	150
2772	5	6			132	150
2773	24	15			150	150
2774	189	201			150	150
2775	913	1013			150	138
2776	963	1012			150	150
2777	585	784			145	136
2778	0	0			147	150
2779	688	2163			134	150
2780	11	7			150	150
2781	11	7			150	150
2782	6	5			150	150
2783	2	5			130	150
2784	146	5			150	150
2785	146	6			150	150
2786	146	2			150	130
2787	201	2			150	103
2788	138	122			143	150
2789	3	121			150	150
2790	143	116			150	150
2791	10	36			150	150
2792	0	39			142	116
2793	6	1			150	150
2794	20	125			110	150
2795	47	53			150	122
2796	0	0			150	148
2797	1	3			150	150
2798	0	3			150	150
2799	64	0			150	150
2800	5	0			150	150
2801	1	53			150	150
2802	10	13			126	150
2803	56	77			150	150
2804	0	0			150	150
2805	86	72			150	150
2806	63	60			150	139
2807	101	53			150	134
2808	78	90			134	150
2809	1	0			150	150
2810	1	0			150	150
2811	9	43			126	150
2812	7	27			150	150
2813	32	39			150	150
2814	0	0			96	102
2815	0	0			96	96
2816	257	59			150	150
2817	147	5			87	87
2818	45	42			150	150
2819	0	0			150	150
2820	0	0			150	150
2821	0	0			132	150
2822	0	0			150	150
2823	3	45			150	150
2824	0	2			150	121
2825	0	0			109	150
2826	0	6			150	150
2827	0	6			150	150
2828	0	6			150	150
2829	0	6			150	150
2830	0	0			150	150
2831	0	0			150	150
2832	0	0			150	150
2833	0	0			150	150
2834	0	0			150	150
2835	0	0			150	150
2836	26	1889			111	150
2837	0	0			123	150
2838	107	210			136	150
2839	1	187			136	150
2840	116	187			150	150
2841	116	1			150	136
2842	139	111			150	136
2843	168	130			150	128
2844	3	0			90	150
2845	0	0			129	129
2846	5	124			150	150
2847	0	0			78	78
2848	0	0			78	78
2849	0	0			78	78
2850	0	1			150	150
2851	0	2			150	150
2852	10	0			150	150
2853	71	79			150	150
2854	0	0			96	150
2855	0	0			150	147
2856	76	9			150	150
2857	0	15			150	147
2858	4	12			141	135
2859	64	97			128	146
2860	11	1			150	150
2861	18	0			150	108
2862	3	2			150	150
2863	6	8			150	150
2864	67	91			150	150
2865	8	12			150	150
2866	284	337			150	150
2867	229	89			150	105
2868	115	90			117	105
2869	154	671			129	120
2870	1	15			150	148
2871	86	178			150	150
2872	474	386			150	150
2873	65	56			150	150
2874	16	12			101	130
2875	20	78			150	150
2876	4	78			150	150
2877	38	76			150	150
2878	108	1			150	150
2879	50	2			150	150
2880	31	72			127	150
2881	0	167			119	150
2882	2	14			150	150
2883	0	0			123	150
2884	76	118			150	150
2885	0	0			150	150
2886	404	356			150	150
2887	52	0			150	132
2888	6	6			150	150
2889	110	250			119	150
2890	333	354			150	150
2891	0	0			138	150
2892	1	3			150	150
2893	10	371			101	150
2894	8	360			150	150
2895	340	360			150	150
2896	0	0			150	150
2897	0	0			150	150
2898	0	0			150	150
2899	0	0			148	150
2900	0	0			150	150
2901	0	0			138	140
2902	0	0			150	150
2903	0	0			128	150
2904	0	0			150	150
2905	32	8			150	117
2906	0	7			150	98
2907	0	11			150	98
2908	14	36			150	150
2909	57	126			150	150
2910	57	41			150	150
2911	72	94			150	150
2912	0	0			147	141
2913	18	26			150	150
2914	29	15			150	127
2915	34	7			150	129
2916	7	0			96	96
2917	9	18			150	150
2918	50	78			128	112
2919	8	139			150	128
2920	760	866			150	150
2921	693	522			150	121
2922	1136	1635			150	150
2923	70	42			149	150
2924	51	48			146	149
2925	20	64			123	146
2926	34	44			141	123
2927	29	71			150	138
2928	0	4			129	149
2929	5	42			150	139
2930	0	14			150	150
2931	79	117			150	150
2932	0	0			147	141
2933	7	5			150	150
2934	80	1			150	150
2935	30	6			150	150
2936	65	82			150	150
2937	9	21			150	150
2938	1	0			150	130
2939	1	206			150	150
2940	145	324			150	150
2941	25	17			150	150
2942	19	4			150	150
2943	20	18			150	150
2944	24	17			150	150
2945	13	6			130	150
2946	0	0			150	150
2947	217	51			136	150
2948	217	228			136	150
2949	1	0			150	150
2950	2	610			150	150
2951	3	0			110	150
2952	0	0			150	150
2953	45	1			150	150
2954	0	2			150	114
2955	1	1			102	132
2956	3	14			150	150
2957	0	0			150	150
2958	4	19			150	150
2959	123	110			150	150
2960	156	171			150	150
2961	5	16			150	150
2962	169	262			150	150
2963	5	6			150	150
2964	1	21			150	150
2965	41	0			150	116
2966	31	0			132	116
2967	4	100			150	150
2968	13	23			120	144
2969	107	452			150	150
2970	107	414			150	144
2971	474	607			150	150
2972	1	123			81	150
2973	12	28			150	150
2974	26	44			150	150
2975	47	34			150	150
2976	105	93			150	150
2977	110	142			135	150
2978	15	50			135	135
2979	17	52			150	135
2980	22	32			132	150
2981	5	5			150	147
2982	0	0			145	150
2983	0	3			150	150
2984	75	207			150	150
2985	1	24			150	150
2986	12	3			116	150
2987	4	2			150	150
2988	22	2			87	150
2989	2	6			150	150
2990	0	0			150	103
2991	0	0			150	150
2992	0	0			150	150
2993	46	63			150	150
2994	3	11			150	100
2995	0	0			150	150
2996	0	11			150	128
2997	6	6			150	150
2998	0	0			150	148
2999	79	168			150	150
3000	0	5			150	150
3001	0	1			150	112
3002	0	1			150	150
3003	71	0			145	150
3004	0	2			105	147
