ID	IJC_SAMPLE_1	SJC_SAMPLE_1	IJC_SAMPLE_2	SJC_SAMPLE_2	IncFormLen	SkipFormLen
0	0	0			247	137
1	0	0			367	137
2	0	0			367	247
3	0	0			168	98
4	0	0			168	98
5	0	0			138	255
6	0	0			138	255
7	0	0			153	255
8	0	0			153	138
9	0	0			153	138
10	0	0			247	137
11	0	0			367	137
12	0	0			367	247
13	0	0			138	255
14	0	0			138	255
15	0	0			153	255
16	0	0			153	138
17	0	0			153	138
18	0	0			123	165
19	0	0			247	137
20	0	0			367	137
21	0	0			367	247
22	0	0			138	255
23	0	0			138	255
24	0	0			153	255
25	0	0			153	138
26	0	0			153	138
27	0	0			174	214
28	0	0			224	108
29	0	0			192	111
30	0	0			123	165
31	0	0			247	137
32	0	0			367	137
33	0	0			367	247
34	0	0			138	255
35	0	0			138	255
36	0	0			153	255
37	0	0			153	138
38	0	0			153	138
39	0	0			123	165
40	0	0			247	137
41	0	0			367	137
42	0	0			367	247
43	0	0			168	98
44	0	0			168	98
45	0	0			192	111
46	0	0			179	259
47	0	0			259	333
48	0	0			193	192
49	0	0			147	141
50	0	0			218	103
51	0	0			360	151
52	0	0			193	192
53	0	0			111	153
54	0	0			218	103
55	0	0			360	151
56	0	0			147	141
57	0	0			218	103
58	0	0			360	151
59	0	0			193	192
60	0	0			147	141
61	0	0			111	153
62	0	0			193	192
63	0	0			147	141
64	0	0			372	372
65	0	0			218	103
66	0	0			360	151
67	0	0			84	102
68	0	0			148	226
69	0	0			165	238
70	0	0			231	174
71	0	0			141	312
72	0	0			138	297
73	0	0			1374	252
74	0	0			99	126
75	0	0			99	102
76	0	0			102	126
77	0	0			102	129
78	0	0			170	186
79	0	0			206	217
80	0	0			230	203
81	0	0			403	121
82	0	0			182	177
83	0	0			284	177
84	0	0			172	246
85	0	0			172	153
86	0	0			232	211
87	0	0			232	170
88	0	0			190	183
89	0	0			166	291
90	0	0			160	108
91	0	0			126	179
92	0	0			218	103
93	0	0			360	151
94	0	0			173	173
95	0	0			372	372
96	0	0			210	165
97	0	0			123	165
98	0	0			106	170
99	0	0			420	238
100	99	64			297	177
101	23	133			138	297
102	11	11			170	186
103	0	0			193	192
104	0	0			192	111
105	80	120			231	207
106	0	0			231	231
107	29	91			117	214
108	20	201			150	715
109	4	2			194	457
110	1	605			115	205
111	1	0			111	105
112	2	4			217	183
113	0	0			193	114
114	0	7			213	123
115	1	16			184	222
116	46	64			206	217
117	95	1			175	121
118	71	2			175	121
119	738	2			1266	192
120	6	0			93	90
121	526	873			143	183
122	21	31			210	231
123	0	36			144	111
124	0	1			93	93
125	0	1			206	126
126	0	0			206	235
127	1	0			126	235
128	33	142			114	141
129	754	52			153	210
130	107	157			200	249
131	0	0			175	160
132	49	111			123	140
133	12	9			211	172
134	1	2			420	238
135	300	316			254	217
136	85	27			252	146
137	1	181			188	185
138	44	257			262	738
139	1	0			163	207
140	0	1			136	168
141	0	2			182	221
142	51	318			173	271
143	1409	2158			176	189
144	233	160			255	210
145	0	8			167	212
146	28	49			142	227
147	203	6			2424	234
148	4	5			167	195
149	132	158			142	148
150	132	694			142	427
151	25	43			263	215
152	33	0			215	169
153	35	155			128	239
154	85	4			175	147
155	72	4			115	118
156	168	120			241	191
157	91	42			199	158
158	53	42			202	158
159	116	15			154	146
160	33	0			223	434
161	26	0			223	113
162	33	0			223	113
163	38	3			282	254
164	20	19			177	151
165	112	198			190	207
166	11	92			146	229
167	97	48			224	134
168	36	176			109	250
169	43	36			327	207
170	275	385			229	334
171	177	210			210	229
172	100	188			146	153
173	12	11			153	119
174	12	178			153	130
175	160	8			153	119
176	11	178			119	130
177	0	369			154	255
178	252	254			255	130
179	11	259			121	204
180	6	264			121	204
181	41	264			175	204
182	49	264			180	204
183	41	6			175	121
184	49	6			180	121
185	29	43			147	144
186	0	0			175	215
187	0	0			185	133
188	4	13			129	148
189	5	0			1030	221
190	2	0			197	221
191	105	52			254	254
192	53	189			199	233
193	244	9			219	156
194	0	0			141	175
195	10	14			219	184
196	1537	567			243	132
197	68	90			191	294
198	89	230			192	243
199	98	100			179	156
200	0	3			300	144
201	4	2			117	243
202	2	2			222	207
203	4	0			645	198
204	91	160			163	205
205	0	0			123	182
206	123	107			157	147
207	29	45			193	225
208	313	462			255	318
209	15	482			155	164
210	2	73			232	266
211	28	88			159	162
212	36	88			156	162
213	4	0			357	155
214	271	106			148	230
215	78	340			218	204
216	0	22			151	192
217	139	201			148	123
218	105	232			113	166
219	5	0			141	139
220	0	0			163	118
221	886	41			161	222
222	886	87			161	278
223	0	0			183	168
224	0	0			150	222
225	16	1			319	319
226	247	200			251	228
227	29	12			192	122
228	315	326			186	197
229	52	18			193	193
230	18	6			106	226
231	161	1344			152	265
232	397	266			200	150
233	2	2			97	97
234	0	0			111	153
235	0	0			218	103
236	0	0			360	151
237	50	23			247	177
238	287	44			729	113
239	2	3			249	373
240	0	0			136	229
241	0	0			147	229
242	266	149			133	243
243	103	69			207	143
244	162	32			451	197
245	0	0			148	198
246	349	455			163	162
247	1190	20			161	161
248	1984	29			156	141
249	3	0			268	366
250	3	0			314	366
251	3	10			240	240
252	79	146			136	227
253	100	54			164	136
254	97	54			144	136
255	129	0			213	120
256	7	22			197	159
257	0	2			200	195
258	0	2			200	250
259	3	2			124	121
260	9	14			153	157
261	2301	2174			192	207
262	1086	1654			168	117
263	0	0			122	119
264	35	89			241	205
265	66	387			151	260
266	54	1003			157	231
267	803	1052			176	228
268	13	115			140	241
269	113	288			237	269
270	233	217			202	195
271	0	2			171	118
272	178	5			328	174
273	147	2			85	85
274	2	1			173	206
275	1030	937			244	150
276	113	277			208	281
277	1240	2022			209	193
278	3	0			143	143
279	0	0			103	143
280	1	3			299	249
281	59	694			163	393
282	13	694			131	393
283	13	59			131	163
284	3	3			172	172
285	238	239			200	199
286	94	0			138	193
287	177	244			133	181
288	48	5			211	196
289	1126	2			192	265
290	220	249			248	193
291	17	14			164	202
292	71	51			255	244
293	262	435			183	243
294	7	10			230	202
295	0	0			157	265
296	0	0			269	265
297	0	0			269	157
298	37	40			162	230
299	51	21			206	187
300	29	21			202	187
301	5	0			133	102
302	260	236			234	122
303	518	236			196	122
304	221	273			311	299
305	221	338			311	302
306	0	1			248	173
307	50	173			238	242
308	191	262			238	276
309	192	581			192	306
310	0	0			163	132
311	87	5			158	158
312	263	448			213	245
313	222	215			252	238
314	144	174			144	243
315	0	0			166	291
316	0	0			190	183
317	0	0			232	170
318	0	0			232	211
319	123	41			397	200
320	9	0			202	226
321	0	0			166	226
322	0	0			125	143
323	9	0			202	204
324	0	7			223	202
325	0	9			166	202
326	4	9			207	202
327	0	9			373	300
328	0	0			167	136
329	0	2			116	199
330	0	0			123	232
331	0	0			204	213
332	74	80			199	141
333	64	7			153	270
334	613	145			989	170
335	167	142			254	170
336	210	367			172	193
337	2	1			194	190
338	0	1			216	190
339	2	1			241	190
340	3	1			199	190
341	2	2			241	211
342	0	2			216	194
343	2	2			241	194
344	3	2			199	194
345	2	0			241	216
346	3	0			199	216
347	3	2			199	241
348	1	2			199	241
349	26	21			243	272
350	18	34			173	276
351	46	52			145	172
352	5	21			447	185
353	5	14			447	189
354	14	29			185	159
355	470	864			160	180
356	438	130			557	148
357	10	54			146	273
358	15	15			193	146
359	6	55			150	198
360	5	6			150	174
361	0	0			158	189
362	0	0			202	121
363	126	205			175	157
364	148	115			205	175
365	46	84			117	205
366	38	182			117	205
367	31	32			148	114
368	28	50			160	108
369	38	89			108	180
370	181	355			122	165
371	468	1195			154	212
372	233	57			182	154
373	39	147			117	149
374	0	7			131	125
375	127	1			185	173
376	73	1			160	173
377	109	117			174	165
378	14	20			149	180
379	8	105			124	180
380	3	5			148	154
381	0	0			174	214
382	17	6			214	179
383	30	3			168	144
384	49	44			165	155
385	3114	2157			241	172
386	2	0			168	193
387	109	154			174	198
388	18	44			138	158
389	0	0			120	120
390	11	7			133	150
391	45	0			183	114
392	318	246			224	165
393	26	16			223	158
394	179	25			268	134
395	17	20			127	126
396	10	18			184	252
397	17	55			129	204
398	22	9			162	141
399	1	4			268	123
400	6	2			150	215
401	2	2			201	170
402	2	2			129	153
403	1	4			143	111
404	184	145			188	144
405	145	178			195	196
406	148	174			204	196
407	645	1182			166	235
408	1021	453			230	166
409	406	1028			156	230
410	0	790			100	100
411	2	1			253	117
412	113	260			119	180
413	106	0			127	119
414	255	2167			162	3319
415	15	18			230	95
416	6	1			174	96
417	38	26			230	239
418	0	0			135	177
419	9	11			167	155
420	5	1			198	187
421	320	339			167	141
422	484	99			288	167
423	42	315			154	167
424	329	315			261	167
425	562	315			456	167
426	494	315			288	167
427	40	89			154	167
428	600	89			510	167
429	8	1			458	155
430	2	0			166	295
431	35	85			155	224
432	58	21			224	187
433	3	0			176	142
434	9	3			250	176
435	8	0			199	138
436	8	0			199	147
437	0	0			138	147
438	66	154			123	227
439	0	0			167	167
440	45	29			243	177
441	23	29			219	177
442	5	1			250	229
443	72	137			151	196
444	410	393			126	115
445	3	331			117	271
446	91	128			174	192
447	525	172			171	171
448	509	594			171	171
449	0	0			450	651
450	1	1			176	133
451	0	0			108	135
452	41	305			172	209
453	10	5			337	200
454	10	4			337	196
455	42	71			302	148
456	6	4			202	159
457	37	76			224	188
458	2	10			171	198
459	229	13			140	178
460	155	284			114	246
461	217	117			135	102
462	3	14452			145	244
463	6846	14452			188	244
464	412	269			181	181
465	18	20			189	249
466	21	7			179	249
467	22	7			182	249
468	18	30			189	189
469	21	17			179	189
470	22	17			182	189
471	126	59			504	194
472	81	60			284	192
473	0	0			430	150
474	0	0			163	366
475	0	0			197	104
476	27	0			182	151
477	0	0			197	273
478	30	4			197	193
479	117	96			198	191
480	14	100			95	156
481	7	0			177	177
482	8	73			158	628
483	49	51			220	221
484	50	51			201	221
485	0	9			84	84
486	28	5			102	153
487	126	102			211	168
488	4	3			328	200
489	5	2			231	220
490	1	14			102	201
491	9	52			128	243
492	40	14			187	128
493	211	300			200	199
494	158	232			234	171
495	0	419			156	135
496	44	64			150	129
497	4	50			147	147
498	19	23			213	213
499	58	118			129	181
500	69	42			184	104
501	24	77			214	278
502	18	77			212	278
503	18	24			212	214
504	75	0			286	133
505	0	0			244	174
506	0	0			189	228
507	164	627			164	308
508	320	173			284	146
509	57	18			215	159
510	1009	1072			159	152
511	1	6			226	197
512	57	41			197	207
513	106	116			133	166
514	10	194			166	166
515	1	0			168	168
516	23	0			363	168
517	23	1			363	168
518	2121	12			127	229
519	97	4			207	161
520	375	530			221	231
521	26	4			197	200
522	107	110			147	155
523	103	109			172	155
524	1	3			260	258
525	8	4			207	161
526	839	430			173	133
527	15	62			162	255
528	1365	1689			147	138
529	3174	46			147	245
530	8	0			321	84
531	19	0			516	84
532	8	15			205	462
533	49	48			173	340
534	333	468			194	222
535	37	7			200	166
536	0	17			191	195
537	3	23			145	220
538	3	26			145	671
539	49	134			301	238
540	60	134			134	243
541	23	120			126	177
542	2	114			200	227
543	43	46			160	218
544	49	140			160	255
545	149	140			205	172
546	0	0			185	189
547	287	252			135	143
548	0	0			179	119
549	8	4			112	98
550	2	0			79	82
551	123	10			214	214
552	22	52			220	368
553	60	13			704	197
554	3	13			253	197
555	23	292			108	144
556	23	66			108	102
557	0	0			78	255
558	31	691			186	205
559	31	412			186	233
560	33	74			111	161
561	0	3			178	223
562	21	3			162	198
563	242	88			926	263
564	45	36			164	154
565	45	3			164	154
566	30	51			154	213
567	34	0			113	137
568	1067	968			225	195
569	80	178			239	221
570	63	179			239	221
571	164	668			118	238
572	713	448			238	153
573	79	128			250	239
574	800	323			267	150
575	268	155			216	160
576	230	168			171	142
577	0	1			216	192
578	391	197			265	182
579	0	0			158	125
580	415	27			195	158
581	199	702			148	259
582	27	28			158	124
583	1	1			249	246
584	0	0			246	81
585	8	0			138	236
586	0	3			159	168
587	0	0			159	162
588	3	0			168	162
589	0	0			192	196
590	0	0			354	354
591	32	55			198	203
592	14009	1781			201	201
593	1241	18559			151	151
594	56	24			163	140
595	105	2			149	137
596	84	79			161	164
597	0	0			98	98
598	0	0			81	81
599	60	1			128	132
600	0	0			168	105
601	0	0			117	105
602	0	2			196	193
603	488	255			394	219
604	0	0			171	171
605	10	0			198	292
606	7	0			163	215
607	19	121			112	189
608	1	129			147	144
609	21	21			147	261
610	33	43			133	147
611	62	95			147	207
612	410	700			178	205
613	0	11			236	197
614	46	54			114	149
615	0	0			147	141
616	5	10			207	161
617	3	1			157	146
618	9	0			84	84
619	30	56			190	251
620	465	1497			204	750
621	206	120			184	118
622	2	4			196	151
623	8	0			692	190
624	22	0			196	163
625	104	50			144	108
626	206	231			178	159
627	16	16			225	141
628	248	169			207	143
629	0	0			260	455
630	181	70			192	130
631	181	153			192	185
632	181	228			192	243
633	43	7			240	181
634	43	16			240	115
635	1301	1684			202	271
636	27	11			176	198
637	58	95			192	267
638	1	0			171	231
639	138	4			126	270
640	65	136			156	180
641	0	0			221	170
642	37	31			208	120
643	0	3			153	135
644	2	0			96	96
645	93	35			190	116
646	69	223			150	235
647	0	0			160	173
648	0	4			129	137
649	650	75			1008	219
650	100	78			219	204
651	397	0			100	100
652	33	24			279	234
653	2	0			318	421
654	1	2			318	318
655	99	15			222	114
656	19	36			156	201
657	0	0			172	125
658	0	0			193	192
659	35	23			148	147
660	40	23			180	147
661	4	20			146	220
662	2	3			200	142
663	1	0			142	194
664	0	0			142	111
665	0	1			182	179
666	57	165			137	287
667	20	24			133	168
668	51	0			168	114
669	29	46			137	183
670	2	0			252	180
671	60	73			230	203
672	0	4			168	246
673	224	785			162	165
674	77	263			106	135
675	49	58			118	140
676	0	1			174	200
677	7	0			226	148
678	347	227			249	142
679	2	0			165	153
680	17	73			103	183
681	1049	218			230	174
682	76	140			130	258
683	3	14			186	216
684	0	5			76	211
685	13	36			117	205
686	0	0			138	195
687	0	3			186	194
688	30	170			143	250
689	102	98			134	126
690	8	0			163	138
691	98	0			243	138
692	98	8			243	163
693	0	0			110	127
694	371	155			298	150
695	0	0			126	180
696	292	225			245	162
697	45	20			186	131
698	16	1			125	195
699	0	0			530	142
700	12	92			251	242
701	60	20			245	189
702	90	67			285	165
703	55	243			135	218
704	16	18			196	300
705	0	0			143	284
706	0	0			141	255
707	93	936			171	2031
708	56	125			181	325
709	462	154			164	105
710	19	6			138	135
711	1	1			123	99
712	0	46			211	214
713	0	0			198	131
714	0	0			193	192
715	25	49			155	179
716	0	29			191	732
717	3	147			166	178
718	2	264			166	178
719	280	543			224	304
720	70	49			126	170
721	73	84			210	234
722	95	99			225	210
723	17	10			182	148
724	71	54			594	412
725	8	145			156	165
726	9	3			290	256
727	9	2			290	255
728	278	444			145	168
729	123	73			211	166
730	0	1			120	208
731	10	4			147	354
732	1	2			168	202
733	0	0			135	237
734	6	7			211	151
735	0	0			169	126
736	4	51			121	144
737	53	36			243	110
738	178	214			208	207
739	0	0			262	317
740	325	2			227	215
741	1343	182			919	177
742	1673	208			960	177
743	5078	19519			222	261
744	60	30			176	138
745	35	22			228	138
746	3	37			114	170
747	6	135			213	234
748	4	152			168	248
749	3	94			151	146
750	86	5			255	168
751	81	5			291	168
752	6	68			143	185
753	20	86			269	142
754	111	98			225	324
755	81	98			180	324
756	81	114			180	324
757	1	0			81	81
758	309	117			177	146
759	1	0			195	179
760	71	124			190	241
761	46	2			178	183
762	16	2			197	183
763	16	46			197	178
764	9	1			233	102
765	0	0			111	114
766	1	3			114	111
767	2	11			134	118
768	301	285			213	157
769	8	418			270	314
770	12	6			197	159
771	15	12			316	197
772	13	18			239	316
773	70	114			199	211
774	10	0			87	84
775	21	0			255	147
776	21	0			255	150
777	9	0			183	150
778	32	174			173	193
779	0	0			142	106
780	88	231			141	178
781	102	134			213	181
782	45	134			198	181
783	121	113			215	213
784	126	108			241	215
785	194	2			83	83
786	11189	15587			188	189
787	5	0			200	196
788	2	0			84	84
789	166	317			243	252
790	114	2			92	92
791	0	12			99	99
792	0	0			208	211
793	6	2			206	144
794	6	0			206	167
795	2	0			144	167
796	92	125			214	286
797	9	15			262	299
798	9	12			262	133
799	9	0			262	236
800	15	0			299	236
801	12	0			133	236
802	129	39			258	155
803	15	10			278	195
804	13	10			274	191
805	256	542			132	216
806	835	165			216	219
807	10	33			158	168
808	6	4			178	109
809	172	102			266	136
810	0	0			186	358
811	0	0			186	186
812	63	87			274	197
813	971	3			185	197
814	732	551			243	185
815	527	821			211	243
816	250	822			211	243
817	97	188			171	182
818	59	178			135	216
819	211	162			183	141
820	8	4			158	238
821	50	285			176	545
822	459	562			227	198
823	42	2			125	136
824	232	5			286	128
825	422	120			207	195
826	93	1			185	249
827	262	62			147	185
828	4	4			279	132
829	1	4			173	132
830	1	4			173	279
831	1958	533			150	231
832	17	128			112	225
833	5092	49			178	173
834	4803	8			107	113
835	199	228			401	224
836	4	6			198	279
837	1	0			207	290
838	344	3667			164	248
839	0	0			255	206
840	76	49			191	158
841	76	39			191	124
842	84	94			191	177
843	7	129			158	262
844	7	18			158	110
845	0	0			138	149
846	275	0			185	150
847	188	0			214	150
848	13927	14708			171	259
849	5802	2165			147	131
850	2	22			217	230
851	375	151			267	120
852	48	6			204	114
853	69	73			252	243
854	8	0			114	200
855	37	40			122	147
856	69	194			162	238
857	87	54			153	108
858	1	2			216	143
859	591	108			573	174
860	101	201			174	173
861	63	87			160	239
862	0	0			97	99
863	72	85			251	200
864	54	37			229	199
865	22	1			171	158
866	75	203			289	180
867	254	212			114	111
868	0	0			120	120
869	0	1			135	195
870	875	541			401	191
871	1012	541			340	191
872	4	6			192	174
873	0	0			164	279
874	25	7			160	108
875	33	199			113	254
876	105	114			173	168
877	514	113			183	101
878	0	0			87	87
879	0	2			102	229
880	8	2			117	141
881	53	39			534	354
882	80	77			245	185
883	162	339			201	219
884	110	268			136	171
885	2	0			297	195
886	40	138			124	153
887	5	6			99	100
888	0	0			231	150
889	33	15			177	209
890	5	4			153	169
891	9	4			250	169
892	30	76			114	195
893	156	191			387	366
894	247	120			366	207
895	0	3			90	90
896	17	26			90	78
897	0	0			117	78
898	73	66			229	202
899	56	51			211	163
900	2	689			113	142
901	443	689			142	142
902	443	2			142	113
903	361	720			171	251
904	675	803			171	151
905	714	540			189	130
906	2	4			167	167
907	13	36			192	381
908	8	26			148	198
909	5	26			223	198
910	4	14			148	198
911	67	153			201	270
912	74	70			256	245
913	6	13			109	141
914	63	33			225	142
915	9	249			147	247
916	20	249			206	247
917	15	0			175	121
918	54	0			136	128
919	0	62			170	244
920	7	13			157	138
921	1	9			219	198
922	184	198			282	168
923	1	2			234	195
924	1	0			209	174
925	1	0			209	174
926	0	2			273	174
927	0	2			273	174
928	0	0			87	90
929	21	5			128	199
930	3245	18218			103	263
931	9502	18218			170	263
932	14	8			293	169
933	42	150			113	164
934	10	1			200	133
935	86	161			164	245
936	6	2			213	225
937	74	59			230	183
938	1	2			190	190
939	34	1			192	105
940	2	128			87	87
941	10	100			129	189
942	4	1			399	224
943	2	2			245	205
944	2	1			245	314
945	2	1			205	314
946	198	86			236	215
947	0	0			154	124
948	7	1			178	106
949	4	1			236	172
950	0	0			184	282
951	0	0			332	306
952	17	71			102	120
953	49	99			132	155
954	8	5			189	216
955	0	0			162	152
956	5	2			207	300
957	0	1			200	300
958	369	164			299	185
959	201	333			185	366
960	11	10			141	149
961	11	14			141	152
962	3	2			173	262
963	9	7			245	231
964	5	17			114	102
965	0	17			126	102
966	36	6			160	102
967	87	4			244	102
968	170	210			266	152
969	331	78			219	203
970	42	29			145	174
971	0	0			180	167
972	0	0			180	131
973	0	0			167	131
974	1	267			98	239
975	15	29			217	252
976	111	2			164	235
977	57	39			198	165
978	0	154			188	171
979	1	0			117	161
980	0	141			165	189
981	5	14			162	207
982	0	0			199	168
983	374	10			198	180
984	52	55			222	228
985	48	25			235	155
986	0	0			127	129
987	0	3			216	269
988	13	51			194	223
989	0	2			474	474
990	2	0			474	474
991	21	39			141	239
992	0	0			110	198
993	0	0			110	229
994	0	0			215	146
995	0	151			124	128
996	37	35			243	229
997	264	121			242	112
998	387	0			242	184
999	1	135			151	136
1000	89	192			195	251
1001	94	204			248	504
1002	0	0			98	95
1003	12	89			130	201
1004	6	42			198	138
1005	39	76			233	179
1006	2	136			106	155
1007	0	288			79	247
1008	7	47			98	176
1009	7	17			185	254
1010	44	9			250	203
1011	32	120			250	328
1012	5	4			258	160
1013	198	283			218	297
1014	198	58			218	206
1015	1	1			132	132
1016	61	102			125	181
1017	7	3			93	93
1018	1	2			96	90
1019	2	9			96	90
1020	19	2			87	99
1021	10	84			116	116
1022	0	0			345	360
1023	38	96			146	164
1024	97	108			166	163
1025	182	0			98	101
1026	226	239			168	177
1027	116	939			175	267
1028	1846	2500			193	249
1029	92	52			301	162
1030	49	47			274	209
1031	1	67			283	274
1032	65	163			180	222
1033	0	3			173	173
1034	0	0			282	211
1035	325	312			175	166
1036	15	43			204	204
1037	11	18			138	179
1038	139	157			266	278
1039	1	171			223	220
1040	179	224			268	243
1041	136	214			159	172
1042	0	15			167	235
1043	4	0			250	220
1044	13	172			136	193
1045	0	0			181	171
1046	0	0			181	136
1047	0	0			171	136
1048	29	38			133	146
1049	37	649			133	796
1050	21	15			146	183
1051	127	131			370	249
1052	8	209			158	473
1053	95	56			273	262
1054	13	50			171	188
1055	8	81			207	122
1056	61	135			109	126
1057	99	33			150	164
1058	31	31			360	135
1059	57	31			849	135
1060	14	24			141	177
1061	19	13			138	204
1062	29	19			150	138
1063	204	0			87	87
1064	0	0			165	155
1065	52	5			220	220
1066	28	41			164	202
1067	67	11			226	164
1068	106	55			318	207
1069	212	25			443	98
1070	144	180			193	222
1071	2	0			146	135
1072	7	24			249	162
1073	9	56			130	270
1074	9	8			130	121
1075	41	43			270	179
1076	21	16			204	264
1077	55	30			237	177
1078	48	128			107	134
1079	165	122			268	204
1080	0	110			173	236
1081	4	0			81	81
1082	9	7			169	195
1083	58	54			225	243
1084	136	164			232	240
1085	0	0			281	172
1086	0	0			281	187
1087	0	0			281	237
1088	0	0			213	281
1089	0	0			84	84
1090	0	0			123	219
1091	6	3			203	162
1092	2	0			173	172
1093	1	0			205	131
1094	49	23			143	119
1095	114	23			212	119
1096	3	0			220	190
1097	0	2			138	169
1098	19	52			128	220
1099	65	47			169	137
1100	631	288			237	140
1101	0	0			211	163
1102	138	106			150	110
1103	0	0			251	190
1104	13	11			108	180
1105	23	4			254	174
1106	5	6			204	156
1107	135	275			137	194
1108	2	3			194	162
1109	207	223			167	227
1110	0	14			174	279
1111	0	2			174	127
1112	14	2			279	127
1113	0	7			96	90
1114	4	60			157	210
1115	13	61			157	210
1116	8	61			157	210
1117	13	61			194	210
1118	9	13			254	157
1119	9	27			254	157
1120	14	22			194	157
1121	1	17			137	157
1122	23	8			194	254
1123	120	1			209	95
1124	120	3			209	137
1125	1	3			95	137
1126	0	6			147	141
1127	5	6			152	141
1128	5	0			152	147
1129	0	0			108	245
1130	3	6			148	167
1131	0	6			188	244
1132	0	9			188	319
1133	0	6			188	244
1134	0	6			162	244
1135	0	9			162	319
1136	4	34			174	147
1137	147	253			153	194
1138	0	0			81	81
1139	0	4			172	172
1140	7	158			81	144
1141	2	158			81	144
1142	2	7			81	81
1143	0	4			177	180
1144	422	409			211	157
1145	0	0			241	183
1146	134	42			150	135
1147	2	2			175	154
1148	7	25			148	172
1149	0	0			166	137
1150	28	40			151	154
1151	2	0			153	343
1152	5	0			132	176
1153	22	97			148	165
1154	22	56			148	161
1155	93	23			138	97
1156	74	128			204	192
1157	36	51			223	225
1158	294	483			203	279
1159	1	0			195	161
1160	0	1			161	211
1161	217	610			183	216
1162	0	0			218	177
1163	78	57			204	256
1164	14	37			309	258
1165	60	44			196	147
1166	298	283			197	183
1167	137	0			262	213
1168	790	1674			348	348
1169	634	1674			348	348
1170	829	1728			348	348
1171	713	1728			348	348
1172	31	646			351	348
1173	1046	519			348	348
1174	714	519			348	348
1175	713	829			348	348
1176	714	1046			348	348
1177	0	0			211	172
1178	58	56			190	174
1179	13	129			174	270
1180	197	85			364	153
1181	0	1			173	199
1182	380	232			167	131
1183	5	2			160	206
1184	0	0			197	197
1185	218	102			249	162
1186	250	102			252	162
1187	86	0			90	93
1188	717	345			312	215
1189	18	0			147	202
1190	42	91			181	226
1191	70	73			165	168
1192	204	202			273	214
1193	832	877			168	190
1194	0	0			218	103
1195	0	0			360	151
1196	0	0			120	160
1197	0	0			168	160
1198	0	0			168	120
1199	0	0			160	120
1200	0	0			202	189
1201	12	1181			165	1290
1202	227	22			111	123
1203	165	3			111	114
1204	290	21			174	111
1205	1	4			292	215
1206	1	4			159	215
1207	4	0			163	220
1208	0	10			121	135
1209	3	2			167	135
1210	1	132			119	112
1211	4	298			102	263
1212	0	0			90	87
1213	22	13			372	372
1214	0	0			96	96
1215	51	12			247	182
1216	0	0			280	196
1217	92	151			357	276
1218	64	44			228	154
1219	64	39			228	150
1220	44	29			212	146
1221	97	67			317	228
1222	8	39			114	144
1223	0	0			147	141
1224	111	105			230	214
1225	75	182			214	266
1226	37849	840			151	151
1227	0	0			214	169
1228	35	2			438	208
1229	117	496			136	245
1230	25	63			126	123
1231	25	55			126	186
1232	5	16			129	135
1233	3	17			129	135
1234	9	17			111	135
1235	4	5			129	262
1236	10	5			111	262
1237	7	4			129	231
1238	9	3			111	129
1239	10	4			111	129
1240	106	57			218	152
1241	17	20			193	199
1242	0	1			110	93
1243	8	4			267	270
1244	3	6			270	190
1245	3	6			270	187
1246	4	0			211	182
1247	63	98			182	257
1248	3720	22300			185	217
1249	16	30			296	173
1250	7	30			183	173
1251	25	33			148	247
1252	67	34			251	190
1253	0	10			205	114
1254	43	93			175	254
1255	27	21			206	126
1256	3	5			132	226
1257	50	55			171	147
1258	0	0			201	184
1259	372	726			172	246
1260	645	0			172	153
1261	3	78			248	308
1262	332	9			241	169
1263	196	146			168	206
1264	212	71			206	135
1265	1	136			286	135
1266	363	381			246	203
1267	1	0			140	234
1268	11	8			142	161
1269	2	0			90	105
1270	120	128			160	176
1271	780	180			269	269
1272	212	629			111	181
1273	298	176			156	111
1274	0	0			256	242
1275	62	87			151	136
1276	7	10			120	140
1277	31	70			197	182
1278	26	58			197	181
1279	0	1			158	268
1280	0	1			153	268
1281	0	1			258	268
1282	1	1			181	268
1283	0	0			153	158
1284	0	0			258	158
1285	1	0			181	158
1286	0	0			258	153
1287	1	0			181	153
1288	0	18			121	162
1289	0	0			121	133
1290	0	0			177	133
1291	0	0			177	121
1292	8	2			141	163
1293	1	37			195	270
1294	1392	1352			226	221
1295	1279	1595			221	227
1296	0	0			217	208
1297	51	280			160	254
1298	113	24			144	196
1299	0	0			153	298
1300	0	2			170	205
1301	9	17			168	205
1302	21	19			205	193
1303	21	11			193	154
1304	11	60			102	177
1305	4	6			246	220
1306	68	116			149	159
1307	16	27			139	170
1308	130	49			110	293
1309	4	8			164	100
1310	2	1			226	185
1311	1	1			209	114
1312	105	166			219	302
1313	2	0			222	98
1314	789	1107			149	195
1315	221	773			177	163
1316	105	118			149	151
1317	115	235			144	231
1318	3	4			213	219
1319	0	6			159	342
1320	0	6			159	264
1321	0	0			186	196
1322	0	8			155	213
1323	1221	519			185	152
1324	69	88			237	239
1325	0	0			151	175
1326	0	0			84	96
1327	1	0			144	93
1328	1	6			102	117
1329	0	0			133	117
1330	0	0			168	109
1331	0	0			231	109
1332	0	0			708	168
1333	30	40			144	132
1334	0	0			135	168
1335	227	409			159	171
1336	67	66			272	153
1337	6	0			221	106
1338	82	20			120	117
1339	1	2			195	171
1340	0	2			176	171
1341	69	67			162	167
1342	0	31			111	194
1343	147	82			255	141
1344	122	127			239	326
1345	122	68			239	176
1346	127	68			326	176
1347	2	0			423	189
1348	0	0			123	192
1349	30	33			198	170
1350	214	530			118	213
1351	0	0			246	210
1352	0	0			198	246
1353	0	0			176	130
1354	0	0			176	149
1355	93	497			197	427
1356	93	17			197	275
1357	93	18			197	121
1358	480	17			427	121
1359	497	17			427	275
1360	497	18			427	121
1361	454	52			427	143
1362	524	17			427	121
1363	481	52			427	143
1364	78	1204			226	220
1365	4	481			143	342
1366	0	0			353	330
1367	0	0			147	137
1368	0	0			114	170
1369	0	0			133	199
1370	37	0			198	87
1371	298	419			181	164
1372	466	21			674	262
1373	18	25			182	184
1374	24	30			184	215
1375	0	18			249	461
1376	0	18			249	461
1377	0	0			84	93
1378	0	188			173	3082
1379	0	0			110	223
1380	2	1			459	193
1381	2	2			137	173
1382	31	13			143	168
1383	102	83			240	198
1384	2	1			209	158
1385	114	2			163	158
1386	1	1			183	136
1387	23989	19356			288	220
1388	11418	7455			249	190
1389	26	7			186	166
1390	21	0			202	156
1391	117	131			215	181
1392	127	160			196	215
1393	0	0			153	163
1394	0	0			78	78
1395	0	0			154	207
1396	458	1332			166	219
1397	349	615			151	166
1398	349	2			151	118
1399	115	156			179	215
1400	465	183			273	139
1401	156	114			187	139
1402	254	209			404	216
1403	41	209			139	216
1404	83	213			139	216
1405	53	0			238	192
1406	2071	455			1005	246
1407	177	1982			156	1005
1408	2	2			294	99
1409	1	52			155	81
1410	137	518			204	305
1411	0	0			128	278
1412	108	80			208	161
1413	93	95			222	194
1414	29	26			211	148
1415	1	1			172	183
1416	28	44			153	180
1417	0	0			134	302
1418	0	6			114	180
1419	11	6			123	180
1420	101	0			152	92
1421	11	0			123	114
1422	4	52			144	164
1423	10	6			266	127
1424	10	2			185	156
1425	1	39			226	280
1426	0	24			148	226
1427	2	0			163	220
1428	20	1			198	159
1429	20	1			198	292
1430	0	0			166	291
1431	0	0			190	183
1432	0	0			232	170
1433	0	0			232	211
1434	0	0			218	103
1435	0	0			360	151
1436	86	303			173	224
1437	171	404			302	326
1438	0	436			144	252
1439	4	1			210	133
1440	1	4			159	210
1441	0	0			166	287
1442	4	4			149	149
1443	94	162			186	245
1444	7	33			105	133
1445	521	550			249	273
1446	517	388			215	188
1447	201	18			188	123
1448	9	1			173	193
1449	16	1			197	193
1450	3	1			214	193
1451	3	9			214	173
1452	3	16			214	197
1453	0	0			121	147
1454	151	174			636	154
1455	0	0			165	173
1456	1	2			195	140
1457	44	80			137	221
1458	5	22			234	333
1459	7	1			194	227
1460	381	633			198	252
1461	24	26			161	169
1462	765	997			255	264
1463	65	245			153	263
1464	1	0			144	131
1465	146	122			238	217
1466	178	386			175	166
1467	0	0			126	179
1468	387	149			190	131
1469	118	332			120	226
1470	112	151			120	131
1471	105	6			153	153
1472	503	684			214	217
1473	9	116			192	285
1474	58	60			154	178
1475	3	1			243	182
1476	2	1			182	121
1477	62	119			212	255
1478	0	1			166	198
1479	479	94			151	151
1480	0	1			180	201
1481	25	0			99	99
1482	10	25			134	154
1483	19	25			160	154
1484	21	3			160	142
1485	0	0			226	169
1486	28	127			129	237
1487	48	5			125	115
1488	39	23			160	138
1489	5	5			180	330
1490	0	0			258	438
1491	0	0			258	438
1492	0	0			141	259
1493	0	11			136	273
1494	0	0			152	130
1495	0	0			150	130
1496	0	0			152	156
1497	0	0			150	156
1498	0	0			150	152
1499	0	0			150	152
1500	0	0			186	136
1501	1	2			150	178
1502	2	14			139	263
1503	6	2			174	206
1504	199	176			141	143
1505	179	279			143	146
1506	201	215			146	133
1507	207	652			239	284
1508	182	652			236	284
1509	241	652			236	284
1510	53	120			156	199
1511	4	64			146	183
1512	0	0			134	581
1513	81	68			190	162
1514	243	173			354	222
1515	0	0			96	96
1516	95	65			216	164
1517	473	49			273	159
1518	162	188			159	186
1519	30	54			203	202
1520	29	42			247	334
1521	0	0			147	141
1522	902	1095			231	254
1523	1	6			173	164
1524	13	19			187	140
1525	0	1			123	284
1526	0	1			123	273
1527	0	0			123	78
1528	1	0			284	78
1529	1	0			273	78
1530	226	222			170	157
1531	90	225			135	159
1532	210	0			79	79
1533	34	56			304	291
1534	0	0			179	169
1535	43	37			165	255
1536	50	100			255	403
1537	22	4			199	143
1538	3	37			143	246
1539	13	18			243	252
1540	13	0			309	205
1541	18	0			275	205
1542	60	33			256	211
1543	689	63			113	136
1544	0	0			194	457
1545	0	0			115	205
1546	0	0			139	128
1547	4	4			108	123
1548	246	240			222	188
1549	13874	14488			192	178
1550	248	107			347	193
1551	102	29			193	157
1552	135	1			128	79
1553	0	35			164	184
1554	0	13			164	216
1555	35	13			184	216
1556	180	451			242	144
1557	290	0			178	76
1558	0	0			238	136
1559	0	0			173	270
1560	0	0			185	173
1561	12	89			225	231
1562	0	0			201	219
1563	0	27			191	131
1564	0	27			173	131
1565	0	2			170	212
1566	0	0			456	122
1567	626	55			240	231
1568	42	47			129	124
1569	8	0			195	153
1570	144	217			114	132
1571	74	156			157	202
1572	61	139			182	237
1573	1	59			223	122
1574	0	0			215	267
1575	0	0			196	267
1576	113	615			227	603
1577	552	267			603	304
1578	591	269			603	304
1579	48	71			213	304
1580	4	0			81	81
1581	26	127			130	288
1582	586	295			193	129
1583	0	53			96	96
1584	0	64			96	93
1585	40	231			118	174
1586	103	176			155	174
1587	55	67			133	155
1588	13	27			129	210
1589	0	0			395	168
1590	0	0			154	395
1591	0	2			142	150
1592	0	6			114	145
1593	0	6			166	193
1594	0	1			166	188
1595	0	1			166	212
1596	0	10			166	145
1597	6	1			193	188
1598	6	1			193	212
1599	6	10			193	145
1600	1	10			188	145
1601	1	10			212	145
1602	0	0			123	192
1603	171	191			247	233
1604	0	0			151	108
1605	1	3			147	141
1606	3	0			126	99
1607	24	39			210	235
1608	1	0			159	177
1609	1	0			156	177
1610	0	0			209	155
1611	0	0			245	155
1612	13	73			272	407
1613	0	0			96	90
1614	40	33			265	222
1615	49	95			172	247
1616	330	10			210	172
1617	228	154			210	194
1618	182	152			269	230
1619	4	0			1374	252
1620	263	253			243	201
1621	5	31			174	174
1622	20	49			223	345
1623	0	4			214	269
1624	0	2			144	162
1625	0	0			322	199
1626	361	35			248	306
1627	140	21			349	178
1628	72	68			173	173
1629	0	0			87	87
1630	1	2			165	147
1631	0	1			159	147
1632	1	98			79	260
1633	64	65			278	260
1634	64	77			278	234
1635	21	65			188	260
1636	21	77			188	234
1637	65	77			260	234
1638	6	28			139	194
1639	124	226			195	183
1640	0	141			84	309
1641	0	0			165	337
1642	62	115			177	219
1643	20	40			123	165
1644	15	2			172	191
1645	89	89			165	135
1646	552	464			363	354
1647	271	130			186	136
1648	0	140			98	98
1649	217	271			159	146
1650	82	40			187	136
1651	143	199			216	210
1652	10	0			140	125
1653	0	0			438	107
1654	0	10			150	187
1655	6	22			106	202
1656	47	285			138	230
1657	55	9			180	90
1658	52	49			339	351
1659	4	21			111	169
1660	0	0			194	237
1661	33	234			207	161
1662	2	21			120	171
1663	7	10			153	153
1664	39	13			220	296
1665	0	578			132	290
1666	274	109			212	143
1667	0	8			152	194
1668	0	8			105	194
1669	0	0			105	152
1670	1	1			354	354
1671	224	184			239	213
1672	3	14			126	245
1673	0	261			82	163
1674	0	0			210	231
1675	172	24			309	240
1676	465	274			1063	165
1677	18	0			198	292
1678	18	1			198	159
1679	25	0			163	220
1680	575	35451			200	183
1681	17900	35451			111	183
1682	83	72			110	125
1683	242	72			158	125
1684	3	0			147	209
1685	7	30			181	128
1686	73	92			152	202
1687	221	204			203	195
1688	4	182			147	147
1689	0	0			208	237
1690	0	0			241	214
1691	4	2			193	215
1692	4	2			193	295
1693	2	2			215	295
1694	2	199			215	226
1695	2	137			215	364
1696	0	0			106	106
1697	0	0			100	100
1698	266	598			181	812
1699	266	93			181	314
1700	1430	1			177	174
1701	2450	1			156	174
1702	71	379			124	227
1703	0	0			219	157
1704	4373	7378			214	240
1705	495	146			224	130
1706	356	333			269	237
1707	553	1			267	175
1708	17	224			232	156
1709	17	378			232	191
1710	17	275			232	236
1711	19	10			138	146
1712	2	7			159	239
1713	2	7			159	305
1714	0	0			131	159
1715	267	252			172	172
1716	60	84			156	213
1717	80	20			163	182
1718	62	24			180	126
1719	69	0			84	87
1720	2661	222			163	119
1721	1271	4			132	428
1722	13	0			138	115
1723	77	82			233	198
1724	1	142			136	186
1725	46	141			136	186
1726	116	142			194	186
1727	93	6			185	132
1728	211	563			159	228
1729	272	201			215	214
1730	0	19			230	193
1731	296	326			172	193
1732	0	0			258	240
1733	0	0			361	108
1734	1	27			124	192
1735	8	18			164	229
1736	17	17			215	229
1737	18	11			215	164
1738	8	0			141	192
1739	36	0			247	137
1740	1	0			367	137
1741	1	36			367	247
1742	73	85			258	233
1743	0	0			123	192
1744	1082	1153			235	142
1745	1362	1186			235	142
1746	61	60			141	141
1747	48	66			153	141
1748	6	99			118	187
1749	306	113			197	135
1750	0	0			93	126
1751	3	43			168	168
1752	5	0			193	251
1753	2	5			167	193
1754	10	36			218	292
1755	75	54			247	179
1756	194	21			174	89
1757	63	6			183	129
1758	2	9			165	205
1759	439	750			224	319
1760	28	7			195	138
1761	43	106			252	361
1762	0	0			490	143
1763	7	10			114	171
1764	0	0			168	98
1765	0	0			168	98
1766	12	2			219	128
1767	1	14			293	359
1768	150	122			182	165
1769	73	172			150	194
1770	112	53			200	139
1771	657	6786			3036	5337
1772	535	203			266	156
1773	12	7			207	161
1774	0	0			164	145
1775	95	108			267	223
1776	103	24			235	176
1777	197	203			233	237
1778	173	221			228	237
1779	1	0			247	255
1780	0	3			129	114
1781	825	768			147	147
1782	779	768			487	147
1783	112	892			400	235
1784	62	216			142	252
1785	0	0			144	197
1786	0	0			144	157
1787	3	8			159	243
1788	21	9			150	132
1789	1392	828			207	200
1790	3351	1163			342	204
1791	5	4			142	217
1792	46	26			160	203
1793	0	28			96	93
1794	0	0			168	98
1795	0	0			168	98
1796	36	6			120	247
1797	50	3346			200	197
1798	87	3346			304	197
1799	1	1			156	207
1800	26	7			222	208
1801	2	4			188	231
1802	116	25			205	157
1803	149	27			159	159
1804	341	198			267	159
1805	2	0			99	132
1806	61	462			150	234
1807	61	276			150	135
1808	462	276			234	135
1809	308	409			203	226
1810	0	28			149	364
1811	0	7			149	152
1812	59	244			220	758
1813	36	51			168	217
1814	37	26			168	217
1815	51	46			220	261
1816	55	81			159	200
1817	113	181			198	241
1818	62	265			184	334
1819	4	262			153	294
1820	0	0			77	401
1821	76	87			146	146
1822	453	157			195	156
1823	2	157			143	156
1824	230	430			156	252
1825	122	121			135	141
1826	32	79			167	207
1827	52	0			167	80
1828	9260	12250			192	202
1829	1774	1351			177	135
1830	235	235			234	230
1831	256	93			230	142
1832	16	134			153	653
1833	187	0			187	135
1834	194	27			155	155
1835	1230	155			144	144
1836	72	148			172	245
1837	0	0			111	153
1838	277	711			145	263
1839	3	65			236	236
1840	81	64			204	204
1841	368	931			137	218
1842	24	44			180	270
1843	34	42			316	270
1844	0	37			325	180
1845	11	0			167	167
1846	0	0			235	79
1847	134	84			234	132
1848	187	20			234	159
1849	18	7			125	168
1850	32	10			125	168
1851	1	10			127	168
1852	17	7			125	168
1853	2	13			131	125
1854	50	26			161	195
1855	0	0			116	158
1856	56	43			294	204
1857	9	14			180	180
1858	0	5			180	180
1859	3	14			217	250
1860	231	3			138	150
1861	683	122			1116	175
1862	0	0			153	225
1863	0	0			177	156
1864	0	0			175	205
1865	6	6			165	134
1866	0	0			159	152
1867	478	3592			156	141
1868	88	150			231	238
1869	0	0			127	195
1870	16	67			208	402
1871	12	91			133	178
1872	19	1			104	155
1873	797	1719			174	288
1874	175	270			183	188
1875	0	0			132	169
1876	83	0			207	192
1877	319	615			184	264
1878	0	0			93	93
1879	0	0			93	228
1880	5	18			167	141
1881	50	7			269	167
1882	27	24			167	220
1883	24	12			167	220
1884	24	56			167	149
1885	12	56			220	149
1886	62	186			166	166
1887	0	0			171	114
1888	0	0			174	114
1889	1	0			194	173
1890	1	1			194	197
1891	1	18			194	196
1892	1	38			194	303
1893	2	0			134	173
1894	2	1			134	197
1895	2	34			134	196
1896	0	1			173	197
1897	18	38			196	303
1898	0	0			195	174
1899	0	0			247	137
1900	0	0			367	137
1901	0	0			367	247
1902	12	520			154	189
1903	698	213			189	205
1904	210	1017			205	219
1905	210	985			205	216
1906	0	0			171	228
1907	27	0			196	122
1908	5	174			161	248
1909	19	6			189	220
1910	18	16			189	220
1911	1800	2371			170	189
1912	1244	1849			160	170
1913	493	1492			119	160
1914	22	10			270	291
1915	96	125			114	153
1916	1115	544			224	145
1917	0	31			135	117
1918	4	31			108	117
1919	4	0			108	135
1920	3	0			108	135
1921	76	5			148	148
1922	34	36			142	163
1923	29	36			120	163
1924	33	29			161	142
1925	1	26			120	142
1926	1	45			117	161
1927	31	45			120	161
1928	1	45			117	161
1929	2	45			120	161
1930	2	79			179	259
1931	63	89			259	333
1932	1	1			162	153
1933	1	1			135	147
1934	374	0			261	103
1935	1	22			115	130
1936	3	40			115	130
1937	9	32			162	165
1938	10	20			159	159
1939	0	0			237	237
1940	699	631			217	163
1941	2	0			133	122
1942	2	9			133	250
1943	0	9			122	250
1944	85	46			198	201
1945	0	7			93	93
1946	13	31			121	156
1947	62	13			199	121
1948	3	78			123	243
1949	134	127			159	134
1950	270	96			156	117
1951	0	3			121	190
1952	2	4			190	199
1953	0	2			121	190
1954	2	0			84	84
1955	0	0			156	84
1956	0	2			156	84
1957	104	0			228	171
1958	75	12			147	147
1959	191	222			159	133
1960	4	9			249	244
1961	0	0			150	164
1962	13	23			173	202
1963	17	35			173	202
1964	19	21			173	202
1965	36	25			202	187
1966	17	753			207	3241
1967	197	368			139	231
1968	1	0			108	108
1969	0	9			251	525
1970	50	52			157	176
1971	35	48			129	199
1972	19	13			165	179
1973	515	744			154	161
1974	15	106			195	420
1975	989	691			251	247
1976	1	70			151	172
1977	12	3			225	180
1978	3	7			165	129
1979	89	102			246	237
1980	311	436			136	176
1981	347	224			224	167
1982	256	349			227	224
1983	1	2			109	204
1984	5	45			196	392
1985	4	10			126	150
1986	2	9			105	150
1987	468	108			563	191
1988	64	95			159	176
1989	1	0			152	187
1990	1	0			152	267
1991	0	0			187	267
1992	10	21			123	167
1993	0	7			93	93
1994	6	10			158	228
1995	78	64			142	136
1996	0	1			211	198
1997	1	0			115	118
1998	61	31			197	123
1999	118	47			207	213
2000	13	12			160	166
2001	31	31			143	166
2002	30	54			143	210
2003	0	0			190	169
2004	138	38			304	125
2005	7	0			99	126
2006	0	0			99	102
2007	2	0			102	126
2008	2	0			102	129
2009	190	50			204	102
2010	100	110			204	204
2011	40	0			180	201
2012	0	0			168	98
2013	0	0			168	98
2014	178	41			163	106
2015	38	32			139	171
2016	0	6			186	199
2017	130	476			372	959
2018	12	1			198	247
2019	0	7			153	169
2020	76	105			152	164
2021	0	15			157	156
2022	274	48			135	141
2023	31	45			261	261
2024	0	4			147	127
2025	104	96			210	213
2026	217	16			175	109
2027	108	46			142	175
2028	6	7			102	99
2029	44	50			160	162
2030	0	0			97	200
2031	354	375			186	193
2032	0	0			93	90
2033	1	183			102	245
2034	1	124			102	197
2035	128	198			162	201
2036	1	1			206	99
2037	0	23			148	78
2038	4	0			123	99
2039	61	122			216	259
2040	55	61			240	216
2041	65	31			209	142
2042	235	272			237	195
2043	1493	287			235	96
2044	740	711			303	271
2045	740	1096			303	271
2046	8	1			144	81
2047	0	0			120	150
2048	459	14			171	156
2049	31	64			101	171
2050	45	828			184	915
2051	6	0			108	96
2052	12	0			189	96
2053	12	6			189	108
2054	0	0			192	111
2055	12	126			158	182
2056	12	242			158	208
2057	42	36			167	175
2058	398	324			172	185
2059	8	16			150	209
2060	0	0			162	168
2061	0	22			125	231
2062	26	30			172	236
2063	0	2			327	185
2064	603	243			263	184
2065	0	0			338	200
2066	2	3			155	128
2067	356	1			151	97
2068	291	228			218	167
2069	554	1371			212	284
2070	279	288			200	210
2071	3	0			210	156
2072	19	3			189	117
2073	0	0			336	192
2074	1	0			192	192
2075	0	0			243	192
2076	0	1			243	192
2077	0	1			336	192
2078	0	1			336	243
2079	0	0			177	336
2080	6	1			215	212
2081	0	0			193	192
2082	13	137			111	170
2083	45	59			174	206
2084	211	611			165	238
2085	8	8			174	177
2086	4	6			198	207
2087	1	1			87	87
2088	145	192			149	187
2089	7	4			197	157
2090	42	114			162	208
2091	87	55			218	151
2092	407	7			173	179
2093	178	150			219	201
2094	0	5			198	229
2095	127	145			249	159
2096	185	297			259	212
2097	253	339			212	211
2098	332	147			211	133
2099	243	178			208	212
2100	370	73			279	120
2101	186	0			120	162
2102	84	167			120	155
2103	8	344			131	153
2104	299	167			247	153
2105	133	251			153	189
2106	79	185			147	220
2107	79	14			147	162
2108	135	96			183	147
2109	0	0			176	231
2110	1	1			232	292
2111	9	24			165	146
2112	0	24			164	146
2113	0	9			164	165
2114	77	200			207	191
2115	56	200			181	191
2116	89	75			185	185
2117	0	1			233	265
2118	0	1			210	247
2119	0	0			268	223
2120	80	44			226	147
2121	146	7			372	136
2122	8	179			192	281
2123	8	180			192	249
2124	8	135			192	215
2125	66	14			231	174
2126	38	35			174	282
2127	0	0			234	213
2128	103	2			263	183
2129	6	253			168	180
2130	0	0			138	255
2131	0	0			138	255
2132	0	0			153	255
2133	0	0			153	138
2134	0	0			153	138
2135	2	3			291	170
2136	224	367			181	217
2137	0	0			139	164
2138	83	74			273	270
2139	1	6			182	300
2140	334	231			279	198
2141	184	118			198	152
2142	0	1			108	194
2143	0	0			144	147
2144	0	0			660	304
2145	783	265			193	177
2146	1	9			226	220
2147	121	108			179	151
2148	910	3705			154	230
2149	119	3705			154	230
2150	0	0			83	77
2151	5	0			176	133
2152	0	0			157	196
2153	0	0			164	87
2154	0	0			87	222
2155	2	5			190	190
2156	99	113			149	191
2157	11704	18020			198	262
2158	171	252			162	200
2159	158	288			162	254
2160	28	90			161	236
2161	66	32			205	150
2162	41	6			212	114
2163	39	162			299	229
2164	850	1058			150	173
2165	1097	1275			173	205
2166	0	47			118	169
2167	118	169			192	198
2168	66	253			193	249
2169	0	1			262	183
2170	439	28			224	151
2171	1242	1156			189	168
2172	10	221			104	206
2173	85	113			206	186
2174	128	220			167	197
2175	1	24			168	191
2176	1	39			168	291
2177	1	1			168	183
2178	54	100			184	153
2179	54	141			184	196
2180	20	36			208	166
2181	4	0			159	141
2182	15	9			163	164
2183	0	0			123	165
2184	91	8			219	213
2185	0	1			167	167
2186	0	0			164	129
2187	7	26			169	170
2188	0	0			125	212
2189	21	123			293	231
2190	1	0			190	129
2191	127	74			137	134
2192	371	216			243	243
2193	2	10			124	121
2194	58	0			177	133
2195	85	136			185	298
2196	116	36			206	185
2197	117	50			206	185
2198	4	68			184	149
2199	6	171			184	149
2200	0	0			129	156
2201	1547	3098			174	297
2202	45	173			126	158
2203	0	0			130	159
2204	0	0			93	159
2205	491	334			221	184
2206	187	524			156	221
2207	4	7			199	169
2208	1	7			193	169
2209	1	4			193	199
2210	162	152			179	157
2211	67	69			211	181
2212	40	26			153	170
2213	27	5			148	153
2214	24	30			148	153
2215	32	37			156	148
2216	500	402			415	286
2217	12	27			153	126
2218	12	67			126	214
2219	1	18			120	90
2220	1	0			120	90
2221	18	0			90	90
2222	59	24			239	144
2223	139	21			226	125
2224	48	2			411	139
2225	237	132			212	211
2226	0	0			168	98
2227	0	0			168	98
2228	19	135			490	166
2229	0	135			109	166
2230	0	19			109	490
2231	569	786			206	238
2232	36	302			170	329
2233	36	128			170	227
2234	5	16			216	207
2235	5	7			216	183
2236	9	15			135	149
2237	3	20			187	135
2238	90	108			225	177
2239	671	27			108	111
2240	0	8			143	134
2241	329	374			208	183
2242	2	0			172	140
2243	105	199			194	235
2244	92	0			176	149
2245	92	213			176	280
2246	0	197			149	249
2247	163	57			211	145
2248	471	2226			128	218
2249	1843	1152			218	163
2250	82	155			151	164
2251	0	0			223	168
2252	9	122			165	208
2253	11	122			193	208
2254	11	122			198	208
2255	0	1			1325	189
2256	0	0			234	169
2257	0	1			234	189
2258	0	1			169	189
2259	0	0			189	213
2260	1	0			213	186
2261	1	0			213	274
2262	0	0			187	186
2263	0	0			186	274
2264	34	82			149	220
2265	1	0			174	134
2266	4	1			147	175
2267	0	1			221	255
2268	0	3			190	192
2269	49	0			150	87
2270	5	0			87	87
2271	0	5			138	255
2272	0	5			138	255
2273	3	5			153	255
2274	3	0			153	138
2275	3	0			153	138
2276	303	64			99	114
2277	84	277			127	198
2278	246	281			198	177
2279	383	614			165	193
2280	0	4			220	664
2281	26	93			221	235
2282	41	0			206	210
2283	32	0			221	210
2284	3577	0			206	77
2285	0	1			248	248
2286	0	0			127	127
2287	0	10			248	248
2288	0	1			127	127
2289	0	1			127	127
2290	0	0			127	127
2291	3	128			167	221
2292	0	0			169	126
2293	54	92			167	183
2294	2	7			156	150
2295	7	17			147	260
2296	0	0			135	154
2297	223	66			440	210
2298	1	0			198	230
2299	35	146			116	200
2300	125	0			87	87
2301	125	0			87	193
2302	0	0			218	103
2303	0	0			360	151
2304	0	17			112	184
2305	323	141			158	130
2306	19	20			157	116
2307	36	20			181	116
2308	19	74			157	169
2309	36	74			181	169
2310	485	252			105	98
2311	439	363			129	105
2312	1180	933			231	219
2313	34	21			174	134
2314	73	63			219	209
2315	0	33			102	99
2316	7	1			191	214
2317	138	10			197	106
2318	8	5			129	141
2319	0	0			230	204
2320	0	0			217	204
2321	127	52			171	157
2322	1	9			200	175
2323	14	1			150	178
2324	0	0			136	167
2325	0	0			207	218
2326	0	4			193	192
2327	0	241			111	121
2328	78	220			141	312
2329	0	0			166	224
2330	104	109			202	182
2331	57	109			264	182
2332	30	59			141	165
2333	31	27			141	104
2334	31	46			141	135
2335	52	84			172	173
2336	3555	4802			220	204
2337	2156	4802			215	204
2338	0	0			99	99
2339	6	0			134	99
2340	27	4			152	134
2341	13	1			152	134
2342	1	0			167	167
2343	0	18			83	83
2344	12	0			83	110
2345	12	3			83	83
2346	0	3			110	83
2347	39	7			132	141
2348	0	49			99	99
2349	2	46			120	117
2350	75	2			162	153
2351	0	11			92	95
2352	125	42			178	102
2353	1096	2225			242	242
2354	11	62			259	583
2355	1544	6443			137	310
2356	769	6443			336	310
2357	893	1344			194	92
2358	660	1344			245	92
2359	0	0			111	274
2360	151	230			151	179
2361	94	0			158	108
2362	0	0			147	207
2363	0	0			129	163
2364	0	0			129	213
2365	0	0			129	173
2366	0	3			129	209
2367	0	0			129	178
2368	0	0			213	173
2369	0	3			213	209
2370	0	0			213	178
2371	0	0			153	215
2372	0	3			173	209
2373	0	0			173	178
2374	0	0			173	215
2375	3	0			209	178
2376	0	0			181	178
2377	0	0			178	123
2378	13	2			192	199
2379	630	300			175	147
2380	20	29			166	152
2381	0	0			278	473
2382	0	0			166	234
2383	4	36			166	138
2384	0	0			163	146
2385	0	165			232	166
2386	8	9			120	146
2387	15	29			109	143
2388	43	97			186	194
2389	2	66			139	148
2390	0	0			154	144
2391	2	1			200	274
2392	215	172			191	147
2393	68	56			195	149
2394	133	293			186	233
2395	321	553			137	174
2396	17	75			121	260
2397	132	99			190	153
2398	2	0			163	111
2399	62	202			119	279
2400	18	6			351	351
2401	39	13			187	118
2402	0	2			169	203
2403	0	2			196	203
2404	21	1			176	120
2405	138	1034			110	226
2406	10	1			196	220
2407	1	1			177	117
2408	771	1074			222	174
2409	1528	1320			390	198
2410	6	4667			129	639
2411	119	41			177	243
2412	0	4			150	109
2413	73	61			214	172
2414	321	141			296	177
2415	0	4			94	94
2416	194	202			204	165
2417	24	10			183	183
2418	14	10			183	183
2419	271	10			204	183
2420	271	14			204	183
2421	0	2			121	133
2422	27	18			145	164
2423	16	47			145	208
2424	0	0			126	193
2425	0	0			119	326
2426	0	0			202	99
2427	0	0			116	99
2428	0	0			116	202
2429	0	0			173	205
2430	0	0			210	173
2431	61	15			237	306
2432	5	2			227	217
2433	179	160			260	213
2434	4	0			285	278
2435	260	161			287	191
2436	185	342			191	311
2437	5	788			186	358
2438	5	338			186	186
2439	1204	425			1012	303
2440	270	329			189	252
2441	18	26			258	258
2442	20	29			258	258
2443	0	0			165	149
2444	1	73			179	179
2445	86	3			135	135
2446	19	98			159	159
2447	33	38			159	108
2448	8	16			288	180
2449	161	367			131	202
2450	219	294			229	177
2451	0	0			193	192
2452	28	0			264	111
2453	0	17			174	138
2454	0	33			174	297
2455	67	55			423	357
2456	61	16			180	168
2457	38	51			135	140
2458	0	0			123	192
2459	0	0			143	137
2460	95	126			189	213
2461	0	0			151	220
2462	6	3			201	240
2463	2	45			78	78
2464	0	2			93	93
2465	456	668			198	207
2466	207	432			197	268
2467	130	159			242	235
2468	94	158			185	235
2469	38	70			195	195
2470	431	1			163	198
2471	0	0			90	78
2472	0	0			117	78
2473	1	20			168	177
2474	9	58			130	186
2475	36	118			198	456
2476	9	0			169	215
2477	42	51			145	231
2478	24	26			240	231
2479	25	25			171	167
2480	172	294			213	286
2481	259	9			213	210
2482	91	3			210	210
2483	12	17			270	258
2484	8	11			210	270
2485	0	19			127	340
2486	6	1			172	163
2487	2	0			204	162
2488	5	2			179	225
2489	246	191			189	171
2490	0	0			202	366
2491	40	21			171	169
2492	2	3			186	186
2493	30	14			198	192
2494	33	15			272	137
2495	89	12			256	113
2496	96	12			225	113
2497	87	20			256	113
2498	9	97			138	184
2499	8	1			321	167
2500	15	51			130	193
2501	0	0			464	228
2502	0	1			182	163
2503	238	426			216	249
2504	0	29			125	411
2505	73	6			186	180
2506	2	7			218	203
2507	6	2			246	218
2508	4	111			182	311
2509	32	136			174	293
2510	85	102			164	151
2511	19	9			155	170
2512	19	15			155	257
2513	0	16			157	203
2514	46	72			178	208
2515	164	72			169	126
2516	413	328			223	175
2517	111	98			202	172
2518	155	203			261	273
2519	195	14			260	222
2520	161	135			260	231
2521	0	72			78	197
2522	20	25			124	117
2523	11	0			207	161
2524	0	0			161	161
2525	14	3			132	120
2526	8	13			141	138
2527	46	75			289	197
2528	75	75			213	197
2529	0	14			93	93
2530	27	21			191	280
2531	7	111			90	228
2532	88	41			312	192
2533	0	0			131	141
2534	84	3			179	96
2535	16	3			816	211
2536	7	68			337	536
2537	4	3			261	213
2538	0	2			160	245
2539	0	0			160	188
2540	0	0			175	208
2541	0	0			158	175
2542	11	8			81	170
2543	18	74			147	249
2544	0	0			163	390
2545	2	35			194	397
2546	3	9			145	226
2547	1	11			130	178
2548	0	0			138	120
2549	38	63			168	209
2550	114	7			208	127
2551	11	27			119	125
2552	0	0			368	152
2553	241	218			220	166
2554	422	348			247	220
2555	445	504			260	243
2556	0	0			81	81
2557	0	0			172	172
2558	27	31			168	181
2559	266	338			214	204
2560	122	442			146	334
2561	122	331			146	342
2562	276	209			179	142
2563	891	381			392	186
2564	238	233			151	124
2565	14	5			264	264
2566	297	437			165	184
2567	8	18			173	192
2568	234	125			238	174
2569	0	0			307	192
2570	65	47			315	115
2571	0	1			225	164
2572	89	15			246	145
2573	101	126			239	184
2574	140	126			244	184
2575	0	0			145	160
2576	292	146			189	189
2577	7752	6413			201	183
2578	58	0			160	144
2579	3	43			147	173
2580	0	0			123	173
2581	0	1			93	93
2582	5	2			187	137
2583	11	11			240	240
2584	0	3			251	135
2585	0	3			191	133
2586	0	1			133	332
2587	203	525			172	227
2588	997	548			154	156
2589	145	135			149	171
2590	465	614			232	204
2591	39	21			180	121
2592	28	0			126	126
2593	35	13			126	138
2594	5	16			126	138
2595	20	120			173	234
2596	1	50			149	173
2597	7	52			184	173
2598	42	106			138	188
2599	32	43			162	149
2600	45	62			201	224
2601	24	38			355	269
2602	56	109			165	156
2603	56	30			165	153
2604	64	29			156	117
2605	71	81			197	210
2606	72	82			146	149
2607	54	297			171	247
2608	0	9			161	161
2609	169	138			188	150
2610	121	397			150	222
2611	496	571			169	203
2612	0	0			198	152
2613	52	622			159	277
2614	26	622			162	277
2615	50	623			159	277
2616	9	178			142	159
2617	9	173			142	162
2618	44	27			142	113
2619	18	17			219	155
2620	147	286			179	201
2621	3	8			129	184
2622	25	38			162	196
2623	166	186			123	118
2624	249	236			136	127
2625	0	0			189	199
2626	21	24			156	177
2627	82	20			947	255
2628	224	165			127	125
2629	639	74			257	158
2630	0	0			193	125
2631	6	1			178	308
2632	138	1			325	308
2633	138	6			325	178
2634	161	203			152	152
2635	20	144			147	172
2636	26	221			245	454
2637	841	221			1082	199
2638	0	0			168	98
2639	0	0			168	98
2640	11	2			224	157
2641	12	2			218	157
2642	2	5			190	160
2643	2	1			190	168
2644	5	1			160	168
2645	0	2			157	114
2646	10	34			171	197
2647	0	0			123	192
2648	69	86			265	289
2649	45	87			265	289
2650	26	63			143	265
2651	43104	48729			204	186
2652	127	75			185	163
2653	74	108			137	185
2654	1143	650			145	122
2655	1	0			96	99
2656	13	0			248	171
2657	4	0			184	125
2658	1564	498			1213	336
2659	465	651			148	158
2660	38	105			153	185
2661	66	62			188	153
2662	14	18			134	185
2663	18	17			147	147
2664	2	15			147	147
2665	0	9			155	192
2666	10	9			277	271
2667	17	831			118	585
2668	20	485			118	296
2669	56	33			136	106
2670	10	1			218	180
2671	6	1			173	180
2672	0	0			94	94
2673	0	0			87	87
2674	0	0			87	87
2675	0	0			87	87
2676	0	3			172	172
2677	15	44			182	312
2678	126	315			363	345
2679	126	87			363	221
2680	192	5			234	196
2681	1288	317			729	238
2682	85	1368			138	729
2683	17	2			268	297
2684	13	2			199	297
2685	1	0			219	210
2686	2	9			145	110
2687	3	0			141	243
2688	4	0			141	243
2689	18	23			186	182
2690	49	20			273	144
2691	336	51			263	236
2692	21	35			179	228
2693	8	17			154	187
2694	8	150			154	146
2695	8	101			154	137
2696	17	150			187	146
2697	17	101			187	137
2698	14	4			187	152
2699	5	9			165	147
2700	26	40			141	135
2701	6	44			176	198
2702	0	0			123	192
2703	7	3			138	168
2704	39	83			174	214
2705	2	7			218	306
2706	2	18			218	226
2707	7	18			306	226
2708	0	3			226	199
2709	376	6			145	147
2710	13	22			150	147
2711	13	123			150	289
2712	11	37			146	147
2713	0	0			194	181
2714	152	87			247	125
2715	44	6			207	161
2716	13	4			173	247
2717	6	4			186	247
2718	10	4			166	247
2719	59	100			159	221
2720	94	82			204	221
2721	121	126			235	218
2722	38	47			177	173
2723	84	401			129	292
2724	236	171			212	165
2725	9	171			144	165
2726	236	208			212	197
2727	91	214			131	212
2728	3	89			125	122
2729	72	230			199	237
2730	8	102			132	117
2731	81	108			117	162
2732	70	66			621	795
2733	382	657			320	482
2734	0	0			109	143
2735	0	0			186	194
2736	8	0			219	189
2737	11	0			216	189
2738	5	13			126	148
2739	16	15			126	148
2740	16	4			126	148
2741	15	4			148	148
2742	5	1			148	148
2743	2	2857			102	237
2744	4	2857			118	237
2745	228	334			128	166
2746	95	48			159	104
2747	68	79			173	204
2748	94	100			123	154
2749	578	715			258	254
2750	339	562			188	261
2751	2	1			189	177
2752	128	0			196	160
2753	65	303			299	759
2754	64	308			120	117
2755	180	133			146	131
2756	0	0			387	366
2757	0	0			366	207
2758	26	11			276	202
2759	40	38			154	123
2760	40	33			154	118
2761	19	52			138	156
2762	148	91			201	127
2763	0	212			197	277
2764	3	14			160	248
2765	4	7			204	160
2766	0	0			140	213
2767	0	0			123	140
2768	1050	1000			290	228
2769	0	7			232	460
2770	126	157			159	190
2771	0	0			123	192
2772	5	29			132	323
2773	64	23			258	178
2774	219	548			165	291
2775	986	1013			165	138
2776	1347	1085			174	165
2777	585	784			145	136
2778	0	0			147	150
2779	688	2804			134	170
2780	29	7			352	180
2781	17	7			223	180
2782	24	5			352	180
2783	2	5			130	180
2784	156	5			156	180
2785	156	24			156	352
2786	156	2			156	130
2787	292	2			215	103
2788	138	213			143	215
2789	3	290			186	320
2790	238	605			198	347
2791	14	57			208	219
2792	0	39			142	116
2793	9	6			195	386
2794	20	353			110	348
2795	275	53			348	122
2796	0	0			226	148
2797	2	14			177	279
2798	1	14			180	279
2799	115	0			203	338
2800	7	0			192	228
2801	4	84			245	245
2802	10	20			126	212
2803	89	251			179	283
2804	0	1			195	219
2805	121	138			169	202
2806	129	60			202	139
2807	101	53			150	134
2808	78	143			134	200
2809	1	1			175	228
2810	1	1			704	228
2811	9	52			126	173
2812	24	41			204	177
2813	47	51			180	162
2814	0	0			96	102
2815	0	0			96	96
2816	392	83			214	214
2817	147	5			87	87
2818	66	78			170	202
2819	0	0			177	162
2820	0	0			205	177
2821	0	0			132	205
2822	0	0			241	273
2823	4	47			172	164
2824	0	2			403	121
2825	0	0			109	165
2826	0	10			247	196
2827	0	10			173	196
2828	2	10			228	196
2829	0	10			197	196
2830	0	0			173	247
2831	2	0			228	247
2832	0	0			197	247
2833	2	0			228	173
2834	0	0			197	173
2835	0	2			197	228
2836	26	2257			111	182
2837	0	0			123	192
2838	107	279			136	178
2839	1	256			136	178
2840	175	256			186	178
2841	175	1			186	136
2842	198	111			186	136
2843	261	130			181	128
2844	3	0			90	198
2845	0	0			129	129
2846	62	240			184	192
2847	0	0			78	78
2848	0	0			78	78
2849	0	0			78	78
2850	0	1			220	220
2851	0	2			179	179
2852	11	0			159	159
2853	92	85			190	155
2854	0	0			96	213
2855	0	0			208	147
2856	127	28			206	203
2857	1	15			159	147
2858	4	12			141	135
2859	64	97			128	146
2860	16	1			198	171
2861	18	0			158	108
2862	5	2			209	155
2863	25	27			387	327
2864	84	100			171	154
2865	18	16			220	173
2866	605	500			240	189
2867	287	89			168	105
2868	115	90			117	105
2869	154	671			129	120
2870	1	15			155	148
2871	150	189			186	156
2872	494	759			153	204
2873	183	211			273	279
2874	16	12			101	130
2875	40	84			182	177
2876	26	84			284	177
2877	99	125			315	192
2878	128	7			228	261
2879	162	22			299	228
2880	31	184			127	299
2881	0	228			119	218
2882	2	15			159	159
2883	0	0			123	181
2884	152	164			200	171
2885	0	0			190	152
2886	410	1090			151	246
2887	72	0			237	132
2888	8	7			187	180
2889	110	416			119	217
2890	794	601			281	219
2891	0	0			138	195
2892	6	4			194	160
2893	10	535			101	196
2894	272	684			215	210
2895	594	684			199	210
2896	0	0			192	221
2897	0	0			177	221
2898	0	0			177	192
2899	0	0			148	214
2900	0	0			187	214
2901	0	0			138	140
2902	0	0			261	386
2903	0	0			128	261
2904	0	0			246	261
2905	32	8			150	117
2906	5	7			168	98
2907	5	11			168	98
2908	61	40			267	158
2909	127	238			224	192
2910	127	173			224	338
2911	184	312			192	311
2912	0	0			147	141
2913	21	50			154	225
2914	32	15			172	127
2915	36	7			165	129
2916	7	0			96	96
2917	11	34			161	230
2918	50	78			128	112
2919	8	139			168	128
2920	2404	3955			205	227
2921	1081	522			188	121
2922	1462	2825			169	202
2923	70	67			149	177
2924	51	48			146	149
2925	20	64			123	146
2926	34	44			141	123
2927	31	71			151	138
2928	0	4			129	149
2929	14	42			221	139
2930	3	23			212	221
2931	129	193			183	180
2932	0	0			147	141
2933	12	12			249	248
2934	179	60			262	222
2935	46	6			233	173
2936	111	185			214	266
2937	10	34			166	191
2938	1	0			173	130
2939	95	242			244	157
2940	181	340			157	155
2941	54	21			226	168
2942	20	9			154	173
2943	21	39			154	230
2944	42	38			191	230
2945	13	24			130	191
2946	0	0			184	219
2947	217	127			136	186
2948	217	930			136	715
2949	1	0			168	153
2950	74	863			254	203
2951	3	10			110	241
2952	0	0			168	184
2953	72	57			177	224
2954	0	2			155	114
2955	1	1			102	132
2956	15	24			198	180
2957	0	0			223	168
2958	8	48			178	250
2959	132	130			155	157
2960	176	203			157	172
2961	7	31			175	240
2962	169	569			150	259
2963	53	41			693	678
2964	7	173			173	339
2965	317	0			538	116
2966	31	0			132	116
2967	113	123			271	161
2968	13	23			120	144
2969	557	553			254	170
2970	557	414			254	144
2971	735	817			187	171
2972	1	164			81	165
2973	15	28			155	150
2974	48	88			218	192
2975	91	55			192	177
2976	120	105			156	153
2977	110	157			135	156
2978	15	50			135	135
2979	18	52			159	135
2980	22	33			132	159
2981	5	5			150	147
2982	0	0			145	159
2983	0	3			190	190
2984	1448	361			1335	212
2985	9	26			208	164
2986	12	11			116	208
2987	10	18			275	431
2988	22	2			87	151
2989	2	14			191	254
2990	0	0			218	103
2991	0	0			360	151
2992	0	0			150	275
2993	48	125			162	234
2994	11	11			204	100
2995	0	0			197	156
2996	0	11			194	128
2997	6	8			169	174
2998	0	0			152	148
2999	85	185			152	157
3000	1	9			162	178
3001	1	1			162	112
3002	0	1			203	191
3003	71	3			145	214
3004	0	2			105	147
