ID	IJC_SAMPLE_1	SJC_SAMPLE_1	IJC_SAMPLE_2	SJC_SAMPLE_2	IncFormLen	SkipFormLen
0	0	0			150	137
1	0	0			150	137
2	0	0			150	150
3	0	0			150	98
4	0	0			150	98
5	0	0			138	150
6	0	0			138	150
7	0	0			150	150
8	0	0			150	138
9	0	0			150	138
10	0	0			150	137
11	0	0			150	137
12	0	0			150	150
13	0	0			138	150
14	0	0			138	150
15	0	0			150	150
16	0	0			150	138
17	0	0			150	138
18	0	0			123	150
19	0	0			150	137
20	0	0			150	137
21	0	0			150	150
22	0	0			138	150
23	0	0			138	150
24	0	0			150	150
25	0	0			150	138
26	0	0			150	138
27	0	0			150	150
28	0	0			150	108
29	0	0			150	111
30	0	0			123	150
31	0	0			150	137
32	0	0			150	137
33	0	0			150	150
34	0	0			138	150
35	0	0			138	150
36	0	0			150	150
37	0	0			150	138
38	0	0			150	138
39	0	0			123	150
40	0	0			150	137
41	0	0			150	137
42	0	0			150	150
43	0	0			150	98
44	0	0			150	98
45	0	0			150	111
46	0	0			150	150
47	0	0			150	150
48	0	0			150	150
49	0	0			147	141
50	0	0			150	103
51	0	0			150	150
52	0	0			150	150
53	0	0			111	150
54	0	0			150	103
55	0	0			150	150
56	0	0			147	141
57	0	0			150	103
58	0	0			150	150
59	0	0			150	150
60	0	0			147	141
61	0	0			111	150
62	0	0			150	150
63	0	0			147	141
64	0	0			150	150
65	0	0			150	103
66	0	0			150	150
67	0	0			84	102
68	0	0			148	150
69	0	0			150	150
70	0	0			150	150
71	0	0			141	150
72	0	0			138	150
73	0	0			150	150
74	0	0			99	126
75	0	0			99	102
76	0	0			102	126
77	0	0			102	129
78	0	0			150	150
79	0	0			150	150
80	0	0			150	150
81	0	0			150	121
82	0	0			150	150
83	0	0			150	150
84	0	0			150	150
85	0	0			150	150
86	0	0			150	150
87	0	0			150	150
88	0	0			150	150
89	0	0			150	150
90	0	0			150	108
91	0	0			126	150
92	0	0			150	103
93	0	0			150	150
94	0	0			150	150
95	0	0			150	150
96	6	6			150	150
97	0	0			123	150
98	1	1			106	150
99	0	0			150	150
100	7	23			150	150
101	2	5			138	150
102	7	6			150	150
103	0	0			150	150
104	0	0			150	111
105	0	0			150	150
106	17	34			150	150
107	28	39			150	150
108	1	1			150	150
109	2	80			115	150
110	4	0			111	105
111	0	0			150	150
112	0	0			150	114
113	3	1			150	123
114	0	0			150	150
115	11	20			150	150
116	59	130			144	150
117	6	0			150	121
118	12	0			150	150
119	91	153			118	138
120	2	2			93	90
121	2	8			150	150
122	166	163			150	150
123	0	8			144	111
124	0	0			93	93
125	0	1			150	126
126	0	0			150	150
127	1	0			126	150
128	79	76			130	150
129	57	95			150	150
130	410	0			150	150
131	0	0			150	150
132	3	106			150	150
133	25	59			123	140
134	0	2			150	150
135	0	0			150	150
136	27	28			150	146
137	0	78			150	150
138	2	12			150	150
139	0	0			150	150
140	0	0			136	150
141	0	0			150	150
142	0	10			150	150
143	12	9			150	150
144	2	4			142	150
145	2	2			150	150
146	0	0			150	150
147	9	1			150	150
148	28	3383			150	150
149	6114	3383			150	150
150	142	13			118	107
151	11	13			115	107
152	11	142			115	118
153	84	56			150	118
154	47	56			150	118
155	65	57			129	150
156	21	6			150	146
157	3	0			150	150
158	2	0			150	113
159	3	0			150	113
160	4	0			150	150
161	25	12			150	150
162	4	26			150	150
163	6	67			150	150
164	65	67			150	150
165	4	7			146	150
166	22	22			150	150
167	190	216			150	150
168	202	219			150	150
169	120	96			150	150
170	461	355			150	150
171	3	7			146	150
172	2	0			150	119
173	2	1			150	130
174	5	0			150	119
175	0	1			119	130
176	0	0			150	150
177	0	7			150	130
178	4	32			121	150
179	0	34			121	150
180	3	34			150	150
181	0	34			150	150
182	3	0			150	121
183	0	0			150	121
184	5	10			147	144
185	0	0			150	150
186	0	0			150	133
187	1	0			129	148
188	79	90			148	150
189	0	2			150	150
190	0	2			150	150
191	14	11			150	150
192	1	22			150	150
193	0	0			141	150
194	1	80			150	150
195	1	82			150	137
196	77	45			150	132
197	24	24			150	150
198	107	98			150	150
199	7	2			150	150
200	0	0			150	144
201	0	0			117	150
202	32	23			150	150
203	0	0			150	150
204	0	0			150	150
205	0	0			123	150
206	2	9			150	150
207	38	22			150	150
208	7	204			150	150
209	0	3			150	150
210	8	22			150	150
211	0	8			150	150
212	296	193			141	129
213	328	1			148	150
214	34	73			150	150
215	124	117			150	150
216	49	23			144	112
217	0	11			150	150
218	66	145			148	123
219	25	89			131	150
220	0	0			141	139
221	0	0			150	118
222	96	25			150	150
223	96	27			150	150
224	0	0			150	150
225	0	0			150	150
226	0	0			150	150
227	7	0			150	122
228	55	35			150	150
229	0	0			150	150
230	11	1			106	150
231	70719	33401			150	116
232	1538	33401			150	116
233	94537	96897			150	150
234	93317	103252			150	150
235	17478	38908			108	97
236	13251	38908			97	97
237	0	0			111	150
238	0	0			150	103
239	0	0			150	150
240	3519	3123			150	150
241	29	58			150	150
242	0	0			150	150
243	14	41			150	150
244	0	0			150	150
245	4	0			136	150
246	9	0			147	150
247	290	0			133	150
248	5	18			150	143
249	1202	780			145	122
250	75	54			150	150
251	15	0			150	150
252	0	0			148	150
253	44	55			150	150
254	211	9			150	150
255	403	19			150	141
256	0	1			150	150
257	0	1			150	150
258	0	0			150	150
259	23	7			136	150
260	27	15			150	136
261	26	15			144	136
262	14	0			150	120
263	0	0			150	150
264	0	0			150	150
265	2	0			124	121
266	0	1			150	150
267	520	827			150	117
268	0	0			122	119
269	28	53			150	150
270	38	33			150	150
271	0	0			150	118
272	13	14			150	150
273	55	4			150	150
274	125	1			85	85
275	0	2			150	150
276	0	0			143	143
277	0	0			103	143
278	1	0			150	150
279	19	125			150	150
280	10	125			131	150
281	10	19			131	150
282	0	0			150	150
283	104	2			138	150
284	262	0			150	150
285	789	883			150	150
286	1	2			150	150
287	1	1			137	150
288	0	0			150	150
289	0	0			150	150
290	0	0			150	150
291	0	0			150	150
292	11	13			150	150
293	26	2			150	150
294	11	2			150	150
295	0	0			133	102
296	209	240			147	150
297	37	19			150	150
298	37	34			150	150
299	497	481			146	142
300	0	4			150	150
301	13	35			150	150
302	43	23			150	150
303	3360	9880			103	150
304	36	37			150	150
305	0	0			150	132
306	25	5			150	150
307	75	46			150	150
308	71	66			150	150
309	107	27			144	150
310	1	0			150	150
311	0	0			150	150
312	0	0			150	150
313	0	0			150	150
314	47	37			150	150
315	0	0			150	150
316	0	0			150	150
317	0	0			125	143
318	0	0			150	150
319	0	0			150	150
320	0	0			150	150
321	0	0			150	150
322	0	2			150	150
323	0	0			150	136
324	0	0			116	150
325	0	0			123	150
326	0	0			150	150
327	1	30			150	141
328	84	21			150	150
329	67	79			150	150
330	0	0			150	150
331	0	0			150	150
332	0	0			150	150
333	0	0			150	150
334	0	0			150	150
335	0	0			150	150
336	0	0			150	150
337	0	0			150	150
338	0	0			150	150
339	0	0			150	150
340	0	0			150	150
341	0	0			150	150
342	0	4			145	150
343	0	0			150	150
344	178	172			150	150
345	5	0			150	150
346	0	0			150	150
347	1	0			150	121
348	18	19			150	150
349	15	41			117	150
350	19	42			150	108
351	24	49			108	150
352	329	577			122	150
353	1	25			117	149
354	0	0			131	125
355	67	0			150	150
356	38	0			150	150
357	16	21			149	150
358	0	3			148	150
359	0	0			150	150
360	2	2			150	150
361	8	4			150	150
362	89	11			150	144
363	0	0			150	150
364	328	437			150	150
365	0	0			150	150
366	0	5			138	150
367	13	6			150	150
368	0	0			120	120
369	2	3			133	150
370	5	0			150	114
371	19	26			150	150
372	57	9			150	134
373	385	433			150	150
374	27	13			127	126
375	38	14			150	150
376	24	35			129	150
377	91	98			150	150
378	103	7			150	141
379	0	3			150	123
380	0	0			150	150
381	0	0			150	150
382	0	0			129	150
383	71	73			150	144
384	24	47			150	150
385	41	44			150	150
386	105	98			150	150
387	0	82			100	100
388	38	54			119	150
389	25	0			127	119
390	467	0			150	130
391	440	673			150	150
392	1146	20			150	95
393	0	0			150	96
394	0	0			135	150
395	1	2			150	150
396	0	0			150	150
397	0	0			150	150
398	8	15			150	150
399	10	5			150	150
400	4	0			150	142
401	3	3			150	150
402	2	0			150	138
403	2	0			150	147
404	0	0			138	147
405	10	22			123	150
406	28	12			150	150
407	7	8			150	150
408	0	0			150	150
409	5	10			150	150
410	0	10			150	150
411	0	0			150	150
412	615	777			150	147
413	126	104			150	150
414	5	68			117	150
415	113	1			150	150
416	112	100			150	150
417	8197	17033			150	150
418	19	0			150	150
419	2	1			150	150
420	0	0			150	133
421	0	1			108	135
422	7	46			150	150
423	0	0			150	150
424	0	0			150	150
425	3	15			150	148
426	0	2			150	150
427	0	0			150	150
428	39	2			140	150
429	159	205			114	150
430	176	154			135	102
431	1	194			145	150
432	147	194			150	150
433	96	7077			150	143
434	54	138			150	150
435	24	13			150	150
436	4	0			150	150
437	2	0			150	150
438	24	25			150	150
439	4	12			150	150
440	2	12			150	150
441	30	32			150	150
442	0	0			150	150
443	0	0			150	150
444	0	0			150	104
445	3	1			150	150
446	0	0			150	150
447	5	7			150	150
448	1	4			95	150
449	1	2			150	150
450	14	23			150	150
451	13	23			150	150
452	0	5			84	84
453	42	29			150	150
454	28	41			150	150
455	100	89			150	150
456	0	0			150	150
457	0	0			150	150
458	1	0			102	150
459	2	6			150	150
460	18	31			128	150
461	30	17			150	128
462	100	130			150	150
463	10	15			150	150
464	3	110			150	135
465	14	29			150	129
466	3	32			147	147
467	2	4			150	150
468	5	4			150	150
469	5	2			150	150
470	9	0			150	133
471	447	187			150	150
472	0	0			150	150
473	0	0			150	150
474	39	69			150	150
475	66	46			150	146
476	16	13			150	150
477	189	230			150	150
478	1	0			150	150
479	19	10			150	150
480	138	47			150	150
481	0	0			150	150
482	5	0			150	150
483	5	0			150	150
484	29	57			150	145
485	7301	8			127	150
486	3	1			150	150
487	13	2			150	150
488	28	34			147	150
489	15	35			150	150
490	0	0			150	150
491	2	0			150	150
492	9	32			150	150
493	3343	0			147	150
494	0	0			150	84
495	0	0			150	84
496	0	0			150	150
497	9	7			150	150
498	40	15			150	150
499	0	0			150	150
500	5	70			146	150
501	0	0			145	150
502	0	0			145	150
503	77	82			150	150
504	2	14			150	150
505	10	3			150	150
506	0	11			150	150
507	8	18			150	150
508	51	50			150	150
509	11	18			150	150
510	11	2927			150	150
511	0	0			150	150
512	155	421			150	150
513	0	0			150	119
514	59	69			150	150
515	0	0			79	82
516	2	0			150	150
517	3	4			150	150
518	1	1			150	150
519	1	1			150	150
520	4	168			144	120
521	94	154			144	120
522	50	181			108	144
523	50	33			108	102
524	0	0			78	150
525	11	422			150	150
526	11	197			150	150
527	5	16			111	150
528	106	189			129	150
529	203	116			150	129
530	86	185			150	150
531	1	141			150	150
532	4	0			150	150
533	2	26			150	150
534	5	2			150	150
535	162	1			113	137
536	208	163			150	150
537	114	194			150	150
538	92	206			150	150
539	100	165			118	150
540	206	256			150	150
541	114	103			150	150
542	3	103			150	150
543	32	49			150	150
544	10	71			150	150
545	280	509			150	150
546	0	0			150	150
547	0	0			150	125
548	46	57			148	150
549	0	0			150	150
550	0	0			150	81
551	7	0			138	150
552	0	2			150	150
553	0	0			150	150
554	2	0			150	150
555	0	0			150	150
556	0	0			150	150
557	4	4			150	150
558	246	23259			150	150
559	882	27171			150	150
560	50	13413			138	145
561	49	144			138	145
562	24	2			149	137
563	67	71			150	150
564	0	13			98	98
565	11	0			81	81
566	95	18			128	132
567	0	0			150	105
568	0	0			117	105
569	0	3			150	150
570	0	0			150	150
571	7	19			150	132
572	11	12			120	132
573	7	0			150	150
574	11	1			150	120
575	2	0			150	150
576	3	48			147	144
577	10	3			147	150
578	48	90			133	147
579	96	99			147	150
580	124	158			150	150
581	0	4			150	150
582	59	87			114	149
583	0	0			147	141
584	0	1			150	150
585	64	93			123	150
586	0	1			150	146
587	5	0			84	84
588	6	4			150	150
589	8	13			150	150
590	1	1			150	150
591	0	0			150	150
592	33	1			150	150
593	59	29			144	108
594	79	96			150	150
595	0	0			150	141
596	10	14			150	150
597	12	11			150	150
598	0	0			150	150
599	1	18			150	150
600	53	31			150	130
601	53	51			150	150
602	53	51			150	150
603	0	4			150	150
604	0	5			150	115
605	3	0			150	150
606	4	4			150	150
607	0	0			150	150
608	42	1			126	150
609	46	43			150	139
610	0	0			150	150
611	1	3			150	120
612	0	0			150	135
613	0	0			96	96
614	26	17			150	116
615	0	0			150	150
616	0	3			129	137
617	0	1			150	150
618	444	1			100	100
619	5	16			150	150
620	0	0			150	150
621	0	0			150	150
622	14	8			150	114
623	69	66			150	150
624	0	0			150	125
625	0	0			150	150
626	15	17			150	150
627	25	10			150	99
628	10	9			150	147
629	0	0			150	142
630	0	0			142	150
631	0	0			142	111
632	7	14			150	150
633	16	13			133	150
634	26	1			150	114
635	9	19			137	150
636	0	0			150	150
637	33	44			132	128
638	10	16			150	150
639	0	0			150	150
640	0	0			150	150
641	74	517			150	150
642	195	454			150	150
643	85	432			150	150
644	0	0			150	148
645	3	9			150	150
646	1	10			103	150
647	0	7			150	150
648	0	6			76	150
649	62	66			150	150
650	3	0			138	150
651	11	873			150	150
652	0	1			150	150
653	10	25			143	150
654	1472	709			150	105
655	30	1478			105	150
656	712	1483			105	150
657	155	46			150	150
658	2	0			150	138
659	28	0			150	138
660	28	2			150	150
661	0	0			110	127
662	196	222			150	150
663	0	0			126	150
664	14	24			150	150
665	41	2			125	150
666	0	0			150	142
667	13	3			150	150
668	3	0			150	150
669	8	8			145	150
670	0	0			143	150
671	0	0			141	150
672	0	0			123	99
673	0	12			150	150
674	0	0			150	131
675	0	0			150	150
676	8	7			150	150
677	0	0			150	150
678	0	378			150	150
679	0	683			150	150
680	67	90			150	150
681	32	10			126	150
682	52	58			150	135
683	70	79			150	150
684	82	85			150	150
685	1	0			150	150
686	3	18			150	150
687	3	1			150	150
688	3	1			150	150
689	17	16			150	150
690	0	0			120	150
691	1	0			147	150
692	165	174			150	150
693	0	0			150	150
694	0	0			135	150
695	0	0			150	150
696	1	0			150	126
697	1	17			121	144
698	0	4			150	110
699	39	62			150	150
700	0	0			150	150
701	706	0			150	150
702	1358	3791			150	150
703	56	46			150	138
704	14	18			150	138
705	0	20			114	150
706	0	26			150	150
707	1	10			150	146
708	7	0			150	150
709	4	0			150	150
710	167113	135398			150	150
711	132728	135394			150	150
712	167113	135484			150	150
713	132713	137686			150	150
714	1	3			143	150
715	13	10			150	150
716	35	3319			150	150
717	2	22			150	142
718	12	3			150	150
719	12	3			150	150
720	12	21			150	150
721	0	0			81	81
722	36	44			150	150
723	79	39			150	146
724	9	70			127	150
725	1	0			150	150
726	11	11			150	150
727	14	1			150	150
728	16	1			150	150
729	16	14			150	150
730	0	0			150	102
731	4401	9			111	114
732	4556	2578			117	114
733	7517	8			117	114
734	3005	3299			114	111
735	10655	22848			134	118
736	0	14			150	150
737	6	12			150	150
738	11	15			150	150
739	5	6			150	150
740	1556	2321			150	150
741	42	2103			150	150
742	1585	2103			150	150
743	32	2096			150	150
744	697	2096			150	150
745	705	1348			150	150
746	37	1335			150	150
747	1	0			87	84
748	4	0			150	147
749	4	0			150	150
750	3	0			150	150
751	21	61			150	150
752	0	0			142	106
753	35	0			83	83
754	0	0			150	150
755	1	0			138	105
756	0	0			84	84
757	375	607			150	150
758	17	26			150	150
759	12	1			92	92
760	0	2			99	99
761	0	0			150	150
762	1	0			150	144
763	1	0			150	150
764	0	0			144	150
765	31	25			150	150
766	0	5			150	150
767	0	6			150	133
768	0	0			150	150
769	5	0			150	150
770	6	0			133	150
771	19	4			150	150
772	0	0			150	150
773	0	0			150	150
774	28	13			132	150
775	53	8			150	150
776	1	2			150	150
777	0	0			150	109
778	0	0			150	150
779	0	0			150	150
780	4	11			150	150
781	191	0			150	150
782	79	83			150	150
783	72	109			150	150
784	443	503			150	141
785	13	8			150	150
786	107	194			150	150
787	5	0			125	136
788	0	2			150	128
789	117	560			150	150
790	47	1			150	150
791	148	20			147	150
792	1	1			150	132
793	0	1			150	132
794	0	1			150	150
795	28	71			112	150
796	1351	10			150	150
797	1940	6			107	113
798	0	1			150	150
799	0	1			150	150
800	0	0			150	150
801	21	27			150	150
802	13	17			150	150
803	13	19			150	124
804	13	3			150	150
805	13	4			150	124
806	13	25			150	150
807	2	22			150	150
808	2	10			150	110
809	3	25			150	150
810	4	25			124	150
811	314	382			146	150
812	358	427			150	150
813	0	0			138	149
814	239	0			150	150
815	122	0			150	150
816	7497	1094			150	150
817	0	0			150	150
818	67	59			150	120
819	3	26			150	114
820	4	7			150	150
821	8	0			114	150
822	21	28			122	147
823	30	45			150	150
824	19	2			150	108
825	2	8			150	143
826	21	7			150	150
827	28	3			150	150
828	140	124			150	150
829	0	0			97	99
830	8	0			150	150
831	0	2			120	120
832	1	0			135	150
833	0	4			150	150
834	0	0			150	150
835	38	17			150	134
836	38	14			150	108
837	74	97			150	150
838	53	93			113	150
839	507	573			150	150
840	53	12			150	101
841	0	0			87	87
842	0	0			102	150
843	3	28			150	150
844	12	7			150	150
845	50	81			150	150
846	6	13			136	150
847	29	34			150	150
848	0	0			150	150
849	17	65			124	150
850	1	0			99	100
851	0	0			150	150
852	48	15			150	150
853	128	152			150	150
854	176	315			150	150
855	0	1			150	150
856	0	1			150	150
857	39	69			114	150
858	2	6			150	150
859	19	11			150	150
860	0	18			90	90
861	2	0			90	78
862	14	2			117	78
863	12	11			150	150
864	0	310			113	142
865	109	310			142	142
866	109	0			142	113
867	106	128			150	150
868	0	0			150	150
869	0	0			150	150
870	1	87			150	150
871	79	86			150	150
872	2	2			148	150
873	0	2			150	150
874	2	1			148	150
875	47	100			150	150
876	20	31			136	150
877	3	8			109	141
878	5	96			150	150
879	22	96			150	150
880	13	79			147	150
881	14	79			150	150
882	0	0			150	121
883	67	2			136	128
884	0	20			150	150
885	0	1			150	138
886	2	5			150	150
887	20	52			150	150
888	0	0			150	150
889	0	0			150	150
890	0	0			150	150
891	0	0			150	150
892	0	0			150	150
893	0	0			87	90
894	1	1			128	150
895	914	2235			103	150
896	2017	2235			150	150
897	3	1			150	150
898	24	106			113	150
899	2	0			150	133
900	59	8			150	150
901	76	8			150	150
902	32	1			150	102
903	3	0			150	150
904	0	0			150	150
905	21	4			150	105
906	0	11			87	87
907	13	9			128	150
908	0	1			150	150
909	0	1			150	150
910	0	0			150	150
911	1	0			150	150
912	473	644			150	150
913	34	34			150	150
914	0	0			150	124
915	14	289			147	150
916	197	289			150	150
917	15	327			124	150
918	5	327			150	150
919	6	0			150	106
920	0	0			150	150
921	1	0			150	150
922	17	29			102	120
923	29	29			132	150
924	4	0			150	150
925	0	0			150	150
926	1	0			150	150
927	0	0			150	150
928	0	4			141	149
929	0	4			141	150
930	4	7			150	150
931	0	0			150	150
932	0	1			114	102
933	0	1			126	102
934	2	0			150	102
935	8	0			150	102
936	70	80			150	138
937	34	98			150	150
938	52	0			150	150
939	0	0			150	150
940	0	0			150	131
941	0	0			150	131
942	0	45			98	150
943	4	3			150	150
944	40	60			150	150
945	4	18			150	150
946	120	2			150	150
947	13	18			150	150
948	13	175			150	150
949	8	0			117	150
950	0	16			150	150
951	69	47			150	121
952	0	0			150	150
953	0	0			150	150
954	0	0			150	150
955	14	11			150	150
956	0	0			127	129
957	0	0			150	150
958	10	46			150	150
959	3642	4449			150	150
960	0	0			150	150
961	0	0			150	150
962	2	5			141	150
963	0	1			110	150
964	0	0			110	150
965	0	0			150	146
966	0	169			124	128
967	47	0			150	150
968	85	21			150	150
969	0	28			150	136
970	10	29			150	150
971	0	0			98	95
972	2	26			130	150
973	1	9			150	150
974	0	17			106	150
975	1	176			79	150
976	33	42			150	150
977	0	4			98	150
978	1	1			150	150
979	145	182			150	150
980	11	0			150	150
981	10	15			150	150
982	10	1			150	150
983	3	3			150	150
984	1	15			150	150
985	3	19			150	150
986	25	22			150	117
987	0	2			132	132
988	4327	1103			93	93
989	1401	1406			96	90
990	1509	11417			96	90
991	5713	140			87	99
992	6753	19046			116	116
993	0	0			150	150
994	24	39			146	150
995	34	53			150	150
996	49	0			98	101
997	107	137			150	150
998	591	557			150	150
999	22	47			150	150
1000	1	3			150	150
1001	0	6			150	150
1002	16	27			150	150
1003	3	1			150	150
1004	0	0			150	150
1005	3	22			150	150
1006	9	10			138	150
1007	0	0			150	150
1008	0	0			150	150
1009	15	10			150	150
1010	152	214			150	150
1011	6116	5383			150	150
1012	6931	5756			150	150
1013	4442	4661			150	150
1014	2333	2257			150	150
1015	1174	2190			150	150
1016	27	46			150	150
1017	1	2			150	150
1018	0	0			150	150
1019	46	179			136	150
1020	0	0			150	150
1021	0	0			150	136
1022	0	0			150	136
1023	8	10			133	146
1024	6	28			146	150
1025	7	4			146	150
1026	4	51			150	150
1027	1	15			150	150
1028	4	11			150	150
1029	11	14			150	150
1030	0	19			150	122
1031	5294	4876			150	150
1032	46	64			109	126
1033	45	4			150	150
1034	13	54			150	135
1035	158	54			150	135
1036	73	86			141	150
1037	72	2			138	150
1038	130	35			150	138
1039	4	9			150	150
1040	4	0			87	87
1041	1	0			150	150
1042	45	14			150	150
1043	13	5			150	150
1044	20	12368			150	98
1045	26	6921			150	150
1046	0	0			146	135
1047	0	28			150	150
1048	5	23			130	150
1049	5	16			130	121
1050	14	39			150	150
1051	247	556			150	150
1052	2	1			150	150
1053	66	176			107	134
1054	24	22			150	150
1055	0	132			150	150
1056	0	0			81	81
1057	249	328			150	150
1058	478	447			150	150
1059	166	32			150	150
1060	3	36			150	150
1061	0	0			150	150
1062	0	0			150	150
1063	0	0			150	150
1064	0	0			150	150
1065	0	0			84	84
1066	0	0			123	150
1067	5	0			150	150
1068	0	0			150	150
1069	0	0			150	131
1070	116	170			150	150
1071	6	14			143	119
1072	7	14			150	119
1073	1	0			150	150
1074	0	0			138	150
1075	10	8			150	137
1076	245	242			150	140
1077	301	305			140	150
1078	0	0			150	150
1079	71	49			150	110
1080	0	0			150	150
1081	10	31			141	150
1082	104	93			108	150
1083	129	126			150	150
1084	3	5			150	150
1085	2	4			150	150
1086	49	68			137	150
1087	5	1			108	150
1088	44	2			150	150
1089	1	2			150	150
1090	0	1			150	150
1091	0	8			150	150
1092	0	1			150	127
1093	8	1			150	127
1094	0	0			96	90
1095	2	1			150	150
1096	3	1			150	150
1097	0	3			150	150
1098	0	4			150	150
1099	1	4			150	150
1100	2	0			150	150
1101	14	0			150	95
1102	14	0			150	137
1103	0	0			95	137
1104	0	6			147	141
1105	0	6			150	141
1106	0	0			150	147
1107	0	0			108	150
1108	3	0			148	150
1109	0	0			150	150
1110	0	0			150	150
1111	0	0			150	150
1112	0	0			150	150
1113	0	0			150	150
1114	2	13			150	147
1115	53	45			150	150
1116	0	0			81	81
1117	0	0			150	150
1118	0	17			81	144
1119	0	17			81	144
1120	0	0			81	81
1121	4	1			150	150
1122	27	109			150	150
1123	0	0			150	150
1124	103	162			150	150
1125	1	162			132	150
1126	97	5			150	135
1127	27	8			150	150
1128	63	49			150	150
1129	0	0			148	150
1130	0	0			150	137
1131	0	0			150	150
1132	9	0			132	150
1133	6	58			148	150
1134	6	26			148	150
1135	51	16			138	97
1136	0	2			150	150
1137	5	0			150	150
1138	128	124			150	150
1139	99	137			141	150
1140	1	0			150	150
1141	107	124			150	150
1142	10	0			150	150
1143	0	1			150	150
1144	0	0			150	150
1145	133	2			150	150
1146	135	148			150	150
1147	1	4			150	150
1148	0	0			150	150
1149	51875	45499			150	150
1150	41162	61240			150	150
1151	211	156			150	131
1152	4	1			150	150
1153	0	0			150	150
1154	4	30			150	150
1155	7	30			150	150
1156	18	0			90	93
1157	9	0			147	150
1158	11	13			150	150
1159	0	0			150	103
1160	0	0			150	150
1161	0	0			120	150
1162	0	0			150	150
1163	0	0			150	120
1164	0	0			150	120
1165	0	0			150	150
1166	0	13			150	150
1167	1	0			111	114
1168	569	16			150	145
1169	0	1			150	150
1170	0	1			150	150
1171	1	0			150	150
1172	1	1			121	135
1173	67	110			150	142
1174	1	90			119	112
1175	6	158			102	150
1176	0	0			90	87
1177	0	0			150	150
1178	0	0			96	96
1179	0	0			150	150
1180	6	3			150	150
1181	26	21			150	146
1182	3	19			114	144
1183	214	160			150	146
1184	0	0			147	141
1185	4	27			150	150
1186	13	27			150	150
1187	87	108			150	150
1188	48293	38073			150	138
1189	586	104727			150	150
1190	0	0			150	150
1191	0	0			150	150
1192	33	66			136	150
1193	499	456			150	150
1194	2	1			126	123
1195	2	1			126	150
1196	0	4			129	135
1197	0	5			111	135
1198	0	0			111	150
1199	0	0			129	150
1200	60	47			150	150
1201	136	100			150	127
1202	135	11			150	150
1203	175	118			150	150
1204	23	52			150	150
1205	2	3			110	93
1206	0	0			150	150
1207	0	0			150	150
1208	0	0			150	150
1209	0	0			150	150
1210	0	4			150	150
1211	0	4			150	150
1212	6	12			150	150
1213	9	16			150	150
1214	0	7			150	114
1215	11	12			150	126
1216	5	8			150	132
1217	5	9			150	150
1218	8	9			132	150
1219	0	0			150	150
1220	152	137			150	150
1221	287	2			150	150
1222	0	23			150	150
1223	36	1			150	150
1224	38	25			150	150
1225	0	45			150	135
1226	1	0			140	150
1227	0	1			142	150
1228	10	0			90	105
1229	34	33			150	150
1230	37	41			150	150
1231	22	39			150	150
1232	55	22			150	150
1233	0	0			150	150
1234	7	3			150	136
1235	1	3			120	140
1236	0	30			150	150
1237	1	21			150	150
1238	1	42			150	150
1239	0	0			150	150
1240	0	0			150	150
1241	5	0			150	150
1242	5	0			150	150
1243	0	0			150	150
1244	5	0			150	150
1245	5	0			150	150
1246	5	0			150	150
1247	5	0			150	150
1248	2	18			121	150
1249	3	0			121	133
1250	0	0			150	133
1251	0	3			150	121
1252	15	16			141	150
1253	1	69			150	150
1254	541	574			150	150
1255	0	0			150	150
1256	6	16			150	150
1257	0	0			150	150
1258	0	0			150	150
1259	11	25			150	150
1260	18	23			150	150
1261	2	1			102	150
1262	0	0			150	150
1263	12	16			149	150
1264	2	0			150	100
1265	0	0			150	150
1266	0	0			150	114
1267	22	13			150	150
1268	0	0			150	98
1269	2	2			150	150
1270	0	7			150	150
1271	0	6			150	150
1272	180	137			150	150
1273	0	2			150	150
1274	0	7			150	150
1275	836	36			150	150
1276	836	1171			150	150
1277	1202	869			150	150
1278	118	125			150	150
1279	0	0			150	150
1280	0	0			84	96
1281	0	0			144	93
1282	0	0			102	117
1283	251	308			150	150
1284	1	4			150	150
1285	0	0			133	117
1286	1	0			150	109
1287	0	0			150	109
1288	9	5			150	150
1289	0	0			150	150
1290	75	91			144	132
1291	1	1			135	150
1292	50	57			150	150
1293	208	300			150	150
1294	49	264			150	150
1295	261	264			150	150
1296	4	0			150	106
1297	8	23			150	150
1298	0	0			150	150
1299	0	0			150	150
1300	35	37			150	149
1301	7	4			111	150
1302	14	0			150	150
1303	14	6			150	150
1304	0	6			150	150
1305	0	0			150	150
1306	0	0			123	150
1307	84	96			150	150
1308	15	29			150	150
1309	171	132			147	150
1310	27	36			150	150
1311	28	20			150	150
1312	0	0			150	130
1313	0	0			150	149
1314	57	76			150	150
1315	57	13			150	150
1316	57	18			150	121
1317	72	16			150	121
1318	76	13			150	150
1319	76	18			150	121
1320	155	14			150	121
1321	2	83			150	150
1322	0	0			150	150
1323	0	0			147	137
1324	0	1			114	150
1325	0	0			133	150
1326	8	0			150	87
1327	75	83			150	150
1328	5	0			150	150
1329	20	29			150	150
1330	33	25			150	150
1331	0	0			150	150
1332	0	0			150	150
1333	0	0			84	93
1334	0	1			150	150
1335	0	0			110	150
1336	0	0			150	150
1337	2	3			137	150
1338	0	0			150	150
1339	80	0			150	150
1340	14	0			150	150
1341	11	13			150	150
1342	15	2			150	150
1343	3	0			150	150
1344	0	0			78	78
1345	62	87			150	150
1346	0	0			150	150
1347	229	373			150	150
1348	243	369			150	150
1349	227	282			150	150
1350	227	6			150	118
1351	30	9			150	150
1352	223	196			150	150
1353	187	238			150	150
1354	34	8			147	134
1355	114	211			150	139
1356	92	52			150	139
1357	94	45			150	150
1358	12	45			139	150
1359	65	52			139	150
1360	5	0			150	150
1361	458	669			150	150
1362	0	0			150	99
1363	0	24			150	81
1364	0	0			128	150
1365	21	37			150	150
1366	39	24			150	150
1367	0	0			150	150
1368	4	13			150	150
1369	0	0			134	150
1370	8	4			114	150
1371	12	1			150	92
1372	4	93			150	127
1373	0	0			150	150
1374	0	1			150	150
1375	27	15			136	150
1376	40	26			150	150
1377	0	0			148	150
1378	289	373			150	150
1379	288	393			150	150
1380	0	0			150	150
1381	3	0			150	150
1382	3	0			150	150
1383	1	0			150	150
1384	0	0			150	150
1385	0	0			150	150
1386	0	0			150	150
1387	0	0			150	103
1388	0	0			150	150
1389	0	0			150	150
1390	0	64			144	150
1391	0	1			150	133
1392	0	0			150	150
1393	0	0			150	150
1394	1	34			149	149
1395	4	13			150	146
1396	10	0			150	121
1397	421	331			150	150
1398	2	18			105	133
1399	240	185			150	150
1400	55	10			150	123
1401	6	0			150	150
1402	6	0			150	150
1403	0	0			150	150
1404	0	6			150	150
1405	0	6			150	150
1406	7815	9455			150	150
1407	0	0			121	147
1408	3	3			150	150
1409	4	4			142	150
1410	0	0			150	150
1411	0	1			150	140
1412	54	71			150	150
1413	0	0			150	150
1414	117	114			150	150
1415	113	87			150	150
1416	7	6			150	150
1417	19	11			150	150
1418	642	904			150	150
1419	0	0			144	131
1420	10	315			150	150
1421	5381	5239			150	142
1422	350	5012			148	150
1423	0	0			126	150
1424	40	27			150	131
1425	29	22			120	150
1426	19	28			120	131
1427	942	21			150	150
1428	98	161			150	150
1429	12	16			150	122
1430	0	0			150	150
1431	0	0			150	121
1432	470	482			150	150
1433	116	114			150	150
1434	0	1			150	150
1435	21263	18350			145	150
1436	210	47588			150	150
1437	0	2			150	150
1438	7	0			99	99
1439	7	6			134	150
1440	8	6			150	150
1441	0	0			150	150
1442	3	9			129	150
1443	34	1			125	115
1444	17	13			150	138
1445	0	0			150	150
1446	0	0			150	150
1447	0	0			150	150
1448	0	0			141	150
1449	0	0			150	130
1450	0	0			150	130
1451	0	0			150	150
1452	0	0			150	150
1453	0	0			150	150
1454	0	0			150	150
1455	6	3			150	150
1456	0	0			150	136
1457	51	61			138	150
1458	2	0			150	150
1459	117	96			141	143
1460	90	99			143	146
1461	113	100			146	133
1462	10169	12027			150	150
1463	42	40			150	150
1464	1	3			146	150
1465	11	13			150	150
1466	0	2			134	150
1467	0	0			96	96
1468	143	199			150	150
1469	112	27			150	150
1470	89	92			150	150
1471	44	108			150	150
1472	24	44			150	150
1473	1	44			150	150
1474	14	18			150	150
1475	36	49			150	150
1476	0	0			147	141
1477	0	5			150	150
1478	44	41			150	150
1479	6	65			150	150
1480	8	37			150	140
1481	0	0			123	150
1482	0	0			123	150
1483	0	0			123	78
1484	0	0			150	78
1485	0	0			150	78
1486	259	1			79	79
1487	0	11			150	150
1488	0	0			150	150
1489	66	63			135	150
1490	66	9			135	150
1491	4	2			150	150
1492	3	0			150	150
1493	4	0			150	150
1494	19	11			150	150
1495	490	31			113	136
1496	0	0			150	150
1497	0	0			115	150
1498	0	0			139	128
1499	0	0			108	123
1500	107	151			150	150
1501	1154	4285			126	150
1502	1154	122			126	150
1503	52	2			128	79
1504	3	52			150	150
1505	3	2			150	150
1506	52	2			150	150
1507	122	445			150	144
1508	245	1			150	76
1509	535	542			114	111
1510	366	595			99	114
1511	0	0			150	136
1512	0	0			150	150
1513	1	0			150	150
1514	127	23			150	150
1515	0	0			150	150
1516	0	14			150	131
1517	0	14			150	131
1518	0	0			150	150
1519	0	0			150	122
1520	19	0			150	150
1521	2008	1365			149	133
1522	2011	1574			149	148
1523	1258	1572			133	148
1524	0	0			150	150
1525	34	63			114	132
1526	18	42			150	150
1527	0	110			150	122
1528	0	0			150	150
1529	0	0			150	150
1530	37	27			150	150
1531	0	0			81	81
1532	14	15			130	150
1533	526	403			150	129
1534	0	9			96	96
1535	0	8			96	93
1536	49	166			118	150
1537	53	29			133	150
1538	4	9			129	150
1539	0	0			150	150
1540	0	0			150	150
1541	2	2			142	150
1542	16	8			150	150
1543	0	16			114	145
1544	0	1			150	150
1545	0	0			150	150
1546	0	0			150	150
1547	0	7			150	145
1548	1	0			150	150
1549	1	0			150	150
1550	1	7			150	145
1551	0	7			150	145
1552	0	7			150	145
1553	0	0			123	150
1554	0	0			150	108
1555	333	284			150	150
1556	288	282			150	129
1557	1	9			150	150
1558	38	0			126	99
1559	4	1			150	150
1560	0	0			150	150
1561	0	0			150	150
1562	0	0			150	150
1563	0	0			150	150
1564	59	117			150	133
1565	0	0			96	90
1566	7	10			150	150
1567	10	4			150	150
1568	236	2			150	150
1569	7	36			150	150
1570	21	114			108	150
1571	0	0			150	150
1572	0	6			150	150
1573	4	44			150	150
1574	4	0			150	150
1575	0	0			150	150
1576	0	0			144	150
1577	0	0			150	150
1578	71	6			150	150
1579	19	22			150	150
1580	225	241			150	133
1581	225	314			150	150
1582	34	26			120	144
1583	0	0			87	87
1584	0	1			150	147
1585	0	1			150	147
1586	0	22			79	150
1587	26	23			150	150
1588	1	23			150	150
1589	1	0			139	150
1590	10	107			150	150
1591	25	67			150	150
1592	2	12			150	150
1593	0	4			84	150
1594	0	1			150	150
1595	0	5			123	150
1596	9	4			150	150
1597	65	59			150	135
1598	91	80			150	136
1599	0	3056			98	98
1600	1285	749			150	150
1601	70	5			150	135
1602	23	39			150	150
1603	0	0			140	125
1604	94	102			150	150
1605	107	83			150	150
1606	0	0			150	107
1607	0	3			150	150
1608	5	15			106	150
1609	16	34			138	150
1610	6	0			150	90
1611	1	3			150	150
1612	1	0			111	150
1613	0	0			150	150
1614	4	58			150	150
1615	385	598			150	150
1616	0	5			120	150
1617	13	0			150	150
1618	0	77			132	150
1619	173	135			150	143
1620	0	1			150	150
1621	0	1			105	150
1622	0	0			105	150
1623	0	0			150	150
1624	262	198			150	150
1625	0	2			126	150
1626	0	112			82	150
1627	1	3			150	150
1628	0	0			150	150
1629	556	597			150	150
1630	10	0			150	150
1631	10	0			150	150
1632	13	0			150	150
1633	11	904			150	150
1634	401	904			111	150
1635	14	13			110	125
1636	51	13			150	125
1637	1	0			147	150
1638	17	15			150	150
1639	2	8			150	104
1640	0	99			147	147
1641	0	0			150	150
1642	0	0			150	150
1643	1	24			150	150
1644	1	45			150	150
1645	2	2			150	150
1646	2	0			150	150
1647	2	0			150	150
1648	0	97			150	150
1649	0	50			150	150
1650	0	0			106	106
1651	0	0			100	100
1652	435	0			150	150
1653	860	0			150	150
1654	0	0			150	150
1655	54	100			150	150
1656	20	29			150	150
1657	388	2			150	150
1658	3	58			150	150
1659	3	88			150	150
1660	3	56			150	150
1661	0	0			150	150
1662	0	0			150	150
1663	0	0			131	150
1664	229	209			150	150
1665	45	36			150	150
1666	9	0			150	150
1667	97	0			84	87
1668	515	58			150	119
1669	356	0			132	150
1670	1	0			138	115
1671	0	24			136	150
1672	1	25			136	150
1673	21	25			136	150
1674	20	25			150	150
1675	95	5			150	132
1676	28	32			150	150
1677	0	12			150	150
1678	2790	4166			150	150
1679	2782	4166			150	150
1680	228	4541			150	150
1681	389	4496			150	150
1682	3567	4488			150	150
1683	4154	2621			150	125
1684	4545	5248			150	150
1685	0	0			150	150
1686	0	0			150	108
1687	4	1			124	150
1688	10	5			150	150
1689	8	4			150	150
1690	9	32			150	150
1691	19	1			141	150
1692	4	0			150	137
1693	0	0			150	137
1694	0	4			150	150
1695	10	14			150	150
1696	0	0			123	150
1697	0	10			118	150
1698	50	34			150	135
1699	0	0			93	126
1700	0	22			150	150
1701	0	0			150	150
1702	0	0			150	150
1703	0	4			150	150
1704	30	48			150	150
1705	6	0			109	150
1706	50	11			150	129
1707	14	36			150	129
1708	2	0			150	150
1709	9	17			150	143
1710	0	0			150	98
1711	0	0			150	98
1712	20	31			150	150
1713	16	0			150	128
1714	0	2			150	150
1715	50	53			150	150
1716	14	16			150	139
1717	0	9			150	150
1718	26	36			150	150
1719	0	0			150	150
1720	1	0			150	145
1721	8	0			150	150
1722	37	26			150	150
1723	0	0			150	150
1724	0	4			129	114
1725	18	259			150	150
1726	629	658			150	135
1727	10	1122			135	150
1728	654	1068			135	150
1729	12	13			142	150
1730	0	0			144	150
1731	0	0			144	150
1732	0	0			150	150
1733	3	3			150	132
1734	71	42			150	150
1735	1	5			142	150
1736	0	10			96	93
1737	0	0			150	98
1738	0	0			150	98
1739	24	0			120	150
1740	2641	128			150	150
1741	1069	128			150	150
1742	0	0			150	150
1743	4	9			150	150
1744	0	1			150	150
1745	203	245			150	150
1746	213	90			150	150
1747	0	0			99	132
1748	16253	15069			150	138
1749	152	8			150	150
1750	152	113			150	135
1751	8	113			150	135
1752	102	101			150	150
1753	94	12			150	150
1754	94	112			150	150
1755	0	0			149	150
1756	0	0			149	150
1757	7	2			150	150
1758	12	11			150	150
1759	10	14			150	150
1760	44	42			150	150
1761	1	103			150	150
1762	0	0			77	150
1763	98	50			146	146
1764	13	14			150	150
1765	13	0			150	80
1766	1285	1432			150	135
1767	8	13			150	150
1768	90	2			150	135
1769	113	1			150	150
1770	24	5			144	144
1771	29	38			150	150
1772	0	0			111	150
1773	398	409			145	150
1774	28	30			150	150
1775	1946	3049			150	150
1776	1851	3277			150	150
1777	118	161			150	150
1778	63	135			150	150
1779	0	264			150	150
1780	0	0			150	150
1781	0	0			150	79
1782	12	1			150	150
1783	5	0			125	150
1784	4	0			125	150
1785	0	0			127	150
1786	4	0			125	150
1787	0	0			131	125
1788	8	2			150	150
1789	0	0			116	150
1790	22108	20593			150	150
1791	20875	24285			150	150
1792	15284	19456			150	150
1793	16887	14296			150	150
1794	12343	14295			150	150
1795	1685	14295			150	150
1796	1311	14295			150	150
1797	561	14295			150	150
1798	605	14295			150	150
1799	433	14295			150	150
1800	21659	13950			150	150
1801	12344	13747			150	150
1802	9428	13744			150	150
1803	849	13745			150	150
1804	1686	13743			150	150
1805	1314	13743			150	150
1806	4325	13743			150	150
1807	10194	13743			150	150
1808	5333	13743			150	150
1809	606	13743			150	150
1810	605	561			150	150
1811	606	5333			150	150
1812	10194	5333			150	150
1813	12550	15387			150	150
1814	9432	15268			150	150
1815	8108	15273			150	150
1816	5056	15248			150	150
1817	848	15254			150	150
1818	1892	15432			150	150
1819	1313	15432			150	150
1820	4325	15432			150	150
1821	10194	15418			150	150
1822	1311	1685			150	150
1823	1314	1686			150	150
1824	4325	1686			150	150
1825	10194	606			150	150
1826	1313	1892			150	150
1827	4325	1892			150	150
1828	9567	16508			150	150
1829	1336	18181			150	150
1830	4329	18181			150	150
1831	10378	17101			150	150
1832	8117	12372			150	150
1833	11877	12936			150	150
1834	1691	12342			150	150
1835	17060	12342			150	150
1836	5131	9473			150	150
1837	923	9492			150	150
1838	3800	9492			150	150
1839	1388	9566			150	150
1840	4339	9566			150	150
1841	11740	9556			150	150
1842	1554	9467			150	150
1843	17054	9467			150	150
1844	4325	1314			150	150
1845	4325	1313			150	150
1846	3791	871			150	150
1847	4329	1336			150	150
1848	3800	923			150	150
1849	4339	1388			150	150
1850	3810	8955			150	150
1851	4363	9420			150	150
1852	10309	8118			150	150
1853	16561	8111			150	150
1854	5167	5663			150	150
1855	878	5101			150	150
1856	11503	5101			150	150
1857	11503	878			150	150
1858	10803	3823			150	150
1859	17060	1691			150	150
1860	17054	1554			150	150
1861	16464	1317			150	150
1862	16489	4329			150	150
1863	17167	10200			150	150
1864	12888	11983			150	150
1865	615	8043			150	150
1866	0	0			150	150
1867	0	0			150	150
1868	0	0			150	150
1869	1271	1460			150	150
1870	1161	7			148	150
1871	0	0			150	150
1872	0	0			150	150
1873	73	72			150	141
1874	74	61			150	150
1875	0	0			127	150
1876	62	14			150	130
1877	10	14			133	150
1878	15	0			104	150
1879	0	0			132	150
1880	5	0			150	150
1881	0	0			93	93
1882	0	0			93	150
1883	0	1			150	141
1884	12	13			150	150
1885	11	0			150	150
1886	11	21			150	149
1887	0	21			150	149
1888	14	117			150	150
1889	0	0			150	114
1890	0	0			150	114
1891	0	0			150	150
1892	0	0			150	150
1893	0	2			150	150
1894	0	3			150	150
1895	2	0			134	150
1896	2	0			134	150
1897	2	9			134	150
1898	0	0			150	150
1899	2	3			150	150
1900	0	0			150	150
1901	0	0			150	137
1902	0	0			150	137
1903	0	0			150	150
1904	0	16			150	150
1905	27	5			150	150
1906	2	118			150	150
1907	2	118			150	150
1908	0	2			150	150
1909	0	0			150	122
1910	1	45			150	150
1911	4	2			150	150
1912	18	14			150	150
1913	30	42			114	150
1914	2	214			135	117
1915	2	214			108	117
1916	2	2			108	135
1917	7	11			108	135
1918	155	6			148	148
1919	2	4			150	150
1920	4	2			142	150
1921	7	2			120	150
1922	3	3			150	142
1923	0	3			120	142
1924	0	4			117	150
1925	7	4			120	150
1926	0	4			117	150
1927	0	4			120	150
1928	2	15			150	150
1929	4	18			150	150
1930	0	0			150	150
1931	2	1			135	147
1932	5	7			115	130
1933	10	13			115	130
1934	6	2			150	150
1935	3	15			150	150
1936	0	0			150	150
1937	1	2			133	122
1938	1	1			133	150
1939	2	1			122	150
1940	10	0			150	150
1941	13	12			150	150
1942	1	1018			93	93
1943	8	17			121	150
1944	9	6			150	121
1945	4	14			123	150
1946	1	3			136	150
1947	1	1			150	117
1948	0	0			121	150
1949	0	0			150	150
1950	0	0			121	150
1951	0	0			84	84
1952	0	0			150	84
1953	0	0			150	84
1954	60	2			150	150
1955	2	0			147	147
1956	153	139			150	133
1957	0	0			150	150
1958	0	0			150	150
1959	3673	3154			139	150
1960	0	299			108	105
1961	141	266			105	105
1962	15	248			105	105
1963	232	248			105	105
1964	318	69			105	108
1965	270	323			108	108
1966	0	0			150	150
1967	56	37			129	150
1968	1	1			150	150
1969	4	9			150	150
1970	40	22			150	150
1971	0	2			150	150
1972	18	24			150	150
1973	1	1			150	129
1974	121	103			150	150
1975	66	105			150	150
1976	0	0			109	150
1977	12	9			150	150
1978	0	1			126	150
1979	0	1			105	150
1980	2	1			150	150
1981	2	0			150	150
1982	1	0			150	150
1983	10	9			123	150
1984	0	8			93	93
1985	0	0			150	150
1986	32	28			142	136
1987	391	483			150	150
1988	387	353			150	128
1989	2	2			150	150
1990	11	198			115	118
1991	24	8			150	123
1992	66	33			150	150
1993	1	2			150	150
1994	3	3			143	150
1995	0	0			150	150
1996	2	3			99	126
1997	0	14			99	102
1998	30	3			102	126
1999	30	0			102	129
2000	12	5			150	102
2001	0	0			150	150
2002	0	0			150	98
2003	0	0			150	98
2004	38	17			150	106
2005	15	6			139	150
2006	0	0			150	150
2007	3	1			150	150
2008	0	3			150	150
2009	0	1			150	150
2010	15	13			135	141
2011	1	1			150	150
2012	0	0			147	127
2013	65	1			150	109
2014	31	5			142	150
2015	0	0			102	99
2016	6	11			150	150
2017	155	1163			117	150
2018	330	388			150	150
2019	0	0			97	150
2020	125	119			150	150
2021	118	92			150	150
2022	30	138			150	150
2023	0	0			93	90
2024	17	18			150	150
2025	6	76			102	150
2026	6	56			102	150
2027	55	70			150	150
2028	0	0			150	99
2029	0	5			148	78
2030	43	0			123	99
2031	20	21			150	142
2032	38	34			150	150
2033	12	70			150	150
2034	112	87			150	150
2035	6	4			144	81
2036	1	0			120	150
2037	188	7			150	150
2038	6	31			150	150
2039	17	0			108	96
2040	12	0			150	96
2041	12	17			150	108
2042	758	1664			125	150
2043	146	1045			150	128
2044	0	0			150	111
2045	12	51			150	150
2046	12	95			150	150
2047	2	10			150	150
2048	22	18			150	150
2049	0	0			150	150
2050	0	0			125	150
2051	12	0			150	150
2052	0	0			150	150
2053	0	0			150	150
2054	22	22			150	138
2055	89	0			150	97
2056	46	52			150	150
2057	447	454			150	150
2058	0	0			150	150
2059	0	0			150	117
2060	24101	20790			150	150
2061	0	0			150	150
2062	0	0			150	150
2063	0	0			150	150
2064	0	0			150	150
2065	0	0			150	150
2066	0	0			150	150
2067	0	0			150	150
2068	11	85			150	150
2069	0	0			150	150
2070	13	168			111	150
2071	58	57			150	150
2072	182	193			150	150
2073	2	292			150	150
2074	1	2			150	150
2075	1	0			87	87
2076	9	4			150	150
2077	22	34			150	150
2078	19	52			150	150
2079	157	2			150	150
2080	84	125			150	150
2081	0	0			150	150
2082	3	90			150	150
2083	4	108			150	150
2084	65	60			150	150
2085	118	66			150	133
2086	7	10			150	150
2087	709	4			120	150
2088	3	0			150	150
2089	0	0			150	150
2090	0	0			150	146
2091	0	0			150	146
2092	0	0			150	150
2093	34	60			150	150
2094	0	0			150	150
2095	0	0			150	150
2096	0	0			150	150
2097	26	12			150	147
2098	10	7			150	136
2099	5	2			150	150
2100	4	1			150	150
2101	0	0			150	150
2102	12	0			150	150
2103	4	231			150	150
2104	87	121			150	150
2105	0	0			138	150
2106	0	0			138	150
2107	0	0			150	150
2108	0	0			150	138
2109	0	0			150	138
2110	6	0			150	150
2111	27	36			150	150
2112	0	0			139	150
2113	10	14			150	150
2114	0	0			150	150
2115	61	78			150	150
2116	70	75			150	150
2117	0	0			108	150
2118	0	0			144	147
2119	0	0			150	150
2120	494	344			150	150
2121	493	0			150	150
2122	0	2			150	150
2123	67	87			150	150
2124	0	0			83	77
2125	0	0			150	133
2126	0	0			150	150
2127	0	0			150	87
2128	0	0			87	150
2129	0	1			150	150
2130	49	54			149	150
2131	2348	2686			150	150
2132	43	59			150	150
2133	30	44			150	150
2134	10	18			150	150
2135	42	30			150	150
2136	13	2			150	114
2137	2	5			150	150
2138	67	52			150	150
2139	0	8			118	150
2140	26	14			150	150
2141	0	0			150	150
2142	537	1038			131	150
2143	23	26			150	150
2144	30	7			150	150
2145	8	561			133	150
2146	509	561			150	150
2147	115	544			150	150
2148	7	21			150	150
2149	584	507			150	150
2150	0	1			150	150
2151	0	2			150	150
2152	0	0			150	150
2153	21	47			150	150
2154	21	46			150	150
2155	1	0			150	141
2156	0	0			150	150
2157	60	56			150	150
2158	0	0			123	150
2159	156	222			150	150
2160	0	1			150	150
2161	0	0			150	129
2162	0	3			150	150
2163	0	0			125	150
2164	2	21			150	150
2165	0	0			150	129
2166	47	11			150	150
2167	0	0			150	133
2168	37	12			150	128
2169	5	66			150	149
2170	4	128			150	149
2171	0	0			129	150
2172	13	35			126	150
2173	0	0			130	150
2174	0	0			93	150
2175	44	64			150	150
2176	2	1			150	150
2177	1	1			150	150
2178	1	2			150	150
2179	24	24			150	150
2180	41	1			148	150
2181	43	18			148	150
2182	25	23			150	148
2183	4	18			150	126
2184	0	7			120	90
2185	0	1			120	90
2186	7	1			90	90
2187	26	19			150	144
2188	16	21			150	150
2189	0	0			150	98
2190	0	0			150	98
2191	2	24			150	150
2192	0	24			109	150
2193	0	2			109	150
2194	47	109			150	150
2195	47	65			150	150
2196	694	940			150	150
2197	1	3			150	150
2198	2	1			150	150
2199	3	7			135	149
2200	0	11			150	135
2201	25	0			108	111
2202	0	0			143	134
2203	401	313			150	150
2204	0	0			150	140
2205	49	13			150	150
2206	42	55			150	150
2207	4	0			150	149
2208	4	31			150	150
2209	0	40			149	150
2210	117	104			150	150
2211	17	53			128	150
2212	48	42			150	150
2213	25	24			150	150
2214	0	0			150	150
2215	0	0			150	150
2216	0	0			150	150
2217	0	0			150	150
2218	0	0			150	150
2219	0	0			150	150
2220	0	0			150	150
2221	0	0			150	150
2222	0	0			150	150
2223	0	0			150	150
2224	29	44			149	150
2225	2	0			150	134
2226	30	37			150	150
2227	6	4			147	150
2228	1	0			150	150
2229	0	0			150	150
2230	6	1			150	87
2231	2	1			87	87
2232	2	0			138	150
2233	2	0			138	150
2234	5	0			150	150
2235	5	2			150	138
2236	2	3			150	138
2237	5	141			99	114
2238	88	105			150	150
2239	174	143			150	150
2240	0	0			150	150
2241	0	67			150	150
2242	71	0			150	150
2243	41	0			150	150
2244	94	0			150	77
2245	0	0			150	150
2246	0	0			127	127
2247	0	0			150	150
2248	0	0			127	127
2249	0	0			127	127
2250	0	0			127	127
2251	2	112			150	150
2252	0	0			150	126
2253	936	795			150	150
2254	942	1170			150	150
2255	165	252			150	150
2256	1	1			150	150
2257	7	11			147	150
2258	1	2			135	150
2259	3	4			150	150
2260	1	0			150	150
2261	36	68			116	150
2262	30	2			87	87
2263	30	1			87	150
2264	0	0			150	103
2265	0	0			150	150
2266	1	1			112	150
2267	274	173			150	130
2268	4	15			150	116
2269	14	15			150	116
2270	4	44			150	150
2271	14	44			150	150
2272	197	134			150	150
2273	0	1			102	99
2274	13	46			150	150
2275	2	0			150	150
2276	9	1			150	106
2277	28	11			129	141
2278	0	0			150	150
2279	2	0			150	150
2280	0	0			150	150
2281	2	0			150	150
2282	5	0			136	150
2283	0	1			150	150
2284	0	1			150	150
2285	0	109			111	121
2286	60	84			150	149
2287	23	16			141	150
2288	0	0			150	150
2289	9	75			150	150
2290	22	77			141	150
2291	23	39			141	135
2292	22	106			150	150
2293	0	0			99	99
2294	12	0			134	99
2295	9	5			150	134
2296	7	0			150	134
2297	0	0			150	150
2298	0	0			83	83
2299	0	0			83	110
2300	0	0			83	83
2301	0	0			110	83
2302	1	1			132	141
2303	0	8			99	99
2304	1	7			120	117
2305	2	3			150	150
2306	0	3			92	95
2307	269	214			150	150
2308	3919	453			150	150
2309	5	13			150	150
2310	174	1298			150	92
2311	59	1298			150	92
2312	0	0			111	150
2313	102	0			150	108
2314	0	0			147	150
2315	0	0			129	150
2316	0	0			129	150
2317	0	0			129	150
2318	0	0			129	150
2319	0	0			129	150
2320	0	0			150	150
2321	0	0			150	150
2322	0	0			150	150
2323	0	0			150	150
2324	0	0			150	150
2325	0	0			150	150
2326	0	0			150	150
2327	0	0			150	150
2328	0	0			150	150
2329	0	0			150	123
2330	201	150			150	147
2331	2	2			150	150
2332	0	0			150	150
2333	0	0			150	150
2334	2	5			150	138
2335	0	0			150	146
2336	0	167			150	150
2337	956	900			150	150
2338	16	17			109	143
2339	20	24			150	150
2340	4	59			139	148
2341	0	0			150	144
2342	0	0			150	150
2343	4	184			150	150
2344	80	153			150	147
2345	5	10			121	150
2346	65	92			150	150
2347	0	0			150	111
2348	4375	3541			150	150
2349	62	56			150	150
2350	85	93			150	150
2351	300	334			150	150
2352	362	392			150	150
2353	318	262			150	150
2354	0	0			150	150
2355	1	0			150	150
2356	18	1			150	120
2357	0	0			150	150
2358	762	621			132	150
2359	501	549			139	132
2360	895	779			150	139
2361	575	691			150	150
2362	0	0			150	117
2363	0	40			150	150
2364	0	40			129	150
2365	14	2			150	150
2366	0	3			150	109
2367	0	1			94	94
2368	385	3508			150	150
2369	4	70			150	150
2370	3	100			150	150
2371	451	100			150	150
2372	451	3			150	150
2373	197	2615			150	150
2374	0	0			121	133
2375	12	1			145	150
2376	8	6			145	150
2377	0	0			126	150
2378	0	0			119	150
2379	0	0			150	99
2380	0	0			116	99
2381	0	0			116	150
2382	0	0			150	150
2383	0	0			150	150
2384	4	227			150	137
2385	5	7			150	150
2386	0	1			150	150
2387	0	0			150	150
2388	0	200			150	150
2389	0	200			150	150
2390	72	59			150	150
2391	0	0			150	150
2392	0	0			150	149
2393	0	1			150	150
2394	0	0			135	135
2395	0	3			150	150
2396	0	1			150	108
2397	0	0			150	150
2398	38	95			150	150
2399	0	0			150	150
2400	8	3			150	111
2401	0	3			150	138
2402	0	2			150	150
2403	1	3			150	150
2404	18	1			150	150
2405	0	0			123	150
2406	0	0			143	137
2407	0	0			150	150
2408	13	3			150	150
2409	2	37			78	78
2410	0	7			93	93
2411	701	1052			150	150
2412	31	1410			150	150
2413	57	1			150	150
2414	0	0			90	78
2415	0	0			117	78
2416	93	130			150	150
2417	75	81			144	150
2418	5	10			130	150
2419	2	6			150	150
2420	2	0			150	150
2421	7	0			150	150
2422	41	242			150	150
2423	100	509			150	150
2424	28	0			150	150
2425	25	19			150	150
2426	10	5			150	150
2427	7	4			150	150
2428	0	5			127	150
2429	0	0			150	150
2430	0	0			150	150
2431	0	0			150	150
2432	143	127			150	150
2433	0	0			150	150
2434	52	71			150	143
2435	33	0			150	150
2436	0	0			150	150
2437	6	6			150	150
2438	1	8			137	150
2439	8	3			150	137
2440	11	2			150	113
2441	13	2			150	113
2442	9	6			150	113
2443	2	0			150	150
2444	0	0			150	150
2445	0	20			150	150
2446	3	2			150	150
2447	1151	1439			150	150
2448	0	0			125	150
2449	0	8			150	150
2450	5	148			150	150
2451	23	32			150	150
2452	7	8			150	150
2453	7	7			150	150
2454	0	25			150	150
2455	520	554			150	150
2456	44	36			150	126
2457	46	38			150	150
2458	3	44			150	140
2459	1	44			150	140
2460	70	0			150	150
2461	21	18			150	150
2462	0	8			124	117
2463	3	1			150	150
2464	0	0			150	150
2465	11	5			132	120
2466	6	12			141	138
2467	0	3			93	93
2468	2	0			150	150
2469	0	2			90	150
2470	1	1			150	150
2471	0	0			131	141
2472	0	0			150	96
2473	6	1			150	150
2474	5	15			150	150
2475	0	0			150	150
2476	0	0			150	150
2477	0	0			150	150
2478	0	0			150	150
2479	0	0			150	150
2480	6	0			81	150
2481	22	45			147	150
2482	0	0			150	150
2483	35	2717			150	150
2484	1	2			150	150
2485	5	15			121	150
2486	0	1			145	150
2487	0	1			130	150
2488	0	0			138	120
2489	3	0			150	127
2490	5	8			119	125
2491	2	188			150	150
2492	0	0			150	150
2493	138	77			150	150
2494	0	0			81	81
2495	0	0			150	150
2496	86	62			150	116
2497	0	0			150	150
2498	157	208			150	150
2499	0	0			150	150
2500	0	0			150	150
2501	0	15			150	115
2502	0	0			150	150
2503	0	0			145	150
2504	186	42			150	150
2505	102	11			150	150
2506	44	3			150	144
2507	13	26			150	150
2508	0	0			123	150
2509	0	8			93	93
2510	0	0			150	137
2511	5	6			150	150
2512	0	0			150	135
2513	0	0			150	133
2514	0	0			133	150
2515	1386	546			150	150
2516	407	737			128	150
2517	318	237			149	150
2518	20	17			150	150
2519	49	78			150	150
2520	14	8			150	121
2521	29	2			126	126
2522	27	14			126	138
2523	7	21			126	138
2524	0	39			149	150
2525	5	57			150	150
2526	23	19			150	150
2527	0	0			150	150
2528	25	45			150	150
2529	25	19			150	150
2530	28	40			150	150
2531	28	21			150	117
2532	40	21			150	117
2533	34	20			150	117
2534	8164	64			150	150
2535	4442	6148			150	145
2536	18	28			150	150
2537	57	62			146	149
2538	22	79			150	150
2539	13	14587			150	150
2540	31	50			150	150
2541	60	70			150	150
2542	0	0			150	150
2543	21	27			150	150
2544	10	245			142	150
2545	10	223			142	150
2546	38	32			142	113
2547	16	16			150	150
2548	25	14			150	150
2549	143	161			150	150
2550	10	17			150	150
2551	0	0			150	150
2552	9	9			150	150
2553	0	1			150	150
2554	184	16			150	150
2555	2	0			150	125
2556	1	0			150	150
2557	12	0			150	150
2558	12	1			150	150
2559	491	593			150	150
2560	137	389			147	150
2561	722	906			150	150
2562	0	0			150	98
2563	0	0			150	98
2564	0	0			150	150
2565	1	0			150	150
2566	0	0			150	150
2567	0	0			150	150
2568	0	0			150	150
2569	0	8			150	114
2570	5	29			150	150
2571	0	0			123	150
2572	30	30			137	150
2573	0	0			96	99
2574	1	0			150	150
2575	0	0			150	125
2576	13	16			150	150
2577	7	14			150	150
2578	3	14			150	150
2579	28	37			150	150
2580	0	0			147	147
2581	0	0			147	147
2582	0	0			150	150
2583	10	11			150	150
2584	46	32			150	150
2585	2	0			150	150
2586	0	0			150	150
2587	0	0			94	94
2588	0	0			87	87
2589	0	0			87	87
2590	0	0			87	87
2591	0	0			150	150
2592	12	10			150	150
2593	73	0			150	150
2594	12	10			137	150
2595	6	5			138	150
2596	5	3			150	150
2597	1	3			150	150
2598	0	0			150	150
2599	647	686			150	150
2600	0	0			141	150
2601	0	0			141	150
2602	8	2			150	150
2603	7	5			150	144
2604	38	0			150	150
2605	0	0			150	150
2606	0	23			150	146
2607	0	14			150	137
2608	0	23			150	146
2609	0	14			150	137
2610	79	80			150	147
2611	22	2			150	150
2612	197	157			150	140
2613	211	162			140	150
2614	168	217			150	150
2615	0	0			123	150
2616	20	3			138	150
2617	1	1			150	150
2618	2	2			150	150
2619	2	11			150	150
2620	2	11			150	150
2621	0	0			150	150
2622	91	1			145	147
2623	10	40			150	147
2624	10	23			150	150
2625	1	55			146	147
2626	0	0			150	150
2627	1	1			150	125
2628	6	0			150	150
2629	7	0			150	150
2630	4	0			150	150
2631	3	0			150	150
2632	4	4			150	150
2633	7	5			150	147
2634	42	52			150	150
2635	53	102			129	150
2636	3	6			150	150
2637	0	6			144	150
2638	3	6			150	150
2639	0	2			131	150
2640	0	3			125	122
2641	4	7			150	150
2642	3	8			150	150
2643	0	0			109	143
2644	0	0			150	150
2645	0	0			150	150
2646	1	0			150	150
2647	3	0			126	148
2648	6	7			126	148
2649	6	1			126	148
2650	7	1			148	148
2651	8	0			148	148
2652	107	131			150	150
2653	2	1094			102	150
2654	12	17			150	150
2655	49	34			150	104
2656	40	19			150	150
2657	27	32			123	150
2658	222	292			150	150
2659	243	254			150	150
2660	1	0			150	150
2661	46	0			150	150
2662	14	1			150	150
2663	38	42			150	150
2664	12	80			120	117
2665	0	0			150	150
2666	0	0			150	150
2667	3	3			150	150
2668	5	2			150	118
2669	1	0			150	127
2670	0	74			150	150
2671	0	0			150	150
2672	0	0			150	150
2673	0	0			140	150
2674	76	193			150	132
2675	0	0			123	140
2676	0	1			150	150
2677	112	106			150	150
2678	0	0			123	150
2679	11	5			150	150
2680	92	82			150	150
2681	86	76			150	150
2682	362	133			150	100
2683	368	383			150	138
2684	321	438			150	150
2685	233	316			145	136
2686	0	0			147	150
2687	71	234			134	150
2688	2	0			150	150
2689	2	0			150	150
2690	1	1			150	150
2691	0	1			130	150
2692	24	1			150	150
2693	24	1			150	150
2694	24	0			150	130
2695	56	0			150	103
2696	2	97			150	150
2697	188	179			150	150
2698	0	3			150	150
2699	95	61			150	150
2700	95	60			150	150
2701	0	1			142	116
2702	0	0			150	150
2703	1	22			110	150
2704	8	6			150	122
2705	0	0			150	148
2706	0	0			150	150
2707	43	0			150	150
2708	0	0			150	150
2709	0	8			150	150
2710	4	23			126	150
2711	0	148			99	150
2712	1	133			129	145
2713	0	0			150	150
2714	309	122			150	136
2715	15	14			150	150
2716	12	15			150	139
2717	1	0			150	150
2718	1	0			150	150
2719	5	2			150	150
2720	0	19			150	150
2721	19	21			125	150
2722	0	0			96	102
2723	0	0			96	96
2724	162	102			150	150
2725	12	0			87	87
2726	0	0			150	150
2727	0	0			150	150
2728	0	0			132	150
2729	0	0			150	150
2730	0	1			150	121
2731	73	45			150	150
2732	73	45			150	150
2733	0	0			109	150
2734	0	0			150	150
2735	0	0			150	150
2736	0	0			150	150
2737	0	0			150	150
2738	0	0			150	150
2739	0	0			150	150
2740	0	0			150	150
2741	0	0			150	150
2742	0	0			150	150
2743	0	0			150	150
2744	0	0			123	150
2745	43	87			136	150
2746	41	0			90	150
2747	0	0			129	129
2748	4	81			150	150
2749	0	0			78	78
2750	0	0			78	78
2751	0	0			78	78
2752	0	0			150	150
2753	0	0			150	150
2754	0	0			150	150
2755	6	18			100	141
2756	35	36			150	150
2757	0	0			96	150
2758	0	0			150	147
2759	36	16			150	150
2760	0	10			150	147
2761	1	6			141	135
2762	22	35			128	146
2763	3	2			150	150
2764	1	0			150	108
2765	5	6			150	150
2766	1	2			150	150
2767	0	0			150	150
2768	34	44			150	150
2769	30	26			150	150
2770	2	0			150	150
2771	169	199			150	150
2772	10	5			126	105
2773	28	8			150	105
2774	9	8			117	105
2775	3	3			150	148
2776	42	92			150	150
2777	19	32			150	150
2778	8	6			101	130
2779	28	41			150	150
2780	6	41			150	150
2781	4203	1098			150	122
2782	3416	4495			150	150
2783	2434	3443			150	150
2784	2577	3863			150	150
2785	2924	3109			150	150
2786	3833	2688			150	150
2787	2658	2920			150	150
2788	2165	3837			127	150
2789	1	95			119	150
2790	350	411			150	150
2791	0	0			150	150
2792	0	0			123	150
2793	0	0			150	150
2794	3	0			150	132
2795	66	110			119	150
2796	138	132			150	150
2797	0	0			138	150
2798	2	142			101	150
2799	0	0			150	150
2800	0	0			150	150
2801	0	0			150	150
2802	0	0			148	150
2803	0	0			150	150
2804	0	0			138	140
2805	0	0			150	150
2806	0	0			128	150
2807	0	0			150	150
2808	0	0			150	98
2809	0	0			150	98
2810	7	3			150	150
2811	18	80			150	150
2812	33	61			150	150
2813	33	5			150	150
2814	50	44			150	150
2815	0	0			147	141
2816	1	1			150	150
2817	89	90			150	150
2818	45	67			150	150
2819	1470	2013			150	150
2820	13	9			150	129
2821	10	0			96	96
2822	10	4			150	150
2823	0	121			150	128
2824	535	746			150	150
2825	16	19			141	149
2826	18	17			123	146
2827	15	16			141	123
2828	0	10			129	149
2829	5	24			150	139
2830	0	3			150	150
2831	0	6			150	150
2832	142	188			150	150
2833	637	1122			150	150
2834	1213	1470			150	150
2835	0	0			147	141
2836	5	5			150	150
2837	4	1			150	150
2838	1	1			150	130
2839	9	6			150	150
2840	0	0			150	150
2841	107	145			150	150
2842	0	0			150	150
2843	0	1			110	150
2844	0	0			150	150
2845	43	46			150	150
2846	13	10			125	150
2847	67	55096			150	150
2848	701	55255			150	150
2849	0	3			150	114
2850	7	20			102	132
2851	5	59			102	150
2852	5	19			150	150
2853	190	159			150	126
2854	0	0			150	150
2855	8	48			150	150
2856	29	28			150	150
2857	4	33			150	150
2858	1	1			150	150
2859	0	2			150	150
2860	14	0			150	116
2861	13	0			132	116
2862	3	11			150	150
2863	25	25			120	144
2864	1076	640			150	150
2865	13	125			150	144
2866	0	12			81	150
2867	8	7			150	150
2868	22	30			150	150
2869	0	0			132	150
2870	0	0			150	147
2871	0	0			145	150
2872	0	0			150	150
2873	1	4			150	150
2874	0	0			116	150
2875	43	0			87	150
2876	0	0			150	103
2877	0	0			150	150
2878	0	0			150	150
2879	230	500			101	150
2880	471	696			150	150
2881	30	29			150	150
2882	1	1			150	150
2883	0	3			150	128
2884	0	2			150	150
2885	0	0			150	148
2886	2	25			150	150
2887	2	12			150	112
2888	0	0			150	150
2889	31	0			145	150
2890	0	0			105	147
