ID	IJC_SAMPLE_1	SJC_SAMPLE_1	IJC_SAMPLE_2	SJC_SAMPLE_2	IncFormLen	SkipFormLen
0	0	0			247	137
1	0	0			367	137
2	0	0			367	247
3	0	0			168	98
4	0	0			168	98
5	0	0			138	255
6	0	0			138	255
7	0	0			153	255
8	0	0			153	138
9	0	0			153	138
10	0	0			247	137
11	0	0			367	137
12	0	0			367	247
13	0	0			138	255
14	0	0			138	255
15	0	0			153	255
16	0	0			153	138
17	0	0			153	138
18	0	0			123	165
19	0	0			247	137
20	0	0			367	137
21	0	0			367	247
22	0	0			138	255
23	0	0			138	255
24	0	0			153	255
25	0	0			153	138
26	0	0			153	138
27	0	0			174	214
28	0	0			224	108
29	0	0			192	111
30	0	0			123	165
31	0	0			247	137
32	0	0			367	137
33	0	0			367	247
34	0	0			138	255
35	0	0			138	255
36	0	0			153	255
37	0	0			153	138
38	0	0			153	138
39	0	0			123	165
40	0	0			247	137
41	0	0			367	137
42	0	0			367	247
43	0	0			168	98
44	0	0			168	98
45	0	0			192	111
46	0	0			179	259
47	0	0			259	333
48	0	0			193	192
49	0	0			147	141
50	0	0			218	103
51	0	0			360	151
52	0	0			193	192
53	0	0			111	153
54	0	0			218	103
55	0	0			360	151
56	0	0			147	141
57	0	0			218	103
58	0	0			360	151
59	0	0			193	192
60	0	0			147	141
61	0	0			111	153
62	0	0			193	192
63	0	0			147	141
64	0	0			372	372
65	0	0			218	103
66	0	0			360	151
67	0	0			84	102
68	0	0			148	226
69	0	0			165	238
70	0	0			231	174
71	0	0			141	312
72	0	0			138	297
73	0	0			1374	252
74	0	0			99	126
75	0	0			99	102
76	0	0			102	126
77	0	0			102	129
78	0	0			170	186
79	0	0			206	217
80	0	0			230	203
81	0	0			403	121
82	0	0			182	177
83	0	0			284	177
84	0	0			172	246
85	0	0			172	153
86	0	0			232	211
87	0	0			232	170
88	0	0			190	183
89	0	0			166	291
90	0	0			160	108
91	0	0			126	179
92	0	0			218	103
93	0	0			360	151
94	0	0			173	173
95	0	0			372	372
96	14	6			210	165
97	0	0			123	165
98	1	1			106	170
99	0	0			420	238
100	7	30			150	207
101	2	20			138	297
102	7	10			170	186
103	0	0			193	192
104	0	0			192	111
105	0	0			231	231
106	64	60			204	180
107	75	65			204	180
108	1	2			194	457
109	2	109			115	205
110	4	0			111	105
111	0	0			217	183
112	0	0			193	114
113	4	1			213	123
114	0	2			184	222
115	24	44			206	217
116	59	204			144	192
117	6	0			175	121
118	119	0			1266	192
119	91	153			118	138
120	2	2			93	90
121	3	15			210	231
122	304	230			213	180
123	0	8			144	111
124	0	0			93	93
125	0	1			206	126
126	0	0			206	235
127	1	0			126	235
128	79	110			130	171
129	95	96			192	157
130	423	10			153	210
131	0	0			175	160
132	134	120			268	170
133	25	59			123	140
134	0	3			211	172
135	0	0			420	238
136	64	28			252	146
137	0	103			188	185
138	9	65			262	738
139	0	0			163	207
140	0	0			136	168
141	0	0			182	221
142	0	15			167	212
143	17	14			227	212
144	2	9			142	227
145	127	3			2424	234
146	0	0			167	195
147	15	1			215	169
148	210	9750			285	247
149	6287	9750			155	247
150	142	13			118	107
151	11	13			115	107
152	11	142			115	118
153	167	56			208	118
154	136	56			220	118
155	65	73			129	168
156	23	6			154	146
157	5	0			223	434
158	4	0			223	113
159	5	0			223	113
160	7	0			282	254
161	31	12			177	151
162	23	39			233	218
163	12	104			205	192
164	65	104			151	192
165	4	22			146	229
166	36	36			181	198
167	319	488			183	243
168	279	491			178	243
169	162	239			189	249
170	760	497			195	168
171	3	7			146	153
172	2	0			153	119
173	2	1			153	130
174	5	0			153	119
175	0	1			119	130
176	0	0			154	255
177	0	7			255	130
178	4	51			121	204
179	0	53			121	204
180	9	53			175	204
181	6	53			180	204
182	9	0			175	121
183	6	0			180	121
184	5	10			147	144
185	0	0			175	215
186	0	0			185	133
187	1	0			129	148
188	79	167			148	194
189	2	2			1030	221
190	1	2			197	221
191	43	23			254	254
192	10	49			199	233
193	0	0			141	175
194	2	111			219	184
195	32	82			184	137
196	158	45			243	132
197	40	93			191	294
198	190	256			192	243
199	10	6			218	183
200	0	0			300	144
201	0	0			117	243
202	33	23			156	154
203	0	0			222	207
204	0	0			645	198
205	0	0			123	182
206	6	21			193	225
207	77	92			255	318
208	7	216			155	164
209	0	7			232	266
210	10	25			162	159
211	0	9			357	155
212	296	193			141	129
213	328	62			148	230
214	64	99			218	204
215	192	353			204	283
216	49	23			144	112
217	0	16			151	192
218	66	145			148	123
219	25	143			131	206
220	0	0			141	139
221	0	0			163	118
222	114	95			161	222
223	114	132			161	278
224	0	0			183	168
225	0	0			150	222
226	4	0			319	319
227	8	0			192	122
228	55	90			150	254
229	0	0			193	193
230	11	1			106	226
231	94866	33401			166	116
232	28161	33401			214	116
233	97797	147562			153	189
234	139931	106512			192	153
235	17478	38908			108	97
236	13251	38908			97	97
237	0	0			111	153
238	0	0			218	103
239	0	0			360	151
240	7290	5740			204	189
241	57	561			218	832
242	0	0			247	177
243	56	70			222	211
244	0	0			249	373
245	4	1			136	229
246	9	1			147	229
247	290	13			133	243
248	18	18			207	143
249	1202	780			145	122
250	237	178			319	288
251	74	4			451	197
252	0	0			148	198
253	55	64			163	162
254	238	11			161	161
255	420	19			156	141
256	0	3			268	366
257	0	3			314	366
258	1	5			240	240
259	23	35			136	227
260	27	15			164	136
261	26	15			144	136
262	23	0			213	120
263	0	2			200	195
264	0	2			200	250
265	2	0			124	121
266	0	1			153	157
267	653	827			168	117
268	0	0			122	119
269	69	152			237	269
270	59	59			202	195
271	0	0			171	118
272	28	35			216	215
273	178	5			328	174
274	125	1			85	85
275	0	2			173	206
276	0	0			143	143
277	0	0			103	143
278	1	0			299	249
279	35	328			163	393
280	10	328			131	393
281	10	35			131	163
282	0	1			172	172
283	104	3			138	193
284	319	0			192	265
285	1344	1427			191	198
286	2	3			164	202
287	1	6			137	236
288	2	1			230	202
289	0	0			157	265
290	0	0			269	265
291	0	0			269	157
292	12	25			162	230
293	38	5			206	187
294	22	5			202	187
295	0	0			133	102
296	209	386			147	182
297	77	77			311	299
298	77	93			311	302
299	497	481			146	142
300	0	4			248	173
301	24	72			238	242
302	72	69			238	276
303	3360	19489			103	225
304	60	114			192	306
305	0	0			163	132
306	25	5			158	158
307	162	105			252	238
308	158	245			252	357
309	107	80			144	243
310	1	0			166	291
311	1	0			190	183
312	0	0			232	170
313	0	0			232	211
314	224	50			397	200
315	0	0			202	226
316	0	0			166	226
317	0	0			125	143
318	0	0			202	204
319	0	0			223	202
320	0	0			166	202
321	0	0			207	202
322	0	3			373	300
323	0	0			167	136
324	0	0			116	199
325	0	0			123	232
326	0	0			204	213
327	21	30			199	141
328	85	48			153	270
329	131	148			207	225
330	1	0			194	190
331	0	0			216	190
332	0	0			241	190
333	0	0			199	190
334	0	0			241	211
335	0	1			216	194
336	0	1			241	194
337	0	1			199	194
338	0	0			241	216
339	0	0			199	216
340	0	0			199	241
341	0	0			199	241
342	0	5			145	172
343	1	0			185	159
344	287	541			191	276
345	5	0			150	174
346	0	0			158	189
347	1	0			202	121
348	43	28			205	175
349	15	66			117	205
350	27	42			160	108
351	24	78			108	180
352	329	687			122	165
353	1	25			117	149
354	0	0			131	125
355	84	0			185	173
356	47	0			160	173
357	16	32			149	180
358	0	3			148	154
359	0	0			174	214
360	4	2			214	179
361	16	10			194	214
362	107	11			168	144
363	0	0			165	155
364	800	562			241	172
365	0	0			168	193
366	0	5			138	158
367	13	7			152	176
368	0	0			120	120
369	2	3			133	150
370	7	0			183	114
371	34	33			224	165
372	129	9			268	134
373	402	570			152	174
374	27	13			127	126
375	55	47			184	252
376	24	57			129	204
377	226	268			257	275
378	121	7			162	141
379	2	3			268	123
380	0	4			150	215
381	0	0			201	170
382	0	0			129	153
383	117	73			188	144
384	60	77			195	196
385	72	74			204	196
386	110	212			156	230
387	0	82			100	100
388	38	72			119	180
389	25	0			127	119
390	2737	0			3319	130
391	515	2943			162	3319
392	1843	20			230	95
393	0	0			174	96
394	0	0			135	177
395	2	2			167	155
396	1	0			198	187
397	0	0			166	295
398	8	27			155	224
399	22	6			224	187
400	10	0			176	142
401	8	9			250	176
402	4	0			199	138
403	4	0			199	147
404	0	0			138	147
405	10	42			123	227
406	83	40			264	258
407	19	27			240	274
408	0	0			167	167
409	21	13			243	177
410	11	13			219	177
411	0	0			250	229
412	1085	777			194	147
413	126	171			151	196
414	5	138			117	271
415	165	47			171	171
416	164	146			171	171
417	17818	140834			232	767
418	22	5			159	165
419	12	28			450	651
420	0	0			176	133
421	0	1			108	135
422	17	88			172	209
423	2	2			337	200
424	2	2			337	196
425	15	15			302	148
426	2	2			202	159
427	0	0			171	198
428	39	3			140	178
429	159	238			114	246
430	176	154			135	102
431	1	479			145	244
432	243	479			188	244
433	190	7077			263	143
434	70	159			181	181
435	29	22			189	249
436	10	9			179	249
437	10	9			182	249
438	29	34			189	189
439	10	21			179	189
440	10	21			182	189
441	100	48			284	192
442	0	0			430	150
443	0	0			163	366
444	0	0			197	104
445	4	1			182	151
446	0	0			197	273
447	10	7			198	191
448	1	4			95	156
449	2	3			177	177
450	35	36			220	221
451	32	36			201	221
452	0	5			84	84
453	71	40			186	174
454	64	70			219	186
455	186	111			211	168
456	2	0			328	200
457	0	0			231	220
458	1	1			102	201
459	4	9			175	174
460	18	70			128	243
461	39	17			187	128
462	237	254			200	199
463	18	19			234	171
464	3	110			156	135
465	14	29			150	129
466	3	32			147	147
467	2	11			214	278
468	7	11			212	278
469	7	2			212	214
470	18	0			286	133
471	556	337			160	180
472	0	0			244	174
473	0	0			189	228
474	155	209			319	308
475	135	46			284	146
476	30	13			215	159
477	219	240			159	152
478	3	0			226	197
479	32	19			197	207
480	170	55			166	166
481	0	0			168	168
482	14	0			363	168
483	14	0			363	168
484	293	57			661	145
485	7301	19			127	229
486	6	1			207	161
487	16	5			197	200
488	28	37			147	155
489	25	38			172	155
490	0	0			260	258
491	2	0			207	161
492	10	66			162	255
493	3343	12			147	245
494	0	0			321	84
495	0	0			516	84
496	0	0			205	462
497	13	18			173	340
498	48	37			220	183
499	0	0			191	195
500	5	184			146	440
501	0	0			145	220
502	0	0			145	671
503	106	181			177	238
504	4	19			161	184
505	24	5			227	161
506	3	25			200	227
507	9	36			160	255
508	102	73			205	172
509	16	23			167	186
510	1019	5148			197	204
511	0	0			185	189
512	452	613			203	177
513	0	0			179	119
514	137	99			229	187
515	0	0			79	82
516	3	0			214	214
517	5	18			220	368
518	24	2			704	197
519	7	2			253	197
520	4	168			144	120
521	94	154			144	120
522	50	181			108	144
523	50	33			108	102
524	0	0			78	255
525	19	583			186	205
526	19	359			186	233
527	5	19			111	161
528	106	501			129	275
529	325	116			198	129
530	101	296			162	202
531	16	252			162	202
532	4	3			162	198
533	204	67			926	263
534	6	6			154	213
535	162	1			113	137
536	426	342			225	195
537	276	331			231	209
538	153	336			210	226
539	100	397			118	238
540	438	268			238	153
541	212	224			248	224
542	105	224			345	224
543	111	117			250	239
544	18	105			175	188
545	1170	509			267	150
546	0	0			216	192
547	0	0			158	125
548	46	142			148	259
549	0	0			249	246
550	1	0			246	81
551	7	0			138	236
552	0	2			159	168
553	0	0			159	162
554	2	0			168	162
555	0	0			192	196
556	0	0			354	354
557	10	9			198	203
558	317	32106			201	201
559	883	27321			151	151
560	50	13413			138	145
561	49	144			138	145
562	24	2			149	137
563	81	77			161	164
564	0	13			98	98
565	11	0			81	81
566	95	18			128	132
567	0	0			168	105
568	0	0			117	105
569	0	5			196	193
570	0	0			171	171
571	8	19			198	132
572	11	12			120	132
573	8	1			198	292
574	15	1			162	120
575	2	0			163	215
576	3	48			147	144
577	10	27			147	261
578	48	90			133	147
579	96	171			147	207
580	158	272			178	205
581	0	5			236	197
582	59	87			114	149
583	0	0			147	141
584	0	1			207	161
585	64	111			123	156
586	0	1			157	146
587	5	0			84	84
588	11	30			190	251
589	15	72			204	750
590	1	1			196	151
591	0	0			692	190
592	46	2			196	163
593	59	29			144	108
594	113	105			178	159
595	0	0			225	141
596	40	22			263	187
597	234	22			1553	219
598	0	0			260	455
599	1	30			218	264
600	85	31			192	130
601	85	77			192	185
602	85	110			192	243
603	5	4			240	181
604	5	5			240	115
605	4	0			176	198
606	7	5			192	267
607	0	0			171	231
608	42	3			126	270
609	113	43			248	139
610	0	0			221	170
611	2	3			208	120
612	0	0			153	135
613	0	0			96	96
614	46	17			190	116
615	0	0			160	173
616	0	3			129	137
617	1	1			219	204
618	444	1			100	100
619	35	30			279	234
620	0	0			318	421
621	0	0			318	318
622	32	8			222	114
623	73	109			156	201
624	0	0			172	125
625	0	0			193	192
626	15	17			150	154
627	56	10			235	99
628	26	9			180	147
629	0	0			200	142
630	0	0			142	194
631	0	0			142	111
632	9	15			182	179
633	16	15			133	168
634	28	1			168	114
635	9	23			137	183
636	0	0			252	180
637	33	44			132	128
638	19	25			230	203
639	0	0			168	246
640	0	0			174	200
641	131	1019			198	251
642	697	577			251	167
643	587	555			251	167
644	0	0			226	148
645	3	10			165	153
646	1	12			103	183
647	0	9			186	216
648	0	9			76	211
649	191	87			253	190
650	3	0			138	195
651	312	1100			171	176
652	0	1			186	194
653	10	60			143	250
654	1887	709			168	105
655	30	2889			105	205
656	712	2894			105	205
657	392	156			243	195
658	2	0			163	138
659	50	0			243	138
660	50	2			243	163
661	0	0			110	127
662	614	342			298	185
663	0	0			126	180
664	36	29			245	162
665	41	3			125	195
666	0	0			530	142
667	18	9			251	242
668	7	0			245	189
669	8	8			145	159
670	0	0			143	284
671	0	0			141	255
672	0	0			123	99
673	0	20			211	214
674	1	0			198	131
675	0	0			193	192
676	8	11			155	179
677	0	3			191	732
678	0	535			166	178
679	0	840			166	178
680	177	362			224	304
681	32	16			126	170
682	54	58			162	135
683	144	150			210	234
684	166	159			225	210
685	5	1			594	412
686	4	23			156	165
687	6	2			290	256
688	6	2			290	255
689	31	21			211	166
690	0	0			120	208
691	1	0			147	354
692	219	203			177	163
693	0	0			168	202
694	0	0			135	237
695	0	0			211	151
696	1	0			169	126
697	1	17			121	144
698	8	4			243	110
699	63	111			208	207
700	0	0			262	317
701	1066	4			227	215
702	2890	8733			222	261
703	66	46			176	138
704	19	18			228	138
705	0	26			114	170
706	0	49			213	234
707	1	10			151	146
708	13	0			255	168
709	10	0			291	168
710	168272	182257			151	180
711	164848	182253			165	180
712	168272	184296			151	214
713	164833	138845			165	151
714	1	3			143	185
715	19	22			201	201
716	2614	3592			214	156
717	7	22			269	142
718	36	52			225	324
719	21	52			180	324
720	21	70			180	324
721	0	0			81	81
722	63	84			186	213
723	113	39			177	146
724	9	111			127	210
725	1	0			195	179
726	63	16			684	170
727	19	1			178	183
728	25	1			197	183
729	25	19			197	178
730	0	0			233	102
731	4401	9			111	114
732	4556	2578			117	114
733	7517	8			117	114
734	3005	3299			114	111
735	10655	22848			134	118
736	1	38			270	314
737	9	13			197	159
738	24	18			316	197
739	19	19			239	316
740	3409	2636			232	165
741	1672	2954			216	192
742	3438	2954			232	192
743	1662	2947			216	192
744	1982	2947			240	192
745	1990	3201			240	232
746	1322	3188			240	232
747	1	0			87	84
748	9	0			255	147
749	9	0			255	150
750	4	0			183	150
751	26	92			173	193
752	0	0			142	106
753	35	0			83	83
754	0	0			200	196
755	1	0			138	105
756	0	0			84	84
757	1080	1315			267	261
758	38	60			243	252
759	12	1			92	92
760	0	2			99	99
761	0	2			208	211
762	2	0			206	144
763	2	0			206	167
764	0	0			144	167
765	54	79			214	286
766	0	5			262	299
767	0	6			262	133
768	0	0			262	236
769	5	0			299	236
770	6	0			133	236
771	37	71			170	309
772	1	0			278	195
773	1	0			274	191
774	28	48			132	216
775	88	20			216	219
776	39	10			179	158
777	0	0			178	109
778	0	0			186	358
779	0	0			186	186
780	14	13			274	197
781	254	1			185	197
782	179	146			243	185
783	136	209			211	243
784	655	503			183	141
785	13	13			158	238
786	236	299			227	198
787	5	0			125	136
788	55	2			286	128
789	164	759			207	195
790	61	2			185	249
791	148	34			147	185
792	2	1			279	132
793	0	1			173	132
794	0	2			173	279
795	28	144			112	225
796	1940	20			178	173
797	1940	6			107	113
798	0	1			198	279
799	0	1			207	290
800	0	0			255	206
801	41	37			227	177
802	21	22			191	158
803	21	19			191	124
804	21	8			191	158
805	21	4			191	124
806	21	35			191	177
807	7	62			158	262
808	7	10			158	110
809	8	35			158	177
810	4	35			124	177
811	314	480			146	178
812	456	781			178	216
813	0	0			138	149
814	302	0			185	150
815	187	0			214	150
816	9906	9421			171	259
817	0	0			217	230
818	191	59			267	120
819	5	26			204	114
820	22	17			252	243
821	8	2			114	200
822	21	28			122	147
823	49	107			162	238
824	21	2			153	108
825	8	8			216	143
826	32	17			189	207
827	46	6			253	179
828	175	158			174	173
829	0	0			97	99
830	11	0			171	158
831	0	2			120	120
832	1	0			135	195
833	0	5			192	174
834	0	0			164	279
835	39	17			160	134
836	39	14			160	108
837	81	202			162	223
838	53	217			113	254
839	553	1503			155	373
840	83	12			183	101
841	0	0			87	87
842	0	0			102	229
843	44	30			1314	159
844	76	29			534	354
845	136	113			245	185
846	6	14			136	171
847	105	69			303	204
848	0	0			297	195
849	17	67			124	153
850	1	0			99	100
851	0	0			231	150
852	55	36			177	209
853	242	269			192	206
854	249	371			174	165
855	0	2			153	169
856	4	2			250	169
857	39	101			114	195
858	35	54			387	366
859	67	17			366	207
860	0	18			90	90
861	2	0			90	78
862	14	2			117	78
863	18	16			211	163
864	0	310			113	142
865	109	310			142	142
866	109	0			142	113
867	147	287			171	251
868	0	0			167	167
869	0	4			192	381
870	94	155			228	198
871	172	154			228	198
872	2	4			148	198
873	0	4			223	198
874	2	3			148	198
875	66	230			201	270
876	20	38			136	183
877	3	8			109	141
878	27	137			204	183
879	45	137			225	183
880	13	126			147	247
881	19	126			206	247
882	0	0			175	121
883	67	2			136	128
884	0	37			170	244
885	0	1			157	138
886	5	9			219	198
887	60	65			282	168
888	0	0			234	195
889	0	0			209	174
890	0	0			209	174
891	0	0			273	174
892	0	0			273	174
893	0	0			87	90
894	1	2			128	199
895	914	5347			103	263
896	2686	5347			170	263
897	13	2			293	169
898	24	124			113	164
899	3	0			200	133
900	77	107			164	245
901	175	37			216	169
902	53	1			269	102
903	3	0			213	225
904	0	0			190	190
905	26	4			192	105
906	0	11			87	87
907	13	13			128	194
908	2	1			399	224
909	0	1			245	205
910	0	0			245	314
911	1	0			205	314
912	517	1347			159	249
913	62	38			236	215
914	0	0			154	124
915	14	548			147	210
916	510	548			215	210
917	15	338			124	157
918	31	338			159	157
919	6	0			178	106
920	0	0			184	282
921	2	0			332	306
922	17	29			102	120
923	29	32			132	155
924	5	3			189	216
925	0	0			162	152
926	1	0			207	300
927	0	0			200	300
928	0	4			141	149
929	0	4			141	152
930	5	7			173	262
931	1	1			245	231
932	0	1			114	102
933	0	1			126	102
934	2	0			160	102
935	12	0			244	102
936	77	80			163	138
937	121	100			266	152
938	97	8			219	203
939	0	0			180	167
940	0	0			180	131
941	0	0			167	131
942	0	77			98	239
943	6	6			217	252
944	40	78			152	176
945	5	23			153	176
946	130	5			164	235
947	30	21			198	165
948	16	217			188	171
949	8	0			117	161
950	0	21			165	189
951	193	47			280	121
952	0	0			162	207
953	0	0			199	168
954	1	0			198	180
955	31	22			222	228
956	0	0			127	129
957	0	0			216	269
958	25	81			194	223
959	9208	7512			244	208
960	0	0			474	474
961	0	0			474	474
962	2	13			141	239
963	0	3			110	198
964	0	2			110	229
965	0	0			215	146
966	0	169			124	128
967	79	0			242	184
968	141	53			234	242
969	0	28			151	136
970	19	45			195	251
971	0	0			98	95
972	2	36			130	201
973	4	11			233	179
974	0	17			106	155
975	1	280			79	247
976	78	49			239	170
977	0	4			98	176
978	2	3			185	254
979	363	418			218	259
980	31	2			250	203
981	30	63			250	328
982	30	5			250	160
983	9	7			258	160
984	5	63			160	328
985	7	67			160	328
986	52	22			190	117
987	0	2			132	132
988	4327	1103			93	93
989	1401	1406			96	90
990	1509	11417			96	90
991	5713	140			87	99
992	6753	19046			116	116
993	0	0			345	360
994	24	45			146	164
995	46	60			166	163
996	49	0			98	101
997	134	173			168	177
998	967	1406			193	249
999	49	49			301	162
1000	6	6			274	209
1001	0	11			283	274
1002	33	49			180	222
1003	3	1			173	173
1004	0	0			282	211
1005	6	30			204	204
1006	9	12			138	179
1007	0	0			266	278
1008	0	0			223	220
1009	17	23			165	196
1010	168	266			159	172
1011	8801	26515			183	387
1012	9657	8441			180	183
1013	6225	11054			189	273
1014	3198	3246			180	183
1015	1936	2846			180	183
1016	47	51			188	160
1017	1	4			167	235
1018	1	0			250	220
1019	46	253			136	193
1020	0	0			181	171
1021	0	0			181	136
1022	0	0			171	136
1023	8	10			133	146
1024	6	191			146	796
1025	7	8			146	183
1026	61	97			249	204
1027	27	72			194	249
1028	4	31			158	473
1029	40	39			273	262
1030	0	19			207	122
1031	6610	6379			174	174
1032	46	64			109	126
1033	45	18			150	164
1034	381	54			360	135
1035	1534	54			849	135
1036	73	113			141	177
1037	72	6			138	204
1038	130	35			150	138
1039	22	13			328	192
1040	4	0			87	87
1041	1	0			165	155
1042	81	20			220	220
1043	14	13			164	202
1044	119	12368			443	98
1045	125	21358			443	279
1046	0	0			146	135
1047	1	28			249	162
1048	5	71			130	270
1049	5	16			130	121
1050	62	48			270	179
1051	835	1255			293	279
1052	2	2			204	264
1053	66	176			107	134
1054	75	41			268	204
1055	0	215			173	236
1056	0	0			81	81
1057	468	675			215	244
1058	1001	903			225	243
1059	510	555			220	225
1060	43	86			232	240
1061	0	0			281	172
1062	0	0			281	187
1063	0	0			281	237
1064	0	0			213	281
1065	0	0			84	84
1066	0	0			123	219
1067	5	0			203	162
1068	0	0			173	172
1069	0	0			205	131
1070	2148	372			1059	216
1071	6	14			143	119
1072	10	14			212	119
1073	1	0			220	190
1074	0	0			138	169
1075	10	8			169	137
1076	553	242			237	140
1077	301	733			140	238
1078	0	0			211	163
1079	71	49			150	110
1080	0	0			251	190
1081	10	36			141	166
1082	104	144			108	180
1083	398	270			311	250
1084	7	5			254	174
1085	4	4			204	156
1086	49	108			137	194
1087	5	1			108	167
1088	65	5			195	153
1089	4	3			175	183
1090	0	1			194	162
1091	0	16			174	279
1092	0	1			174	127
1093	16	1			279	127
1094	0	0			96	90
1095	2	2			157	210
1096	3	2			157	210
1097	0	3			254	157
1098	0	4			254	157
1099	2	4			194	157
1100	3	0			194	254
1101	21	0			209	95
1102	21	0			209	137
1103	0	0			95	137
1104	0	6			147	141
1105	0	6			152	141
1106	0	0			152	147
1107	0	0			108	245
1108	3	1			148	167
1109	0	9			188	244
1110	0	17			188	319
1111	0	9			188	244
1112	0	9			162	244
1113	0	17			162	319
1114	6	13			174	147
1115	54	72			153	194
1116	0	0			81	81
1117	0	0			172	172
1118	0	17			81	144
1119	0	17			81	144
1120	0	0			81	81
1121	5	2			177	180
1122	72	198			189	211
1123	0	0			241	183
1124	201	177			201	152
1125	1	177			132	152
1126	97	5			150	135
1127	32	10			175	154
1128	93	64			208	170
1129	0	0			148	172
1130	0	0			166	137
1131	0	0			153	343
1132	9	0			132	176
1133	6	59			148	165
1134	6	27			148	161
1135	51	16			138	97
1136	0	2			195	161
1137	5	2			161	211
1138	181	225			183	216
1139	99	251			141	217
1140	1	1			218	177
1141	114	300			161	251
1142	18	0			262	213
1143	1	4			351	348
1144	0	0			211	172
1145	232	116			174	190
1146	249	172			190	174
1147	7	4			364	153
1148	1	0			173	199
1149	113086	90906			230	208
1150	136569	122451			286	230
1151	262	156			167	131
1152	5	1			160	206
1153	0	0			197	197
1154	40	33			249	162
1155	43	33			252	162
1156	18	0			90	93
1157	9	0			147	202
1158	18	26			181	226
1159	0	0			218	103
1160	1	0			360	151
1161	0	0			120	160
1162	0	0			168	160
1163	0	0			168	120
1164	0	0			160	120
1165	0	0			202	189
1166	1	209			165	1290
1167	1	0			111	114
1168	805	16			214	145
1169	0	1			292	215
1170	0	1			159	215
1171	1	0			163	220
1172	1	1			121	135
1173	232	110			290	142
1174	1	90			119	112
1175	6	259			102	263
1176	0	0			90	87
1177	3	1			372	372
1178	0	0			96	96
1179	0	0			280	196
1180	20	13			357	276
1181	51	21			212	146
1182	3	19			114	144
1183	288	160			165	146
1184	0	0			147	141
1185	17	42			230	214
1186	28	73			214	266
1187	163	354			191	294
1188	48888	38073			151	138
1189	606	105322			151	151
1190	0	0			214	169
1191	37	0			438	208
1192	33	156			136	245
1193	580	525			162	159
1194	2	1			126	123
1195	2	1			126	186
1196	0	4			129	135
1197	0	5			111	135
1198	0	0			111	262
1199	0	0			129	231
1200	128	54			218	152
1201	184	100			176	127
1202	228	156			193	213
1203	268	166			193	199
1204	554	101			1083	234
1205	2	3			110	93
1206	0	0			267	270
1207	0	0			270	190
1208	0	0			270	187
1209	0	0			211	182
1210	3	5			296	173
1211	0	5			183	173
1212	15	13			251	190
1213	23	18			285	184
1214	0	7			205	114
1215	26	12			206	126
1216	5	8			160	132
1217	5	17			160	226
1218	8	17			132	226
1219	0	0			201	184
1220	199	351			172	246
1221	334	2			172	153
1222	2	42			248	308
1223	63	1			241	169
1224	48	63			168	206
1225	1	45			286	135
1226	1	0			140	234
1227	0	1			142	161
1228	10	0			90	105
1229	44	99			165	280
1230	45	56			160	176
1231	48	47			242	163
1232	97	48			269	269
1233	0	0			256	242
1234	7	3			151	136
1235	1	3			120	140
1236	19	40			197	181
1237	1	23			158	158
1238	1	44			158	158
1239	0	0			158	268
1240	0	0			153	268
1241	11	0			258	268
1242	6	0			181	268
1243	0	0			153	158
1244	11	0			258	158
1245	6	0			181	158
1246	11	0			258	153
1247	6	0			181	153
1248	2	18			121	162
1249	3	0			121	133
1250	0	0			177	133
1251	0	3			177	121
1252	15	18			141	163
1253	12	180			195	270
1254	1106	1060			226	221
1255	0	0			217	208
1256	7	34			160	254
1257	0	0			153	298
1258	0	0			170	205
1259	25	34			205	193
1260	27	24			193	154
1261	2	15			102	177
1262	2	1			246	220
1263	12	19			149	159
1264	2	0			164	100
1265	0	0			226	185
1266	0	0			209	114
1267	38	46			219	302
1268	2	0			222	98
1269	5	3			213	219
1270	0	14			159	342
1271	0	12			159	264
1272	481	191			285	177
1273	0	2			186	196
1274	0	11			155	213
1275	2437	816			244	198
1276	2437	1945			244	185
1277	1976	899			185	152
1278	243	246			219	196
1279	0	0			151	175
1280	0	0			84	96
1281	0	0			144	93
1282	0	0			102	117
1283	400	497			203	187
1284	3	4			183	166
1285	0	0			133	117
1286	1	0			168	109
1287	0	0			231	109
1288	16	10			223	228
1289	0	0			708	168
1290	75	91			144	132
1291	1	1			135	168
1292	61	80			159	171
1293	544	314			272	153
1294	329	269			523	154
1295	376	269			174	154
1296	6	0			221	106
1297	8	25			159	162
1298	0	0			195	171
1299	0	0			176	171
1300	69	37			212	149
1301	7	8			111	194
1302	33	36			239	326
1303	33	14			239	176
1304	36	14			326	176
1305	0	0			423	189
1306	0	0			123	192
1307	119	158			180	202
1308	23	34			198	170
1309	171	156			147	157
1310	56	68			246	210
1311	47	49			198	246
1312	0	0			176	130
1313	0	0			176	149
1314	129	597			197	427
1315	129	20			197	275
1316	129	18			197	121
1317	593	16			427	121
1318	597	20			427	275
1319	597	18			427	121
1320	676	14			427	121
1321	4	120			226	220
1322	0	0			353	330
1323	0	0			147	137
1324	0	2			114	170
1325	0	0			133	199
1326	11	0			198	87
1327	103	100			181	164
1328	119	0			674	262
1329	31	42			182	184
1330	46	49			184	215
1331	0	2			249	461
1332	0	2			249	461
1333	0	0			84	93
1334	0	58			173	3082
1335	0	0			110	223
1336	2	0			459	193
1337	2	4			137	173
1338	1	0			209	158
1339	87	0			163	158
1340	18	1			186	166
1341	11	18			156	199
1342	19	2			202	156
1343	3	0			153	163
1344	0	0			78	78
1345	167	136			250	188
1346	0	0			154	207
1347	556	607			221	198
1348	281	659			166	219
1349	228	320			151	166
1350	228	6			151	118
1351	38	25			179	215
1352	381	461			189	261
1353	1456	396			595	189
1354	34	8			147	134
1355	556	211			273	139
1356	134	52			187	139
1357	160	107			404	216
1358	12	107			139	216
1359	65	114			139	216
1360	10	0			238	192
1361	6860	1539			1005	246
1362	0	0			294	99
1363	0	24			155	81
1364	0	0			128	278
1365	45	41			208	161
1366	48	45			222	194
1367	0	0			172	183
1368	4	17			153	180
1369	0	0			134	302
1370	8	4			114	180
1371	12	1			152	92
1372	12	93			266	127
1373	0	0			185	156
1374	0	1			226	280
1375	27	21			136	200
1376	60	59			207	234
1377	0	0			148	226
1378	739	651			254	199
1379	381	843			173	254
1380	1	0			163	220
1381	3	0			198	159
1382	3	0			198	292
1383	2	0			166	291
1384	1	0			190	183
1385	0	0			232	170
1386	0	0			232	211
1387	0	0			218	103
1388	0	0			360	151
1389	0	0			173	224
1390	0	108			144	252
1391	0	1			210	133
1392	0	0			159	210
1393	0	0			166	287
1394	1	34			149	149
1395	7	13			185	146
1396	19	0			289	121
1397	595	730			186	245
1398	2	18			105	133
1399	477	319			215	188
1400	79	10			188	123
1401	8	1			173	193
1402	8	1			197	193
1403	2	1			214	193
1404	2	8			214	173
1405	2	8			214	197
1406	20284	19548			261	222
1407	0	0			121	147
1408	3	8			156	267
1409	4	4			142	156
1410	0	0			165	173
1411	0	1			195	140
1412	163	418			234	333
1413	0	0			194	227
1414	193	171			205	198
1415	170	177			198	252
1416	9	9			161	169
1417	20	55			153	263
1418	798	1722			166	232
1419	0	0			144	131
1420	12	347			175	166
1421	6950	5239			173	142
1422	350	6581			148	173
1423	0	0			126	179
1424	67	27			190	131
1425	29	39			120	226
1426	19	28			120	131
1427	971	22			153	153
1428	208	256			214	217
1429	20	16			193	122
1430	1	0			243	182
1431	0	0			182	121
1432	845	1401			197	263
1433	187	168			189	204
1434	0	3			166	198
1435	21263	19639			145	154
1436	222	47771			151	151
1437	0	4			180	201
1438	7	0			99	99
1439	7	7			134	154
1440	8	7			160	154
1441	0	0			226	169
1442	3	28			129	237
1443	34	1			125	115
1444	20	13			160	138
1445	0	0			180	330
1446	0	0			258	438
1447	0	0			258	438
1448	0	0			141	259
1449	0	0			152	130
1450	0	0			150	130
1451	0	0			152	156
1452	0	0			150	156
1453	0	0			150	152
1454	0	0			150	152
1455	17	3			246	182
1456	0	0			186	136
1457	51	81			138	167
1458	2	0			174	206
1459	117	96			141	143
1460	90	99			143	146
1461	113	100			146	133
1462	31015	28130			254	241
1463	46	69			156	199
1464	1	3			146	183
1465	23	15			187	168
1466	0	7			134	581
1467	0	0			96	96
1468	301	222			255	174
1469	294	34			273	159
1470	271	172			273	186
1471	51	188			159	186
1472	90	97			297	241
1473	42	97			240	241
1474	30	53			247	334
1475	86	85			234	209
1476	0	0			147	141
1477	0	5			173	164
1478	50	97			156	207
1479	87	71			243	156
1480	29	37			187	140
1481	0	0			123	284
1482	0	0			123	273
1483	0	0			123	78
1484	0	0			284	78
1485	0	0			273	78
1486	259	1			79	79
1487	24	27			304	291
1488	0	0			179	169
1489	66	267			135	305
1490	66	214			135	308
1491	7	6			243	252
1492	5	0			309	205
1493	6	0			275	205
1494	36	26			256	211
1495	490	31			113	136
1496	0	0			194	457
1497	0	0			115	205
1498	0	0			139	128
1499	0	0			108	123
1500	212	233			222	188
1501	1154	5985			126	192
1502	1154	2171			126	328
1503	52	2			128	79
1504	5	72			164	184
1505	5	20			164	216
1506	72	20			184	216
1507	152	445			242	144
1508	273	1			178	76
1509	535	542			114	111
1510	366	595			99	114
1511	0	0			238	136
1512	0	0			173	270
1513	1	0			185	173
1514	241	140			192	206
1515	0	0			201	219
1516	0	14			191	131
1517	0	14			173	131
1518	0	0			170	212
1519	0	0			456	122
1520	33	1			240	231
1521	2008	1365			149	133
1522	2011	1574			149	148
1523	1258	1572			133	148
1524	0	0			195	153
1525	34	63			114	132
1526	29	82			182	237
1527	0	110			223	122
1528	0	0			215	267
1529	0	0			196	267
1530	76	205			227	603
1531	0	0			81	81
1532	14	42			130	288
1533	840	403			193	129
1534	0	9			96	96
1535	0	8			96	93
1536	49	200			118	174
1537	53	36			133	155
1538	4	10			129	210
1539	0	0			395	168
1540	0	0			154	395
1541	2	2			142	150
1542	300	38			1858	382
1543	0	16			114	145
1544	0	5			166	193
1545	0	3			166	188
1546	0	3			166	212
1547	0	7			166	145
1548	5	3			193	188
1549	5	3			193	212
1550	5	7			193	145
1551	3	7			188	145
1552	3	7			212	145
1553	0	0			123	192
1554	0	0			151	108
1555	511	856			204	279
1556	860	282			279	129
1557	13	65			190	607
1558	38	0			126	99
1559	9	6			210	235
1560	0	0			159	177
1561	0	0			156	177
1562	0	0			209	155
1563	0	0			245	155
1564	437	117			356	133
1565	0	0			96	90
1566	20	16			265	222
1567	12	15			172	247
1568	335	2			210	172
1569	55	73			269	230
1570	21	181			108	197
1571	1	0			1374	252
1572	3	13			243	201
1573	4	53			174	174
1574	6	31			223	345
1575	0	4			214	269
1576	0	0			144	162
1577	0	0			322	199
1578	157	8			248	306
1579	20	28			173	173
1580	626	241			253	133
1581	626	426			253	177
1582	34	26			120	144
1583	0	0			87	87
1584	0	1			165	147
1585	0	1			159	147
1586	0	61			79	260
1587	60	68			278	234
1588	14	68			188	234
1589	1	1			139	194
1590	10	237			151	280
1591	58	88			195	183
1592	25	19			215	173
1593	0	9			84	309
1594	0	1			165	337
1595	0	6			123	165
1596	10	6			172	191
1597	81	59			165	135
1598	143	80			186	136
1599	0	3056			98	98
1600	3453	1368			272	202
1601	116	5			221	135
1602	60	75			216	210
1603	0	0			140	125
1604	264	149			258	183
1605	108	146			151	210
1606	0	0			438	107
1607	0	4			150	187
1608	5	26			106	202
1609	16	70			138	230
1610	7	0			180	90
1611	6	5			339	351
1612	1	0			111	169
1613	0	0			194	237
1614	4	65			207	161
1615	410	1027			153	219
1616	0	6			120	171
1617	13	0			153	153
1618	0	236			132	290
1619	358	135			212	143
1620	0	1			152	194
1621	0	1			105	194
1622	0	0			105	152
1623	0	0			354	354
1624	555	386			239	213
1625	0	5			126	245
1626	0	118			82	163
1627	2	3			210	231
1628	5	3			309	240
1629	1186	732			1063	165
1630	13	0			198	292
1631	13	0			198	159
1632	14	1			163	220
1633	33	1251			200	183
1634	401	1251			111	183
1635	14	13			110	125
1636	58	13			158	125
1637	1	1			147	209
1638	19	29			152	202
1639	5	8			181	104
1640	0	99			147	147
1641	0	0			208	237
1642	0	0			241	214
1643	2	38			324	172
1644	2	88			324	246
1645	2	4			193	215
1646	2	8			193	295
1647	4	8			215	295
1648	2	159			215	226
1649	2	120			215	364
1650	0	0			106	106
1651	0	0			100	100
1652	485	0			177	174
1653	882	0			156	174
1654	0	0			219	157
1655	105	217			214	240
1656	70	71			269	237
1657	596	3			267	175
1658	11	61			232	156
1659	11	109			232	191
1660	11	80			232	236
1661	0	0			159	239
1662	0	0			159	305
1663	0	0			131	159
1664	280	237			172	172
1665	46	72			156	213
1666	9	1			163	182
1667	97	0			84	87
1668	799	58			163	119
1669	356	5			132	428
1670	1	0			138	115
1671	0	38			136	194
1672	1	40			136	186
1673	21	40			136	186
1674	34	40			194	186
1675	149	5			185	132
1676	28	72			159	228
1677	0	16			230	193
1678	3131	9604			160	250
1679	19341	9604			642	250
1680	2769	9979			206	250
1681	5827	6141			250	177
1682	9005	6133			250	177
1683	5799	2621			177	125
1684	9665	8848			241	209
1685	0	0			258	240
1686	1	0			361	108
1687	4	2			124	192
1688	10	19			164	229
1689	15	4			215	164
1690	123	161			599	459
1691	19	1			141	192
1692	7	0			247	137
1693	4	0			367	137
1694	4	7			367	247
1695	39	34			258	233
1696	0	0			123	192
1697	0	12			118	187
1698	79	34			197	135
1699	0	0			93	126
1700	0	23			168	168
1701	1	4			193	251
1702	0	1			167	193
1703	3	6			218	292
1704	89	67			247	179
1705	6	58			109	242
1706	71	11			183	129
1707	22	36			186	129
1708	2	0			165	205
1709	34	17			490	143
1710	0	0			168	98
1711	0	0			168	98
1712	97	65			287	231
1713	22	0			219	128
1714	2	2			293	359
1715	50	93			150	194
1716	28	16			200	139
1717	16	149			3036	5337
1718	86	36			266	156
1719	0	0			207	161
1720	1	0			164	145
1721	17	4			235	176
1722	63	50			233	237
1723	0	0			247	255
1724	0	4			129	114
1725	67	371			400	235
1726	1529	658			246	135
1727	10	1752			135	193
1728	654	1698			135	193
1729	12	35			142	252
1730	0	0			144	197
1731	0	0			144	157
1732	0	3			159	243
1733	3	3			150	132
1734	118	54			207	200
1735	1	5			142	217
1736	0	10			96	93
1737	0	0			168	98
1738	0	0			168	98
1739	24	0			120	247
1740	3456	165			200	197
1741	1964	165			304	197
1742	0	0			156	207
1743	11	11			222	208
1744	1	1			188	231
1745	285	320			170	193
1746	375	98			205	157
1747	0	0			99	132
1748	19626	15069			168	138
1749	152	152			150	234
1750	152	113			150	135
1751	152	113			234	135
1752	165	212			203	226
1753	181	75			220	203
1754	181	175			220	203
1755	0	1			149	364
1756	0	0			149	152
1757	21	131			220	758
1758	14	17			168	217
1759	12	23			159	200
1760	67	98			198	241
1761	1	174			153	294
1762	0	0			77	401
1763	98	50			146	146
1764	15	24			167	207
1765	15	0			167	80
1766	1876	1432			177	135
1767	8	73			153	653
1768	118	2			187	135
1769	118	2			155	155
1770	24	5			144	144
1771	35	104			172	245
1772	0	0			111	153
1773	398	1160			145	263
1774	44	51			236	236
1775	5604	4177			274	180
1776	2979	3595			180	162
1777	185	384			180	270
1778	321	358			316	270
1779	0	331			325	180
1780	0	0			167	167
1781	0	0			235	79
1782	15	1			234	159
1783	5	0			125	168
1784	4	0			125	168
1785	0	0			127	168
1786	4	0			125	168
1787	0	0			131	125
1788	9	4			161	195
1789	0	0			116	158
1790	41592	34701			222	182
1791	25096	43769			168	222
1792	18057	23517			168	168
1793	19971	18357			168	168
1794	16118	18356			168	168
1795	5460	18356			168	168
1796	3412	18356			168	168
1797	3645	18356			168	168
1798	4380	18356			168	168
1799	3517	18356			168	168
1800	24743	16723			168	168
1801	16119	16520			168	168
1802	12163	16517			168	168
1803	2950	16518			168	168
1804	5461	16516			168	168
1805	3415	16516			168	168
1806	5235	16516			168	168
1807	12612	16516			168	168
1808	8417	16516			168	168
1809	4381	16516			168	168
1810	4380	3645			168	168
1811	4381	8417			168	168
1812	12612	8417			168	168
1813	16325	18471			168	168
1814	12167	18352			168	168
1815	10133	18357			168	168
1816	7157	18332			168	168
1817	2949	18338			168	168
1818	5667	18516			168	168
1819	3414	18516			168	168
1820	5235	18516			168	168
1821	12612	18502			168	168
1822	3412	5460			168	168
1823	3415	5461			168	168
1824	5235	5461			168	168
1825	12612	4381			168	168
1826	3414	5667			168	168
1827	5235	5667			168	168
1828	12302	20283			168	168
1829	3437	21956			168	168
1830	5239	21956			168	168
1831	12796	20876			168	168
1832	10142	15107			168	168
1833	14295	15671			168	168
1834	4109	15077			168	168
1835	20975	15077			168	168
1836	7232	11498			168	168
1837	3024	11517			168	168
1838	4931	11517			168	168
1839	3489	11591			168	168
1840	5249	11591			168	168
1841	14158	11581			168	168
1842	3972	11492			168	168
1843	20969	11492			168	168
1844	5235	3415			168	168
1845	5235	3414			168	168
1846	4922	2972			168	168
1847	5239	3437			168	168
1848	4931	3024			168	168
1849	5249	3489			168	168
1850	4941	11056			168	168
1851	5273	11521			168	168
1852	12727	10219			168	168
1853	20476	10212			168	168
1854	6077	6794			168	168
1855	1788	6232			168	168
1856	13921	6232			168	168
1857	13921	1788			168	168
1858	13221	4733			168	168
1859	20975	4109			168	168
1860	20969	3972			168	168
1861	20379	3735			168	168
1862	20404	6747			168	168
1863	21704	14115			168	168
1864	18977	15887			180	180
1865	748	9796			180	180
1866	0	0			217	250
1867	0	0			153	225
1868	0	0			177	156
1869	2402	1695			205	159
1870	1161	516			148	182
1871	0	0			175	205
1872	0	0			159	152
1873	73	72			156	141
1874	122	176			231	238
1875	0	0			127	195
1876	66	14			153	130
1877	10	20			133	178
1878	15	0			104	155
1879	0	0			132	169
1880	9	0			207	192
1881	0	0			93	93
1882	0	0			93	228
1883	0	1			167	141
1884	16	24			167	220
1885	15	11			167	220
1886	15	21			167	149
1887	11	21			220	149
1888	14	130			166	166
1889	0	0			171	114
1890	0	0			174	114
1891	1	0			194	173
1892	1	0			194	197
1893	1	4			194	196
1894	1	11			194	303
1895	2	0			134	173
1896	2	0			134	197
1897	2	11			134	196
1898	0	0			173	197
1899	4	11			196	303
1900	0	0			195	174
1901	0	0			247	137
1902	0	0			367	137
1903	0	0			367	247
1904	2	110			154	189
1905	121	73			189	205
1906	70	302			205	219
1907	70	286			205	216
1908	0	3			171	228
1909	0	0			196	122
1910	1	50			161	248
1911	6	7			189	220
1912	36	37			194	190
1913	30	43			114	153
1914	2	214			135	117
1915	2	214			108	117
1916	2	2			108	135
1917	7	11			108	135
1918	155	6			148	148
1919	2	76			180	2209
1920	4	3			142	163
1921	7	3			120	163
1922	6	3			161	142
1923	0	3			120	142
1924	0	7			117	161
1925	7	7			120	161
1926	0	7			117	161
1927	0	7			120	161
1928	5	25			179	259
1929	14	46			259	333
1930	0	0			162	153
1931	2	1			135	147
1932	5	7			115	130
1933	10	13			115	130
1934	7	3			199	153
1935	3	15			159	159
1936	0	0			237	237
1937	1	2			133	122
1938	1	3			133	250
1939	2	3			122	250
1940	19	4			198	201
1941	29	23			201	219
1942	1	1018			93	93
1943	8	17			121	156
1944	16	6			199	121
1945	4	25			123	243
1946	1	4			136	169
1947	1	1			156	117
1948	0	0			121	190
1949	0	0			190	199
1950	0	0			121	190
1951	0	0			84	84
1952	0	0			156	84
1953	0	0			156	84
1954	97	3			228	171
1955	2	0			147	147
1956	164	139			159	133
1957	0	0			249	244
1958	0	0			150	164
1959	3673	6310			139	231
1960	0	299			108	105
1961	141	266			105	105
1962	15	248			105	105
1963	232	248			105	105
1964	318	69			105	108
1965	270	323			108	108
1966	0	0			251	525
1967	56	66			129	199
1968	1	1			165	179
1969	6	54			195	420
1970	88	57			251	247
1971	0	2			151	172
1972	31	46			191	220
1973	1	1			165	129
1974	208	127			224	167
1975	159	192			227	224
1976	0	0			109	204
1977	16	32			196	392
1978	0	1			126	150
1979	0	1			105	150
1980	2	1			152	187
1981	2	4			152	267
1982	1	4			187	267
1983	10	13			123	167
1984	0	8			93	93
1985	0	0			158	228
1986	32	28			142	136
1987	589	551			182	159
1988	696	353			201	128
1989	3	3			211	198
1990	11	198			115	118
1991	36	8			197	123
1992	94	45			207	213
1993	1	2			160	166
1994	3	3			143	166
1995	1	0			190	169
1996	2	3			99	126
1997	0	14			99	102
1998	30	3			102	126
1999	30	0			102	129
2000	21	5			204	102
2001	0	0			180	201
2002	0	0			168	98
2003	0	0			168	98
2004	49	17			163	106
2005	15	8			139	171
2006	0	1			186	199
2007	4	1			198	247
2008	0	3			153	169
2009	0	2			157	156
2010	15	13			135	141
2011	2	5			261	261
2012	0	0			147	127
2013	82	1			175	109
2014	31	22			142	175
2015	0	0			102	99
2016	7	15			160	162
2017	155	2609			117	254
2018	748	839			238	233
2019	0	0			97	200
2020	269	201			233	196
2021	145	138			186	193
2022	76	189			193	173
2023	0	0			93	90
2024	17	53			155	256
2025	6	137			102	245
2026	6	90			102	197
2027	63	104			162	201
2028	0	0			206	99
2029	0	5			148	78
2030	43	0			123	99
2031	52	21			209	142
2032	76	96			207	279
2033	39	104			237	195
2034	289	204			320	235
2035	6	4			144	81
2036	1	0			120	150
2037	209	8			171	156
2038	12	413			184	915
2039	17	0			108	96
2040	15	0			189	96
2041	15	17			189	108
2042	758	3338			125	228
2043	1820	1045			228	128
2044	0	0			192	111
2045	12	66			158	182
2046	12	129			158	208
2047	8	10			167	175
2048	22	29			150	209
2049	0	0			162	168
2050	0	20			125	231
2051	19	26			172	236
2052	0	0			327	185
2053	0	0			338	200
2054	41	22			205	138
2055	89	0			151	97
2056	97	64			218	167
2057	744	668			195	179
2058	0	0			210	156
2059	0	0			189	117
2060	28231	20935			168	151
2061	0	0			336	192
2062	0	0			192	192
2063	0	0			243	192
2064	0	0			243	192
2065	0	0			336	192
2066	0	0			336	243
2067	0	0			177	336
2068	37	152			215	212
2069	0	0			193	192
2070	13	201			111	170
2071	74	165			165	238
2072	250	291			174	177
2073	79	380			176	170
2074	2	2			198	207
2075	1	0			87	87
2076	14	5			197	157
2077	24	65			162	208
2078	44	52			218	151
2079	170	6			173	179
2080	178	196			219	201
2081	0	0			198	229
2082	72	94			249	159
2083	134	194			259	212
2084	151	153			212	211
2085	211	66			211	133
2086	15	12			178	158
2087	709	6			120	162
2088	5	2			176	231
2089	0	0			232	292
2090	0	0			165	146
2091	0	0			164	146
2092	0	0			164	165
2093	88	181			246	285
2094	0	0			233	265
2095	0	0			210	247
2096	0	0			268	223
2097	43	12			226	147
2098	27	7			372	136
2099	10	5			231	174
2100	19	6			220	217
2101	0	0			234	213
2102	29	0			263	183
2103	5	276			168	180
2104	296	125			312	153
2105	0	0			138	255
2106	0	0			138	255
2107	0	0			153	255
2108	0	0			153	138
2109	0	0			153	138
2110	23	3			291	170
2111	43	75			181	217
2112	0	0			139	164
2113	24	26			273	270
2114	0	0			182	300
2115	186	108			279	198
2116	100	78			198	152
2117	0	1			108	194
2118	0	0			144	147
2119	0	0			660	304
2120	743	429			193	164
2121	742	167			193	177
2122	0	4			226	220
2123	98	87			179	151
2124	0	0			83	77
2125	0	0			176	133
2126	0	0			157	196
2127	0	0			164	87
2128	0	0			87	222
2129	0	3			190	190
2130	49	77			149	191
2131	4466	7284			198	262
2132	130	103			254	202
2133	49	131			162	254
2134	11	35			161	236
2135	75	30			205	150
2136	24	2			212	114
2137	3	11			299	229
2138	68	63			151	166
2139	0	10			118	169
2140	39	30			192	198
2141	0	0			262	183
2142	537	1168			131	163
2143	35	49			178	236
2144	40	18			173	204
2145	8	1821			133	287
2146	1371	1821			280	287
2147	229	668			189	168
2148	11	26			167	197
2149	901	1274			189	270
2150	0	2			168	191
2151	0	7			168	291
2152	0	0			168	183
2153	30	47			184	153
2154	30	63			184	196
2155	1	0			159	141
2156	0	0			163	164
2157	133	117			228	210
2158	0	0			123	165
2159	229	329			219	213
2160	0	1			167	167
2161	0	0			164	129
2162	0	3			169	170
2163	0	0			125	212
2164	18	48			293	231
2165	0	0			190	129
2166	71	24			243	243
2167	0	0			177	133
2168	85	12			261	128
2169	8	66			184	149
2170	7	128			184	149
2171	0	0			129	156
2172	13	40			126	158
2173	0	0			130	159
2174	0	0			93	159
2175	45	117			156	221
2176	2	2			199	169
2177	1	2			193	169
2178	1	2			193	199
2179	30	29			153	170
2180	41	7			148	153
2181	43	24			148	153
2182	32	23			156	148
2183	5	18			153	126
2184	0	7			120	90
2185	0	1			120	90
2186	7	1			90	90
2187	57	19			239	144
2188	64	49			301	225
2189	0	0			168	98
2190	0	0			168	98
2191	23	28			490	166
2192	0	28			109	166
2193	0	23			109	490
2194	60	292			170	329
2195	60	161			170	227
2196	1635	2749			238	284
2197	4	5			216	207
2198	5	1			216	183
2199	3	7			135	149
2200	8	11			187	135
2201	25	0			108	111
2202	0	0			143	134
2203	505	451			168	168
2204	0	0			172	140
2205	128	33			235	189
2206	93	134			194	235
2207	6	0			176	149
2208	6	102			176	280
2209	0	99			149	249
2210	148	380			185	276
2211	17	90			128	218
2212	85	49			218	163
2213	25	33			151	164
2214	0	0			223	168
2215	2	0			1325	189
2216	0	0			234	169
2217	0	0			234	189
2218	0	0			169	189
2219	0	0			189	213
2220	0	0			213	186
2221	0	6			213	274
2222	0	0			187	186
2223	0	6			186	274
2224	29	84			149	220
2225	2	0			174	134
2226	42	110			189	254
2227	6	6			147	175
2228	1	1			221	255
2229	0	0			190	192
2230	6	1			150	87
2231	2	1			87	87
2232	2	2			138	255
2233	2	2			138	255
2234	5	2			153	255
2235	5	2			153	138
2236	2	3			153	138
2237	5	141			99	114
2238	164	130			198	177
2239	203	233			165	193
2240	0	0			220	664
2241	41	136			221	235
2242	112	0			206	210
2243	82	0			221	210
2244	179	0			206	77
2245	0	0			248	248
2246	0	0			127	127
2247	0	0			248	248
2248	0	0			127	127
2249	0	0			127	127
2250	0	0			127	127
2251	2	166			167	221
2252	0	0			169	126
2253	2164	1002			249	167
2254	1385	2398			190	249
2255	221	377			167	183
2256	1	1			156	150
2257	7	21			147	260
2258	1	2			135	154
2259	16	6			440	210
2260	1	0			198	230
2261	36	110			116	200
2262	30	2			87	87
2263	30	2			87	193
2264	0	0			218	103
2265	0	0			360	151
2266	1	2			112	184
2267	299	173			158	130
2268	7	15			157	116
2269	23	15			181	116
2270	7	50			157	169
2271	23	50			181	169
2272	516	420			231	219
2273	0	1			102	99
2274	40	167			220	428
2275	3	0			191	214
2276	19	1			197	106
2277	28	11			129	141
2278	0	0			230	204
2279	2	0			217	204
2280	0	0			200	175
2281	2	1			150	178
2282	5	0			136	167
2283	1	1			207	218
2284	0	1			193	192
2285	0	109			111	121
2286	95	84			191	149
2287	23	76			141	312
2288	0	0			166	224
2289	26	116			165	182
2290	22	94			141	165
2291	23	39			141	135
2292	31	120			172	173
2293	0	0			99	99
2294	12	0			134	99
2295	9	5			152	134
2296	7	0			152	134
2297	0	0			167	167
2298	0	0			83	83
2299	0	0			83	110
2300	0	0			83	83
2301	0	0			110	83
2302	1	1			132	141
2303	0	8			99	99
2304	1	7			120	117
2305	2	3			162	153
2306	0	3			92	95
2307	341	237			168	162
2308	6209	648			242	242
2309	10	75			259	583
2310	317	1298			194	92
2311	225	1298			245	92
2312	0	0			111	274
2313	107	0			158	108
2314	0	0			147	207
2315	0	0			129	163
2316	0	0			129	213
2317	0	0			129	173
2318	0	0			129	209
2319	0	0			129	178
2320	0	0			213	173
2321	0	0			213	209
2322	0	0			213	178
2323	0	0			153	215
2324	0	0			173	209
2325	0	0			173	178
2326	0	0			173	215
2327	0	0			209	178
2328	0	0			181	178
2329	0	0			178	123
2330	270	150			175	147
2331	3	2			166	152
2332	0	0			278	473
2333	0	0			166	234
2334	2	5			166	138
2335	0	0			163	146
2336	0	189			232	166
2337	2678	1078			276	167
2338	16	17			109	143
2339	30	45			186	194
2340	4	59			139	148
2341	0	0			154	144
2342	0	0			200	274
2343	343	195			305	154
2344	128	153			191	147
2345	5	25			121	260
2346	116	95			190	153
2347	0	0			163	111
2348	5913	4823			174	174
2349	209	161			351	351
2350	279	387			351	351
2351	952	1076			339	339
2352	1236	1359			339	339
2353	1296	1154			339	339
2354	0	0			169	203
2355	2	0			196	203
2356	22	1			176	120
2357	0	0			196	220
2358	762	946			132	177
2359	501	549			139	132
2360	1385	779			190	139
2361	1643	1181			247	190
2362	0	0			177	117
2363	87	74			390	198
2364	0	274			129	639
2365	24	9			177	243
2366	0	3			150	109
2367	0	1			94	94
2368	649	3875			204	165
2369	40	130			183	183
2370	39	160			183	183
2371	715	160			204	183
2372	715	39			204	183
2373	105276	3259			10564	171
2374	0	0			121	133
2375	12	3			145	164
2376	8	13			145	208
2377	0	0			126	193
2378	0	0			119	326
2379	0	0			202	99
2380	0	0			116	99
2381	0	0			116	202
2382	0	0			173	205
2383	0	0			210	173
2384	113	227			227	137
2385	12	17			237	306
2386	0	1			227	217
2387	1	1			285	278
2388	0	802			186	358
2389	0	333			186	186
2390	107	118			189	252
2391	4	4			258	258
2392	0	0			165	149
2393	0	1			179	179
2394	0	0			135	135
2395	0	3			159	159
2396	0	1			159	108
2397	0	0			288	180
2398	120	124			229	177
2399	0	0			193	192
2400	15	3			264	111
2401	0	3			174	138
2402	0	6			174	297
2403	8	7			423	357
2404	20	4			180	168
2405	0	0			123	192
2406	0	0			143	137
2407	0	0			151	220
2408	20	8			201	240
2409	2	37			78	78
2410	0	7			93	93
2411	1315	1501			195	180
2412	189	2024			195	195
2413	60	2			163	198
2414	0	0			90	78
2415	0	0			117	78
2416	120	201			168	177
2417	75	96			144	165
2418	5	16			130	186
2419	2	18			198	456
2420	2	0			169	215
2421	9	1			240	231
2422	117	848			213	286
2423	176	694			213	210
2424	36	0			210	210
2425	42	35			210	192
2426	14	10			270	258
2427	11	8			210	270
2428	0	18304			127	340
2429	503	281			172	163
2430	1022	228			204	162
2431	0	2			179	225
2432	235	175			189	171
2433	0	0			202	366
2434	129	71			229	143
2435	49	10			171	169
2436	0	1			186	186
2437	11	8			198	192
2438	1	12			137	178
2439	12	3			272	137
2440	21	2			256	113
2441	22	2			225	113
2442	19	6			256	113
2443	12	0			321	167
2444	0	0			464	228
2445	0	20			168	150
2446	4	2			182	163
2447	1604	3451			172	251
2448	0	1			125	411
2449	2	20			182	311
2450	28	348			174	293
2451	27	33			164	151
2452	7	9			155	170
2453	7	19			155	257
2454	0	35			157	203
2455	1469	1915			273	297
2456	59	36			169	126
2457	105	135			261	273
2458	67	44			231	140
2459	63	44			228	140
2460	228	0			260	222
2461	179	82			260	231
2462	0	8			124	117
2463	5	1			207	161
2464	0	0			161	161
2465	11	5			132	120
2466	6	12			141	138
2467	0	3			93	93
2468	2	1			191	280
2469	0	3			90	228
2470	5	1			312	192
2471	0	0			131	141
2472	0	0			179	96
2473	23	4			816	211
2474	10	59			337	536
2475	0	0			261	213
2476	0	0			160	245
2477	0	0			160	188
2478	0	0			175	208
2479	0	0			158	175
2480	6	4			81	170
2481	22	81			147	249
2482	0	0			163	390
2483	83	3235			201	171
2484	1	15			194	397
2485	5	27			121	188
2486	0	2			145	226
2487	0	1			130	178
2488	0	0			138	120
2489	3	0			208	127
2490	5	8			119	125
2491	92	245			417	183
2492	0	0			368	152
2493	270	193			247	220
2494	0	0			81	81
2495	0	0			172	172
2496	91	62			154	116
2497	0	0			264	264
2498	192	310			165	184
2499	0	0			173	192
2500	0	0			307	192
2501	36	15			315	115
2502	0	0			225	164
2503	0	0			145	160
2504	244	62			189	189
2505	160	31			189	189
2506	45	3			160	144
2507	25	44			173	220
2508	0	0			123	173
2509	0	8			93	93
2510	0	0			187	137
2511	11	12			240	240
2512	0	0			251	135
2513	0	0			191	133
2514	0	0			133	332
2515	1395	563			154	156
2516	407	813			128	159
2517	318	299			149	171
2518	25	42			176	250
2519	116	159			232	204
2520	21	8			180	121
2521	29	2			126	126
2522	27	14			126	138
2523	7	21			126	138
2524	0	49			149	173
2525	6	67			184	173
2526	45	38			201	224
2527	0	1			355	269
2528	35	53			165	156
2529	35	24			165	153
2530	38	48			165	156
2531	38	21			165	117
2532	48	21			156	117
2533	42	20			156	117
2534	8646	103			162	198
2535	6177	6148			171	145
2536	34	44			197	210
2537	57	62			146	149
2538	33	156			171	247
2539	16	15403			161	161
2540	61	50			188	150
2541	60	136			150	222
2542	0	0			198	152
2543	21	52			152	228
2544	10	269			142	159
2545	10	248			142	162
2546	38	32			142	113
2547	48	23			218	169
2548	112	39			327	204
2549	489	210			297	168
2550	12	27			162	196
2551	0	0			189	199
2552	10	11			156	177
2553	1	1			947	255
2554	410	50			257	158
2555	3	0			193	125
2556	3	0			178	308
2557	32	0			325	308
2558	32	3			325	178
2559	517	614			152	152
2560	137	561			147	172
2561	1292	2101			205	270
2562	0	0			168	98
2563	0	0			168	98
2564	2	0			224	157
2565	3	0			218	157
2566	1	0			190	160
2567	1	1			190	168
2568	0	1			160	168
2569	0	8			157	114
2570	17	52			171	197
2571	0	0			123	192
2572	30	47			137	185
2573	0	0			96	99
2574	2	0			248	171
2575	0	0			184	125
2576	13	21			153	185
2577	15	14			188	153
2578	7	22			187	188
2579	58	57			220	231
2580	0	0			147	147
2581	0	0			147	147
2582	0	0			155	192
2583	35	29			277	271
2584	83	183			193	361
2585	3	0			218	180
2586	0	0			173	180
2587	0	0			94	94
2588	0	0			87	87
2589	0	0			87	87
2590	0	0			87	87
2591	0	0			172	172
2592	15	32			182	312
2593	116	1			234	196
2594	12	24			137	211
2595	6	95			138	729
2596	7	5			268	297
2597	1	5			199	297
2598	0	0			219	210
2599	1793	960			303	180
2600	0	0			141	243
2601	0	0			141	243
2602	13	4			186	182
2603	13	5			273	144
2604	126	32			263	236
2605	0	0			154	187
2606	0	23			154	146
2607	0	14			154	137
2608	0	23			187	146
2609	0	14			187	137
2610	90	80			165	147
2611	22	48			168	241
2612	232	157			162	140
2613	211	297			140	215
2614	222	292			180	175
2615	0	0			123	192
2616	20	5			138	168
2617	2	2			174	214
2618	2	3			218	306
2619	2	14			218	226
2620	3	14			306	226
2621	0	0			226	199
2622	91	1			145	147
2623	10	40			150	147
2624	10	74			150	289
2625	1	55			146	147
2626	0	0			194	181
2627	1	1			247	125
2628	6	0			207	161
2629	7	0			173	247
2630	4	0			186	247
2631	3	0			166	247
2632	4	8			159	221
2633	8	5			177	147
2634	53	68			177	173
2635	53	239			129	292
2636	9	7			212	165
2637	0	7			144	165
2638	9	7			212	197
2639	0	8			131	212
2640	0	3			125	122
2641	10	15			199	237
2642	73	49			621	795
2643	0	0			109	143
2644	0	0			186	194
2645	0	0			219	189
2646	1	0			216	189
2647	3	0			126	148
2648	6	7			126	148
2649	6	1			126	148
2650	7	1			148	148
2651	8	0			148	148
2652	209	332			230	288
2653	2	2296			102	237
2654	15	23			185	164
2655	50	34			159	104
2656	59	42			173	204
2657	27	32			123	154
2658	617	645			258	254
2659	423	588			188	261
2660	1	0			189	177
2661	62	0			196	160
2662	15	159			168	867
2663	118	324			299	759
2664	12	80			120	117
2665	0	0			387	366
2666	0	0			366	207
2667	8	3			276	202
2668	5	2			154	118
2669	3	0			201	127
2670	0	119			197	277
2671	0	1			160	248
2672	0	0			204	160
2673	0	0			140	213
2674	93	193			168	132
2675	0	0			123	140
2676	2	6			232	460
2677	136	167			159	190
2678	0	0			123	192
2679	26	12			258	178
2680	107	268			165	291
2681	134	91			186	165
2682	386	133			165	100
2683	392	383			165	138
2684	475	462			174	165
2685	233	316			145	136
2686	0	0			147	150
2687	71	292			134	170
2688	4	0			352	180
2689	3	0			223	180
2690	3	1			352	180
2691	0	1			130	180
2692	29	1			156	180
2693	29	3			156	352
2694	29	0			156	130
2695	87	0			215	103
2696	3	246			186	320
2697	339	853			198	347
2698	2	3			208	219
2699	180	157			221	249
2700	180	64			221	154
2701	0	1			142	116
2702	0	0			195	386
2703	1	67			110	348
2704	53	6			348	122
2705	0	0			226	148
2706	0	4			180	279
2707	78	0			203	338
2708	0	0			192	228
2709	3	16			245	245
2710	4	29			126	212
2711	0	155			99	154
2712	1	133			129	145
2713	0	0			195	219
2714	421	122			178	136
2715	18	32			169	202
2716	30	15			202	139
2717	1	0			175	228
2718	1	0			704	228
2719	5	4			189	192
2720	14	26			204	177
2721	19	24			125	168
2722	0	0			96	102
2723	0	0			96	96
2724	238	145			214	214
2725	12	0			87	87
2726	0	0			177	162
2727	0	0			205	177
2728	0	0			132	205
2729	0	0			241	273
2730	0	1			403	121
2731	214	45			223	150
2732	214	168			223	227
2733	0	0			109	165
2734	0	0			247	196
2735	0	0			173	196
2736	0	0			228	196
2737	0	0			197	196
2738	0	0			173	247
2739	0	0			228	247
2740	0	0			197	247
2741	0	0			228	173
2742	0	0			197	173
2743	0	0			197	228
2744	0	0			123	192
2745	43	112			136	178
2746	41	0			90	198
2747	0	0			129	129
2748	52	127			184	192
2749	0	0			78	78
2750	0	0			78	78
2751	0	0			78	78
2752	0	0			220	220
2753	0	0			179	179
2754	0	0			159	159
2755	6	18			100	141
2756	47	37			190	155
2757	0	0			96	213
2758	0	0			208	147
2759	53	29			206	203
2760	0	10			159	147
2761	1	6			141	135
2762	22	35			128	146
2763	4	2			198	171
2764	2	0			158	108
2765	13	6			209	155
2766	6	5			242	213
2767	0	0			387	327
2768	40	50			171	154
2769	43	26			199	153
2770	3	0			220	173
2771	389	307			240	189
2772	10	5			126	105
2773	34	8			168	105
2774	9	8			117	105
2775	3	3			155	148
2776	82	97			186	156
2777	27	49			189	224
2778	8	6			101	130
2779	34	48			182	177
2780	13	48			284	177
2781	9577	1098			214	122
2782	6548	9869			219	214
2783	8421	10482			315	302
2784	8564	6569			315	192
2785	7550	11057			261	327
2786	7263	7314			228	261
2787	9561	6350			299	228
2788	2165	10740			127	299
2789	1	125			119	218
2790	669	411			204	150
2791	0	0			159	159
2792	0	0			123	181
2793	0	0			190	152
2794	5	0			237	132
2795	66	204			119	217
2796	349	218			281	219
2797	0	0			138	195
2798	2	217			101	196
2799	0	0			192	221
2800	0	0			177	221
2801	0	0			177	192
2802	0	1			148	214
2803	0	1			187	214
2804	0	0			138	140
2805	0	0			261	386
2806	0	0			128	261
2807	2	0			246	261
2808	0	0			168	98
2809	0	0			168	98
2810	20	4			267	158
2811	22	82			165	159
2812	72	101			224	192
2813	72	51			224	338
2814	90	136			192	311
2815	0	0			147	141
2816	1	2			154	225
2817	108	239			172	260
2818	61	102			180	181
2819	2252	2586			177	171
2820	13	9			165	129
2821	10	0			96	96
2822	14	12			161	230
2823	1	121			168	128
2824	720	1242			169	202
2825	16	19			141	149
2826	18	17			123	146
2827	15	16			141	123
2828	0	10			129	149
2829	10	24			221	139
2830	1	6			212	173
2831	1	11			212	221
2832	223	277			183	180
2833	5789	2246			640	229
2834	3748	2823			275	227
2835	0	0			147	141
2836	8	7			249	248
2837	9	1			233	173
2838	1	1			173	130
2839	23	8			226	168
2840	0	0			184	219
2841	411	196			715	173
2842	0	0			168	153
2843	0	2			110	241
2844	0	0			168	184
2845	121	126			267	278
2846	13	26			125	223
2847	16025	160514			178	298
2848	16659	160673			178	298
2849	1	3			155	114
2850	7	20			102	132
2851	5	82			102	184
2852	5	26			198	180
2853	278	159			184	126
2854	0	0			223	168
2855	10	62			168	169
2856	54	67			234	254
2857	7	58			178	250
2858	8	21			693	678
2859	2	50			173	339
2860	99	0			538	116
2861	13	0			132	116
2862	30	15			271	161
2863	25	25			120	144
2864	1484	1766			181	233
2865	128	125			254	144
2866	0	13			81	165
2867	9	7			155	150
2868	39	36			192	177
2869	0	1			132	159
2870	0	0			150	147
2871	0	0			145	159
2872	0	2			190	190
2873	2	4			208	164
2874	0	1			116	208
2875	43	0			87	151
2876	0	0			218	103
2877	0	0			360	151
2878	0	1			150	275
2879	230	645			101	165
2880	616	818			165	164
2881	34	74			162	234
2882	1	1			197	156
2883	0	3			194	128
2884	0	2			169	174
2885	0	0			152	148
2886	6	35			162	178
2887	6	12			162	112
2888	1	1			203	191
2889	31	0			145	214
2890	0	0			105	147
