ID	IJC_SAMPLE_1	SJC_SAMPLE_1	IJC_SAMPLE_2	SJC_SAMPLE_2	IncFormLen	SkipFormLen
0	0	0			150	137
1	0	0			150	137
2	0	0			150	150
3	0	0			150	98
4	0	0			150	98
5	0	0			138	150
6	0	0			138	150
7	0	0			150	150
8	0	0			150	138
9	0	0			150	138
10	0	0			150	137
11	0	0			150	137
12	0	0			150	150
13	0	0			138	150
14	0	0			138	150
15	0	0			150	150
16	0	0			150	138
17	0	0			150	138
18	0	0			123	150
19	0	0			150	137
20	0	0			150	137
21	0	0			150	150
22	0	0			138	150
23	0	0			138	150
24	0	0			150	150
25	0	0			150	138
26	0	0			150	138
27	0	0			150	150
28	0	0			150	108
29	0	0			150	111
30	0	0			123	150
31	0	0			150	137
32	0	0			150	137
33	0	0			150	150
34	0	0			138	150
35	0	0			138	150
36	0	0			150	150
37	0	0			150	138
38	0	0			150	138
39	0	0			123	150
40	0	0			150	137
41	0	0			150	137
42	0	0			150	150
43	0	0			150	98
44	0	0			150	98
45	0	0			150	111
46	0	0			150	150
47	0	0			150	150
48	0	0			150	150
49	0	0			147	141
50	0	0			150	103
51	0	0			150	150
52	0	0			150	150
53	0	0			111	150
54	0	0			150	103
55	0	0			150	150
56	0	0			147	141
57	0	0			150	103
58	0	0			150	150
59	0	0			150	150
60	0	0			147	141
61	0	0			111	150
62	0	0			150	150
63	0	0			147	141
64	0	0			150	150
65	0	0			150	103
66	0	0			150	150
67	0	0			84	102
68	0	0			148	150
69	0	0			150	150
70	0	0			150	150
71	0	0			141	150
72	0	0			138	150
73	0	0			150	150
74	0	0			99	126
75	0	0			99	102
76	0	0			102	126
77	0	0			102	129
78	0	0			150	150
79	0	0			150	150
80	0	0			150	150
81	0	0			150	121
82	0	0			150	150
83	0	0			150	150
84	0	0			150	150
85	0	0			150	150
86	0	0			150	150
87	0	0			150	150
88	0	0			150	150
89	0	0			150	150
90	0	0			150	108
91	0	0			126	150
92	0	0			150	103
93	0	0			150	150
94	0	0			150	150
95	0	0			150	150
96	0	1			150	150
97	0	0			123	150
98	0	0			106	150
99	0	0			150	150
100	9	13			138	150
101	4	3			150	150
102	60	128			150	150
103	0	0			150	150
104	0	0			150	111
105	0	0			150	150
106	0	0			150	150
107	0	57			115	150
108	0	0			111	105
109	0	0			150	150
110	0	0			150	114
111	0	2			150	123
112	0	1			150	150
113	11	13			150	150
114	3	0			150	121
115	3	0			150	150
116	3	0			93	90
117	6	1			150	150
118	0	0			144	111
119	0	0			93	93
120	0	0			150	126
121	0	0			150	150
122	0	0			126	150
123	8	17			150	150
124	90	4			150	150
125	21	0			150	150
126	8	22			123	140
127	7	2			150	150
128	0	0			150	150
129	15	7			150	146
130	0	46			150	150
131	5	15			150	150
132	0	0			150	150
133	1	2			136	150
134	0	0			150	150
135	1	35			150	150
136	0	0			150	150
137	12	8			142	150
138	2	0			150	150
139	2	1			150	150
140	1	0			150	150
141	18	97			128	150
142	31	3			115	118
143	82	149			150	150
144	15	8			150	146
145	7	1			150	150
146	6	0			150	113
147	7	0			150	113
148	0	0			150	150
149	12	44			150	150
150	2	13			146	150
151	1	3			146	150
152	0	1			150	119
153	0	2			150	130
154	2	0			150	119
155	1	2			119	130
156	0	4			150	150
157	1	4			150	130
158	2	17			121	150
159	2	18			121	150
160	0	18			150	150
161	2	18			150	150
162	0	2			150	121
163	2	2			150	121
164	1	11			147	144
165	0	0			150	150
166	0	0			150	133
167	0	4			129	148
168	2	4			150	150
169	2	4			150	150
170	19	5			150	150
171	1	17			150	150
172	27	25			150	143
173	0	0			141	150
174	0	6			150	150
175	58	24			150	132
176	11	13			150	150
177	19	16			150	150
178	1	2			150	144
179	0	0			117	150
180	0	0			150	150
181	0	0			150	150
182	0	0			123	150
183	13	73			150	150
184	4	19			150	150
185	48	37			150	150
186	1	60			150	150
187	0	0			150	150
188	0	0			150	150
189	183	5			148	150
190	0	1			150	150
191	14	55			148	123
192	18	54			131	150
193	0	0			141	139
194	0	0			150	118
195	0	0			150	150
196	0	0			150	150
197	0	0			150	150
198	3	0			150	122
199	2	3			150	150
200	1	0			106	150
201	0	1			97	97
202	0	0			111	150
203	0	0			150	103
204	0	0			150	150
205	0	3			150	150
206	1120	2059			150	150
207	0	0			150	150
208	0	0			136	150
209	0	0			147	150
210	1	0			133	150
211	14	19			150	143
212	101	212			119	136
213	19	38			150	150
214	12	0			150	150
215	1	3			148	150
216	112	184			150	150
217	103	4			150	150
218	357	15			150	141
219	31	113			150	150
220	21	113			150	150
221	0	0			150	150
222	50	33			136	150
223	61	46			150	136
224	62	46			144	136
225	12	0			150	120
226	15	154			150	150
227	8	4542			150	135
228	0	0			150	150
229	0	0			150	150
230	0	0			124	121
231	2	0			150	150
232	283	271			150	150
233	321	555			150	117
234	0	0			122	119
235	1	44			150	150
236	3	1			150	150
237	6	14			150	150
238	42	65			150	150
239	0	0			150	118
240	1	0			150	150
241	85	1			85	85
242	2	0			150	150
243	0	0			143	143
244	0	0			103	143
245	1	1			150	150
246	6	49			150	150
247	0	1			150	150
248	102	0			138	150
249	304	0			150	150
250	0	3			150	150
251	97	287			125	150
252	1	9			91	150
253	4	7			108	123
254	40	48			150	138
255	0	0			150	150
256	0	0			150	150
257	0	0			150	150
258	0	0			150	150
259	15	5			150	150
260	12	1			150	150
261	4	1			150	150
262	8	0			133	102
263	1	72			150	122
264	110	72			150	122
265	36	28			150	150
266	36	34			150	150
267	6	14			150	150
268	0	0			150	150
269	7	53			150	150
270	98	78			150	150
271	11	7			150	150
272	0	0			150	132
273	8	4			150	150
274	57	207			150	114
275	34	42			144	150
276	0	0			150	150
277	0	0			150	150
278	0	0			150	150
279	0	0			150	150
280	15	1			150	150
281	0	0			150	150
282	0	0			150	150
283	0	0			125	143
284	0	0			150	150
285	0	0			150	150
286	0	0			150	150
287	0	0			150	150
288	0	0			150	150
289	0	0			150	136
290	0	0			116	150
291	0	0			123	150
292	0	0			150	150
293	0	21			150	141
294	14	19			150	150
295	12	0			150	150
296	44	59			150	150
297	0	0			150	150
298	0	0			150	150
299	0	0			150	150
300	0	0			150	150
301	0	0			150	150
302	0	0			150	150
303	0	0			150	150
304	0	0			150	150
305	0	0			150	150
306	0	0			150	150
307	0	0			150	150
308	0	0			150	150
309	13	21			145	150
310	0	6			150	150
311	324	811			150	150
312	0	0			150	150
313	0	0			150	150
314	0	0			150	121
315	6	20			150	108
316	2	11			108	150
317	23	43			122	150
318	10	40			117	149
319	0	2			131	125
320	92	0			150	150
321	57	0			150	150
322	174	198			150	132
323	1	2			149	150
324	146	106			150	150
325	19	381			124	150
326	23	0			148	150
327	0	0			150	150
328	0	0			150	150
329	1	17			150	144
330	0	0			150	150
331	172	213			150	150
332	0	0			150	150
333	5	14			138	150
334	1	1			120	120
335	1	0			133	150
336	3	0			150	114
337	2	12			150	150
338	6	8			150	150
339	852	1032			138	150
340	645	765			150	138
341	17	3			150	134
342	1	1			127	126
343	8	7			150	150
344	22	62			129	150
345	0	0			150	123
346	0	0			150	150
347	4	152			150	143
348	5	152			150	143
349	0	0			150	150
350	0	3			129	150
351	12	22			150	144
352	9	11			150	150
353	15	10			150	150
354	0	174			100	100
355	27	39			119	150
356	36	0			127	119
357	123	248			150	150
358	1	0			150	95
359	0	0			150	96
360	23	30			124	150
361	0	0			135	150
362	0	1			150	150
363	0	2			150	150
364	0	0			150	150
365	9	13			150	150
366	7	4			150	150
367	1	0			150	142
368	0	0			150	150
369	22	11			150	136
370	23	25			136	150
371	338	423			150	150
372	5	0			150	138
373	5	0			150	147
374	0	0			138	147
375	10	16			123	150
376	1	3			150	150
377	4	4			150	150
378	0	4			150	150
379	3	2			150	150
380	6	18			150	150
381	5	149			117	150
382	97	116			150	150
383	0	0			150	150
384	1	0			150	133
385	0	0			108	135
386	8	22			150	150
387	0	0			150	150
388	0	0			150	150
389	2	112			150	148
390	0	0			150	150
391	0	2			150	150
392	26	0			140	150
393	1126	1557			114	150
394	1165	1081			135	102
395	51	18			150	150
396	2	4			150	150
397	2	1			150	150
398	0	1			150	150
399	2	4			150	150
400	2	1			150	150
401	0	1			150	150
402	0	0			150	150
403	0	0			150	150
404	0	0			150	150
405	0	0			150	104
406	2	0			150	150
407	0	0			150	150
408	1	1			150	150
409	1	3			95	150
410	17081	8109			150	150
411	3	4			150	150
412	3	4			150	150
413	0	0			84	84
414	6	10			150	150
415	0	0			150	150
416	14	8			150	150
417	0	2			102	150
418	3	24			128	150
419	26	6			150	128
420	63	107			150	150
421	17	52			150	150
422	9	62			150	135
423	7	14			150	129
424	0	9			147	147
425	4	29			150	150
426	19	29			150	150
427	19	4			150	150
428	12	1			150	133
429	0	0			150	150
430	0	0			150	150
431	6	3			150	146
432	61	3			150	150
433	127	39			150	150
434	0	0			150	150
435	4	3			150	150
436	3	35			150	150
437	2	3			150	150
438	51	3			150	150
439	51	2			150	150
440	132	1			127	150
441	52	5			150	150
442	292	424			143	150
443	9	5			150	150
444	39	43			147	150
445	22	42			150	150
446	21	36			150	150
447	4	0			150	150
448	2	1			150	150
449	23	56			150	150
450	1256	0			147	150
451	4	0			150	84
452	4	0			150	84
453	4	4			150	150
454	1	11			150	150
455	46	77			150	150
456	83	118			150	150
457	498	673			150	150
458	540	625			150	150
459	387	491			150	150
460	231	493			150	150
461	233	332			150	150
462	0	0			150	150
463	1	13			146	150
464	59	221			150	150
465	321	371			150	144
466	0	0			145	150
467	0	0			145	150
468	9	16			150	149
469	0	4			150	150
470	3	13			150	150
471	2	6			150	150
472	52	74			150	150
473	43	71			143	143
474	0	0			150	150
475	0	0			150	119
476	0	0			79	82
477	0	0			150	150
478	1	0			150	150
479	1	0			150	150
480	0	0			150	150
481	1	9			108	120
482	0	17			108	144
483	0	3			108	102
484	0	0			78	150
485	17	332			150	150
486	17	120			150	150
487	0	2			111	150
488	12	23			150	150
489	3	0			150	150
490	11	26			150	150
491	0	9			150	150
492	10	5			150	150
493	0	0			113	137
494	106	139			150	150
495	37	91			118	150
496	94	162			150	150
497	8	8			150	150
498	16	42			150	150
499	7	10			150	150
500	397	323			150	144
501	1205	1229			150	150
502	0	0			150	150
503	0	0			150	125
504	85	170			148	150
505	1	0			150	150
506	0	0			150	81
507	0	0			138	150
508	0	0			150	150
509	0	3			150	150
510	0	3			150	150
511	0	0			150	150
512	0	0			150	150
513	29	32			150	150
514	3	4			150	150
515	44	101			150	150
516	249	66			150	150
517	12	0			149	137
518	2	9			150	150
519	0	0			98	98
520	0	0			81	81
521	8	0			128	132
522	0	0			150	105
523	0	0			117	105
524	0	2			150	150
525	19	27			150	146
526	0	0			150	150
527	0	1			150	150
528	3	1			150	150
529	3	7			147	144
530	16	7			147	150
531	50	107			133	147
532	135	115			147	150
533	109	167			150	140
534	455	1131			150	150
535	0	2			150	150
536	15	14			114	149
537	0	0			147	141
538	1	2			150	150
539	0	0			150	146
540	3	0			84	84
541	10	5			150	150
542	111	209			150	150
543	70	65			150	106
544	0	0			150	150
545	3	2			150	150
546	0	0			150	150
547	4	0			150	150
548	25	17			144	108
549	82	110			150	150
550	0	0			150	141
551	274	626			150	150
552	0	0			150	150
553	776	10972			150	150
554	10836	96868			150	150
555	10	36826			150	150
556	32	23			150	130
557	32	36			150	150
558	32	36			150	150
559	0	7			150	150
560	0	10			150	115
561	1	15			150	140
562	22	15			150	140
563	0	0			150	150
564	3	6			150	150
565	0	0			150	150
566	2411	2034			150	150
567	5	1			126	150
568	0	0			150	150
569	4	9			150	120
570	0	5			150	135
571	0	0			96	96
572	21	17			150	116
573	121	51			150	150
574	135	41			150	150
575	70	106			150	150
576	0	0			150	150
577	2	22			150	144
578	0	0			129	137
579	0	0			150	150
580	120	0			100	100
581	1	4			150	150
582	0	0			150	150
583	0	0			150	150
584	5	3			150	114
585	115	184			150	150
586	0	0			150	125
587	0	0			150	150
588	13	14			150	147
589	3	3			150	142
590	3	0			142	150
591	0	0			142	111
592	0	0			150	150
593	10	2			133	150
594	9	0			150	114
595	551	812			150	150
596	4	13			137	150
597	0	0			150	150
598	2	15			150	150
599	0	0			150	150
600	17	184			150	150
601	0	0			150	150
602	1	0			150	148
603	27	40			150	150
604	0	0			150	150
605	1	4			103	150
606	0	0			150	150
607	0	19			76	150
608	0	0			138	150
609	12	7			150	150
610	1	0			150	150
611	9	15			143	150
612	3	0			150	138
613	37	0			150	138
614	37	3			150	150
615	0	0			110	127
616	0	0			126	150
617	6	11			150	150
618	2	2			125	150
619	0	0			150	142
620	0	0			150	150
621	2	0			150	150
622	72	63			150	134
623	0	0			143	150
624	0	0			141	150
625	1166	1116			143	150
626	0	0			123	99
627	0	2			150	150
628	0	0			150	131
629	0	0			150	150
630	3	5			150	150
631	0	3			150	150
632	1	4			150	150
633	1	15			150	150
634	33	55			150	150
635	12	17			126	150
636	6	2			150	150
637	5	3			150	150
638	0	0			150	150
639	0	3			150	150
640	0	3			150	150
641	66	2			150	149
642	16	10			150	150
643	0	0			120	150
644	0	0			147	150
645	3	6			150	150
646	0	0			150	150
647	0	0			135	150
648	0	0			150	150
649	0	2			150	126
650	0	17			121	144
651	0	8			150	110
652	20	31			150	150
653	15	12			150	150
654	539	0			150	150
655	1212	3913			150	150
656	1	10			150	138
657	12	23			150	138
658	0	2			114	150
659	4	40			150	150
660	2	81			150	150
661	1	35			150	146
662	6	0			150	150
663	4	0			150	150
664	1	17			143	150
665	2	8			150	142
666	9	3			150	150
667	9	3			150	150
668	9	8			150	150
669	0	0			81	81
670	172	132			150	146
671	3	2			150	150
672	3	1			150	150
673	1	1			150	150
674	1	3			150	150
675	0	0			150	102
676	0	0			111	114
677	1	0			134	118
678	1	56			150	150
679	1	0			150	150
680	0	0			150	150
681	0	1			150	150
682	0	0			87	84
683	0	0			150	147
684	0	0			150	150
685	0	0			150	150
686	19	38			150	150
687	97	0			142	106
688	64	45			150	150
689	28	0			83	83
690	0	0			150	150
691	0	0			84	84
692	0	6			150	150
693	6	0			92	92
694	0	0			99	99
695	0	0			150	150
696	2	0			150	144
697	2	0			150	150
698	0	0			144	150
699	7	7			150	150
700	0	2			150	150
701	0	2			150	133
702	0	1			150	150
703	2	1			150	150
704	2	1			133	150
705	0	0			150	150
706	0	0			150	150
707	26	13			132	150
708	65	7			150	150
709	0	1			150	150
710	0	0			150	109
711	0	0			150	150
712	0	0			150	150
713	5	8			150	150
714	134	1			150	150
715	2	11			139	136
716	10	18			150	141
717	3	2			150	150
718	18	51			150	150
719	0	0			125	136
720	0	0			150	128
721	1	2			150	150
722	80	1			150	150
723	157	59			147	150
724	20	0			150	132
725	2	0			150	132
726	2	20			150	150
727	4	18			112	150
728	583	5			150	150
729	823	5			107	113
730	4	3			150	150
731	0	8			150	150
732	0	0			150	150
733	5	21			150	150
734	5	16			150	124
735	8	1			150	150
736	8	0			150	124
737	8	42			150	150
738	0	33			150	150
739	0	17			150	110
740	1	42			150	150
741	0	42			124	150
742	0	0			138	149
743	29	0			150	150
744	11	0			150	150
745	0	0			150	150
746	2	3			150	114
747	1	0			150	150
748	0	0			114	150
749	2	1			122	147
750	1	5			150	150
751	5	4			150	108
752	1	0			150	143
753	2	0			97	99
754	3	0			150	150
755	2	1			120	120
756	0	0			135	150
757	2	1			150	150
758	0	0			150	150
759	19	4			150	108
760	22	59			113	150
761	0	1			87	87
762	0	0			102	150
763	9	27			150	150
764	27	43			136	150
765	40	57			150	150
766	0	2			150	150
767	522	447			150	150
768	13	54			124	150
769	2	0			99	100
770	0	0			150	150
771	25	40			150	150
772	0	0			150	150
773	0	0			150	150
774	10	41			114	150
775	7	5			150	150
776	29	44			150	150
777	4	57349			150	150
778	14429	57349			143	150
779	0	0			90	90
780	0	0			90	78
781	0	0			117	78
782	1	6			150	150
783	0	130			113	142
784	46	130			142	142
785	46	0			142	113
786	21	20			150	150
787	0	0			150	150
788	0	0			150	150
789	0	0			148	150
790	0	0			150	150
791	0	0			148	150
792	5	6			150	150
793	5	8			136	150
794	1	7			109	141
795	1	92			147	150
796	1	92			150	150
797	4	0			150	121
798	38	0			136	128
799	1	26			150	150
800	0	2			150	138
801	0	0			150	150
802	10	51			150	150
803	1	0			150	150
804	0	1			150	150
805	0	1			150	150
806	0	0			150	150
807	0	0			150	150
808	0	0			87	90
809	0	0			128	150
810	649	1998			103	150
811	1358	1998			150	150
812	4	4			150	150
813	8	36			113	150
814	4	2			150	133
815	12	1			150	150
816	0	2			150	150
817	0	0			150	150
818	7	0			150	105
819	0	33			87	87
820	1	0			150	150
821	0	0			150	150
822	0	0			150	150
823	0	0			150	150
824	36	35			150	150
825	1	14			80	150
826	0	0			150	124
827	0	0			150	106
828	0	1			150	150
829	0	0			150	150
830	1	23			102	120
831	13	12			132	150
832	1	0			150	150
833	0	0			150	150
834	2	1			150	150
835	0	1			150	150
836	9	8			141	149
837	9	8			141	150
838	5	2			150	150
839	0	0			150	150
840	34	108			114	102
841	18	108			126	102
842	148	47			150	102
843	151	36			150	102
844	8	38			150	150
845	71	0			150	150
846	0	0			150	150
847	0	0			150	131
848	0	0			150	131
849	0	20			98	150
850	0	1			150	150
851	17	1			150	150
852	0	2			150	150
853	0	34			150	150
854	1	0			117	150
855	0	31			150	150
856	0	0			150	150
857	0	0			150	150
858	3	0			150	150
859	2	6			150	150
860	0	0			127	129
861	0	0			150	150
862	8	15			150	150
863	0	0			150	150
864	0	0			150	150
865	4	3			141	150
866	0	0			110	150
867	0	0			110	150
868	0	0			150	146
869	0	36			124	128
870	47	1			150	150
871	0	6			150	136
872	2	9			150	150
873	0	0			98	95
874	0	5			130	150
875	0	0			150	150
876	0	17			106	150
877	81	88			150	135
878	0	118			79	150
879	3	6			98	150
880	0	2			150	150
881	21	0			150	150
882	14	34			150	150
883	3	3			150	150
884	0	1			132	132
885	0	0			93	93
886	0	0			96	90
887	0	0			96	90
888	1	0			87	99
889	0	1			116	116
890	0	0			150	150
891	5	15			146	150
892	12	10			150	150
893	9	0			98	101
894	105	145			150	150
895	334	407			150	150
896	37	100			150	150
897	28	51			150	150
898	0	77			150	150
899	18	32			150	150
900	6	20			150	150
901	0	7			150	150
902	0	0			150	150
903	4	1			150	150
904	0	5			138	150
905	9	15			150	150
906	13	18			150	150
907	95	135			150	150
908	10	6			127	112
909	86	120			150	150
910	0	6			150	150
911	0	0			150	150
912	1	20			136	150
913	0	0			150	150
914	0	0			150	136
915	0	0			150	136
916	2	0			146	150
917	1	20			150	150
918	12	11			150	150
919	2	39			150	122
920	8	20			150	150
921	16	61			109	126
922	17	3			150	150
923	4	1			150	135
924	2	1			150	135
925	0	0			141	150
926	0	0			138	150
927	68	89			150	150
928	2	0			87	87
929	0	3			150	150
930	8	1			150	150
931	16	27			150	150
932	0	0			150	98
933	0	0			146	135
934	0	0			150	150
935	85	354			130	150
936	85	195			130	121
937	83	554			130	150
938	171	555			150	150
939	1	0			150	150
940	9	26			150	123
941	11	49			107	134
942	4	11			150	150
943	0	8			150	150
944	0	0			81	81
945	0	23			150	150
946	3	8			150	150
947	16	24			150	137
948	0	0			150	150
949	0	0			150	150
950	0	0			150	150
951	0	0			150	150
952	0	0			84	84
953	1	45			123	150
954	1	1			150	150
955	0	0			150	150
956	0	0			150	131
957	1	4			143	119
958	2	4			150	119
959	1	0			150	150
960	0	0			138	150
961	18	24			127	150
962	9	18			150	137
963	0	0			150	150
964	37	24			150	111
965	0	0			150	150
966	0	0			150	150
967	0	1			150	150
968	27	46			137	150
969	0	1			150	150
970	27	29			150	150
971	0	4			150	150
972	0	0			150	127
973	4	0			150	127
974	0	0			96	90
975	0	6			150	150
976	4	6			150	150
977	0	4			150	150
978	0	6			150	150
979	0	2			150	150
980	4	0			150	150
981	72	95			150	150
982	0	0			150	95
983	0	0			150	137
984	0	0			95	137
985	0	0			147	141
986	2	0			150	141
987	2	0			150	147
988	30	65			108	150
989	3	0			148	150
990	1	0			150	150
991	1	0			150	150
992	0	0			150	150
993	1	0			150	150
994	1	0			150	150
995	0	25			150	147
996	141	96			150	102
997	0	0			81	81
998	0	0			150	150
999	0	30			81	144
1000	0	30			81	144
1001	0	0			81	81
1002	66	42			150	150
1003	0	0			150	150
1004	81	37			150	135
1005	0	0			150	150
1006	32	23			150	150
1007	35	14			139	150
1008	2	3			148	150
1009	0	0			150	137
1010	10	14			150	150
1011	0	0			150	150
1012	1	0			132	150
1013	1	6			148	150
1014	1	6			148	150
1015	81	13			138	97
1016	23	14			150	150
1017	0	0			150	150
1018	0	0			150	150
1019	44	23			138	99
1020	32	72			150	150
1021	0	0			150	150
1022	1	0			150	150
1023	1154	1769			150	150
1024	0	0			150	150
1025	0	0			150	150
1026	33	43			150	150
1027	0	2			150	150
1028	0	0			150	150
1029	116	102			150	131
1030	0	0			150	150
1031	0	0			150	150
1032	17	22			150	150
1033	22	22			150	150
1034	7	0			90	93
1035	2	0			147	150
1036	7	7			150	150
1037	0	0			150	103
1038	1	0			150	150
1039	0	0			120	150
1040	0	0			150	150
1041	0	0			150	120
1042	0	0			150	120
1043	0	0			150	150
1044	0	6			150	150
1045	0	1			111	114
1046	94	87			150	147
1047	0	3			150	150
1048	1	3			150	150
1049	2	0			150	150
1050	0	14			121	135
1051	0	5			119	112
1052	22	45			125	150
1053	25	38			125	125
1054	0	17			102	150
1055	0	0			90	87
1056	2	6			150	150
1057	186	330			133	150
1058	1	0			96	96
1059	0	0			150	150
1060	12	21			150	150
1061	1	4			150	150
1062	0	20			150	150
1063	2	1			114	144
1064	0	0			147	141
1065	10	9			150	150
1066	153	53			150	150
1067	0	0			150	150
1068	0	0			150	150
1069	34	88			136	150
1070	10	174			150	150
1071	163	174			132	150
1072	5	2			126	123
1073	5	3			126	150
1074	1	2			129	135
1075	0	1			111	135
1076	1	2			111	150
1077	1	0			129	150
1078	30	36			150	150
1079	7	13			150	150
1080	0	0			110	93
1081	0	0			150	150
1082	0	0			150	150
1083	0	0			150	150
1084	0	0			150	150
1085	2	0			150	150
1086	2	0			150	150
1087	2	8			148	150
1088	7	4			150	150
1089	0	1			150	114
1090	0	3			150	126
1091	0	0			132	150
1092	0	0			150	150
1093	34	44			150	150
1094	80	0			150	150
1095	20	1011			150	150
1096	22	0			150	150
1097	50	38			150	150
1098	0	61			150	135
1099	0	0			140	150
1100	0	0			142	150
1101	2	0			90	105
1102	8	6			150	150
1103	10	6			150	150
1104	0	0			150	150
1105	0	2			150	136
1106	13	15			120	140
1107	4	11			150	150
1108	1	0			150	150
1109	0	0			150	150
1110	0	0			150	150
1111	0	0			150	150
1112	0	1			150	150
1113	0	1			150	150
1114	0	1			150	150
1115	0	0			150	150
1116	0	0			150	150
1117	1	5			121	150
1118	1	0			121	133
1119	0	0			150	133
1120	0	1			150	121
1121	2	2			141	150
1122	0	43			150	150
1123	0	0			150	150
1124	2	26			150	150
1125	27	14			150	144
1126	0	0			150	150
1127	1	1			150	150
1128	3	6			150	150
1129	4	3			150	150
1130	3	16			102	150
1131	0	2			150	150
1132	103	297			150	150
1133	38	35			149	150
1134	0	1			150	100
1135	2	1			150	150
1136	0	0			150	114
1137	15	4			150	150
1138	0	0			150	98
1139	0	0			150	150
1140	0	2			150	150
1141	0	2			150	150
1142	0	0			150	150
1143	0	4			150	150
1144	1330	1013			150	150
1145	0	0			150	150
1146	0	0			84	96
1147	0	0			144	93
1148	0	0			102	117
1149	1	0			133	117
1150	1	0			150	109
1151	0	0			150	109
1152	0	0			150	150
1153	50	41			144	132
1154	1	1			135	150
1155	176	270			150	150
1156	35	99			113	129
1157	15	13			150	150
1158	1579	3255			150	150
1159	18	110			113	150
1160	0	0			150	106
1161	2	9			150	150
1162	5	3			124	150
1163	0	0			150	150
1164	0	0			150	150
1165	1	8			111	150
1166	9	0			150	150
1167	9	10			150	150
1168	0	10			150	150
1169	0	0			150	150
1170	0	0			123	150
1171	10	3			150	150
1172	7	5			150	122
1173	1	6			150	150
1174	22	22			150	150
1175	16	16			150	150
1176	0	0			150	130
1177	0	0			150	149
1178	11	8			150	150
1179	11	6			150	150
1180	11	6			150	121
1181	6	6			150	121
1182	8	6			150	150
1183	8	6			150	121
1184	15	6			150	121
1185	0	6			150	150
1186	0	0			150	150
1187	3	1			147	137
1188	9	10			150	150
1189	0	0			114	150
1190	0	0			133	150
1191	24	0			150	87
1192	39	41			150	150
1193	28	57			150	150
1194	1	0			150	150
1195	0	0			150	150
1196	0	0			150	150
1197	1	18			150	150
1198	0	10			150	150
1199	0	0			84	93
1200	0	2			150	150
1201	25	26			150	146
1202	0	0			110	150
1203	0	3			150	150
1204	0	2			137	150
1205	13	18			150	150
1206	8	24			150	150
1207	0	0			150	150
1208	14	0			150	150
1209	3	1			150	150
1210	10	2			150	150
1211	31	73			150	150
1212	0	0			150	150
1213	0	0			78	78
1214	0	0			150	150
1215	98	146			150	150
1216	82	91			150	150
1217	82	2			150	118
1218	16	18			150	150
1219	56	57			150	139
1220	61	61			150	150
1221	6	61			139	150
1222	44	58			139	150
1223	2	1			133	150
1224	7	0			150	150
1225	0	0			150	99
1226	0	27			150	81
1227	0	0			128	150
1228	14	26			150	150
1229	71	129			150	150
1230	107	104			150	150
1231	1	1			150	150
1232	5	10			150	150
1233	0	0			134	150
1234	0	0			114	150
1235	0	0			150	92
1236	0	1			150	127
1237	0	0			150	150
1238	0	5			150	150
1239	79	41			150	150
1240	0	2			148	150
1241	1	0			150	150
1242	1	0			150	150
1243	1	0			150	150
1244	0	0			150	150
1245	0	0			150	150
1246	0	0			150	150
1247	0	0			150	150
1248	0	0			150	103
1249	0	0			150	150
1250	1	0			150	150
1251	0	55			144	150
1252	0	0			150	133
1253	1	0			150	150
1254	0	0			150	150
1255	0	0			149	149
1256	6	10			150	150
1257	5	5			150	150
1258	2	1			150	150
1259	267	451			150	150
1260	0	22			105	133
1261	35	6			150	123
1262	1	1			150	150
1263	2	1			150	150
1264	1	1			150	150
1265	1	1			150	150
1266	1	2			150	150
1267	0	0			121	147
1268	0	0			150	150
1269	0	3			150	140
1270	30	27			150	150
1271	18	11			137	150
1272	20	17			137	150
1273	0	0			150	150
1274	43	41			150	150
1275	27	6			150	150
1276	1037	1116			150	150
1277	438	289			150	128
1278	779	1162			135	150
1279	38	55			150	150
1280	0	0			144	131
1281	44	29			150	150
1282	0	0			126	150
1283	58	38			150	131
1284	30	63			120	150
1285	29	38			120	131
1286	351	18			150	150
1287	38	132			150	150
1288	0	0			150	150
1289	1	0			150	121
1290	6	18			150	150
1291	0	1			150	150
1292	184	15			150	150
1293	0	0			150	150
1294	1	0			99	99
1295	1	0			134	150
1296	2	0			150	150
1297	0	0			150	150
1298	2	25			129	150
1299	8	0			125	115
1300	4	11			150	138
1301	0	1			150	150
1302	0	0			150	150
1303	0	0			150	150
1304	0	0			141	150
1305	0	0			150	130
1306	0	0			150	130
1307	0	0			150	150
1308	0	0			150	150
1309	0	0			150	150
1310	0	0			150	150
1311	0	0			150	136
1312	0	1			150	150
1313	2	1			150	150
1314	78	89			141	143
1315	79	101			143	146
1316	108	100			146	133
1317	41	54			150	150
1318	5	41			146	150
1319	0	0			134	150
1320	18	13			150	150
1321	0	0			96	96
1322	16	6			150	150
1323	14	21			150	150
1324	12	8			150	150
1325	0	0			147	141
1326	2145	2638			150	150
1327	581	985			150	150
1328	470	985			150	150
1329	470	581			150	150
1330	909	1193			150	150
1331	1	120			150	140
1332	37	14			150	150
1333	0	0			123	150
1334	0	0			123	150
1335	0	0			123	78
1336	0	0			150	78
1337	0	0			150	78
1338	0	37			150	150
1339	27	24			150	121
1340	538	0			79	79
1341	0	117			150	150
1342	1671	3776			150	150
1343	0	0			150	150
1344	0	2			150	150
1345	3	0			150	150
1346	3	0			150	150
1347	7	3			150	150
1348	191	15			113	136
1349	0	0			150	150
1350	0	0			115	150
1351	0	0			139	128
1352	355	599			150	150
1353	84	172			150	150
1354	0	0			108	123
1355	13	24			150	150
1356	85	0			128	79
1357	0	0			150	150
1358	0	0			150	150
1359	0	0			150	150
1360	15	75			150	144
1361	47	0			150	76
1362	0	0			150	136
1363	0	0			150	150
1364	0	0			150	150
1365	0	0			150	150
1366	0	7			150	131
1367	0	7			150	131
1368	0	0			150	150
1369	0	0			150	122
1370	16	13			150	150
1371	0	0			150	150
1372	43	61			114	132
1373	28	45			150	150
1374	0	4			150	122
1375	0	0			150	150
1376	0	0			150	150
1377	10	26			150	150
1378	0	0			81	81
1379	15	25			130	150
1380	72	91			150	129
1381	229	252			150	150
1382	0	3			96	96
1383	0	5			96	93
1384	514	972			150	150
1385	283	762			118	150
1386	248	87			133	150
1387	20	30			129	150
1388	0	0			150	150
1389	0	0			150	150
1390	0	2			142	150
1391	0	2			114	145
1392	0	0			150	150
1393	0	0			150	150
1394	0	0			150	150
1395	0	3			150	145
1396	0	0			150	150
1397	0	0			150	150
1398	0	3			150	145
1399	0	3			150	145
1400	0	3			150	145
1401	0	0			123	150
1402	37	40			150	150
1403	0	0			150	108
1404	8	62			141	120
1405	6	0			126	99
1406	0	2			150	150
1407	0	1			150	150
1408	0	1			150	150
1409	0	0			150	150
1410	0	0			150	150
1411	5	379			150	150
1412	22	4			150	150
1413	225	790			150	150
1414	222	1330			150	150
1415	381	1312			150	150
1416	0	0			96	90
1417	3	1			150	150
1418	2	11			150	150
1419	85	7			150	150
1420	9	24			150	150
1421	0	4			150	150
1422	0	0			150	150
1423	0	7			150	150
1424	2	0			150	150
1425	0	2			150	150
1426	0	0			144	150
1427	0	0			150	150
1428	56	4			150	150
1429	2	6			150	150
1430	0	0			87	87
1431	0	0			150	147
1432	0	0			150	147
1433	0	6			79	150
1434	0	4			150	150
1435	0	4			150	150
1436	0	1			139	150
1437	6	33			150	150
1438	297	316			150	150
1439	2	571			84	150
1440	0	0			150	150
1441	21	33			123	150
1442	245	296			150	150
1443	3	4			150	150
1444	282	499			150	150
1445	214	374			150	150
1446	5	3			150	135
1447	34	32			150	136
1448	1	331			98	98
1449	13	28			150	150
1450	0	0			140	125
1451	0	0			150	107
1452	0	1			150	150
1453	6	6			106	150
1454	38	80			138	150
1455	4	1			150	90
1456	4	4			150	150
1457	0	0			111	150
1458	11	24			150	150
1459	4	59			150	150
1460	0	4			120	150
1461	1	1			150	150
1462	75	50			150	140
1463	78	81			150	120
1464	0	146			132	150
1465	27	18			150	143
1466	0	3			150	150
1467	0	3			105	150
1468	0	0			105	150
1469	0	0			150	150
1470	37	35			150	150
1471	6	17			126	150
1472	0	36			82	150
1473	0	0			150	150
1474	0	0			150	150
1475	319	704			150	150
1476	5	0			150	150
1477	5	0			150	150
1478	10	0			150	150
1479	18	1356			150	150
1480	923	1356			111	150
1481	15	16			110	125
1482	29	16			150	125
1483	3	0			147	150
1484	28	18			150	150
1485	0	12			147	147
1486	0	0			150	150
1487	0	0			150	150
1488	0	0			150	150
1489	0	0			150	150
1490	0	0			150	150
1491	0	21			150	150
1492	0	6			150	150
1493	0	1			106	106
1494	0	1			100	100
1495	12	1			150	150
1496	111	0			150	150
1497	223	0			150	150
1498	0	0			150	150
1499	522	1069			150	150
1500	9	24			150	150
1501	324	0			150	150
1502	1	61			150	150
1503	1	75			150	150
1504	1	59			150	150
1505	0	1			150	150
1506	0	0			150	150
1507	1	0			131	150
1508	82	73			150	150
1509	4	2			150	150
1510	11	3			150	150
1511	31	0			84	87
1512	228	80			150	119
1513	215	0			132	150
1514	1	0			138	115
1515	6	4			150	150
1516	16	3			150	132
1517	0	3			150	150
1518	0	0			150	150
1519	0	0			150	108
1520	4	13			124	150
1521	0	1			150	150
1522	2	0			150	150
1523	4	16			150	150
1524	13	0			141	150
1525	0	0			150	137
1526	0	0			150	137
1527	0	0			150	150
1528	8	7			150	150
1529	0	0			123	150
1530	0	26			118	150
1531	228	152			150	135
1532	0	0			93	126
1533	0	11			150	150
1534	0	0			150	150
1535	0	0			150	150
1536	2	0			150	150
1537	7	11			150	150
1538	3	0			150	129
1539	310	501			150	150
1540	0	0			150	150
1541	202	242			150	150
1542	60	22			150	143
1543	0	0			150	98
1544	0	0			150	98
1545	608	1053			150	150
1546	421	764			150	150
1547	6	0			150	128
1548	0	1			150	150
1549	9	24			150	150
1550	3	3			150	139
1551	0	15			150	150
1552	39	41			150	150
1553	22	6			150	150
1554	0	1			150	145
1555	81	254			150	150
1556	142	498			150	150
1557	5	0			150	150
1558	26	65			150	150
1559	0	0			150	150
1560	0	7			129	114
1561	4	162			150	150
1562	29	131			135	150
1563	12	13			142	150
1564	0	0			144	150
1565	0	0			144	150
1566	0	0			150	150
1567	0	2			150	132
1568	32	32			150	150
1569	1	0			142	150
1570	0	5			96	93
1571	0	0			150	98
1572	0	0			150	98
1573	0	0			120	150
1574	16	635			150	150
1575	5	635			150	150
1576	0	0			150	150
1577	1	4			150	150
1578	4	0			150	150
1579	3	1			141	150
1580	0	0			99	132
1581	11	68			150	150
1582	11	62			150	135
1583	68	62			150	135
1584	80	123			150	150
1585	0	10			149	150
1586	0	7			149	150
1587	6	1			150	150
1588	5	1			150	150
1589	7	9			150	150
1590	8	5			150	150
1591	1	217			150	150
1592	0	0			77	150
1593	100	138			146	146
1594	1	5			150	150
1595	3	0			150	80
1596	36	58			150	150
1597	10	15			150	150
1598	19	0			150	135
1599	43	4			150	150
1600	15	21			144	144
1601	14	42			150	150
1602	0	0			111	150
1603	18	13			150	150
1604	15	18			150	150
1605	13	16			150	150
1606	0	35			150	150
1607	14	53			150	150
1608	2	0			150	150
1609	226	0			150	79
1610	106	90			150	150
1611	45	0			150	150
1612	9	20			125	150
1613	16	22			125	150
1614	0	22			127	150
1615	6	20			125	150
1616	0	19			131	125
1617	15	0			150	150
1618	0	0			116	150
1619	5	0			150	150
1620	0	1			150	150
1621	6	7			150	150
1622	0	0			150	150
1623	0	0			150	150
1624	0	0			150	150
1625	0	0			150	150
1626	183	16			150	141
1627	12	48			150	150
1628	0	0			127	150
1629	0	37			133	150
1630	0	0			104	150
1631	0	0			132	150
1632	0	0			150	150
1633	0	0			93	93
1634	0	0			93	150
1635	2	3			150	141
1636	11	16			150	150
1637	10	2			150	150
1638	10	21			150	149
1639	2	21			150	149
1640	6	45			150	150
1641	0	0			150	114
1642	0	0			150	114
1643	0	0			150	150
1644	0	0			150	150
1645	0	0			150	150
1646	0	3			150	150
1647	0	0			134	150
1648	0	0			134	150
1649	0	5			134	150
1650	0	0			150	150
1651	0	3			150	150
1652	0	0			150	150
1653	0	0			150	137
1654	0	0			150	137
1655	0	0			150	150
1656	254	467			150	139
1657	1	13			150	150
1658	21	8			150	150
1659	4	163			150	150
1660	4	163			150	150
1661	0	0			150	150
1662	11	3			150	150
1663	2	0			150	122
1664	0	18			150	150
1665	10	9			150	150
1666	41	62			150	114
1667	36	62			150	114
1668	5	5			114	150
1669	0	1			135	117
1670	0	1			108	117
1671	0	0			108	135
1672	0	0			108	135
1673	17	0			148	148
1674	1	5			142	150
1675	4	5			120	150
1676	6	10			150	142
1677	0	8			120	142
1678	2	1			117	150
1679	6	1			120	150
1680	2	1			117	150
1681	2	1			120	150
1682	0	4			150	150
1683	1	10			150	150
1684	0	0			150	150
1685	0	0			135	147
1686	1	5			115	130
1687	1	13			115	130
1688	11	198			150	132
1689	5	198			150	132
1690	6	17			150	150
1691	0	8			150	150
1692	0	0			133	122
1693	0	2			133	150
1694	0	2			122	150
1695	4	0			150	150
1696	0	2			93	93
1697	3	12			121	150
1698	7	8			150	121
1699	0	11			123	150
1700	3	3			150	117
1701	0	0			121	150
1702	0	0			150	150
1703	0	0			121	150
1704	0	0			84	84
1705	0	0			150	84
1706	0	0			150	84
1707	7	0			150	150
1708	1	1			147	147
1709	92	109			150	133
1710	0	0			150	150
1711	6	1			150	150
1712	412	828			150	150
1713	415	469			139	150
1714	0	0			150	150
1715	0	0			150	150
1716	5	4			150	150
1717	22	20			150	150
1718	171	263			150	150
1719	0	0			150	150
1720	0	2			150	129
1721	60	47			150	150
1722	35	43			150	150
1723	0	0			109	150
1724	0	1			150	150
1725	1	0			126	150
1726	1	0			105	150
1727	0	0			150	150
1728	0	0			150	150
1729	0	0			150	150
1730	1	2			123	150
1731	23	31			150	150
1732	1	0			150	150
1733	0	0			93	93
1734	0	0			150	150
1735	20	20			142	136
1736	129	260			139	150
1737	31	39			150	150
1738	27	36			150	128
1739	0	0			150	150
1740	0	0			115	118
1741	10	8			150	123
1742	21	13			150	150
1743	3	5			150	150
1744	1	1			143	150
1745	0	0			150	150
1746	1	0			99	126
1747	0	0			99	102
1748	0	0			102	126
1749	0	0			102	129
1750	6	12			150	102
1751	0	0			150	150
1752	6	89			114	150
1753	0	0			150	98
1754	0	0			150	98
1755	51	43			139	150
1756	3	0			150	150
1757	1	0			150	150
1758	111	173			150	150
1759	0	1			150	150
1760	0	2			150	150
1761	25	3			135	141
1762	1	2			150	150
1763	0	0			147	127
1764	17	8			150	109
1765	15	1			142	150
1766	0	1			102	99
1767	8	9			150	150
1768	120	132			150	150
1769	20	497			97	150
1770	281	257			150	150
1771	301	227			150	150
1772	38	280			150	150
1773	0	0			93	90
1774	0	59			102	150
1775	0	42			102	150
1776	27	18			150	124
1777	24	11			150	150
1778	0	0			150	99
1779	0	11			148	78
1780	3	0			123	99
1781	3	5			150	142
1782	1	2			150	150
1783	30	14			150	96
1784	819	908			150	150
1785	0	0			144	81
1786	0	0			120	150
1787	160	7			150	150
1788	23	5			101	150
1789	8	10			150	150
1790	1	0			108	96
1791	2	0			150	96
1792	2	1			150	108
1793	0	0			150	111
1794	1	9			150	150
1795	1	26			150	150
1796	11	30			150	150
1797	6	2			150	150
1798	0	0			150	150
1799	0	0			125	150
1800	9	0			150	150
1801	1	0			150	150
1802	26	31			150	150
1803	36	0			150	97
1804	142	340			150	150
1805	142	346			150	150
1806	4	4			150	150
1807	0	0			150	150
1808	1	0			150	117
1809	0	1			150	150
1810	1	1			150	150
1811	0	1			150	150
1812	0	1			150	150
1813	0	1			150	150
1814	0	1			150	150
1815	0	0			150	150
1816	1	6			150	150
1817	0	0			150	150
1818	2	16			111	150
1819	94	107			150	150
1820	405	408			150	150
1821	0	1			150	150
1822	0	0			87	87
1823	4	2			150	150
1824	7	9			150	150
1825	12	14			150	150
1826	75	0			150	150
1827	6	7			150	150
1828	17	30			150	150
1829	1	0			150	150
1830	3	102			150	150
1831	3	123			150	150
1832	28	0			120	150
1833	1	90			131	150
1834	0	0			150	150
1835	0	0			150	150
1836	1	3			150	146
1837	0	3			150	146
1838	0	1			150	150
1839	58	89			150	150
1840	2	92			150	150
1841	1	92			150	150
1842	0	0			150	150
1843	0	2			150	150
1844	0	0			150	150
1845	11	9			150	147
1846	1	65			150	150
1847	1	67			150	150
1848	1	55			150	150
1849	5	5			150	150
1850	0	0			150	150
1851	20	1			150	150
1852	6	118			150	150
1853	0	0			138	150
1854	0	0			138	150
1855	0	0			150	150
1856	0	0			150	138
1857	0	0			150	138
1858	3	9			150	150
1859	3	4			150	150
1860	0	0			139	150
1861	2	4			150	150
1862	0	0			150	150
1863	20	33			150	150
1864	20	26			150	150
1865	0	1			108	150
1866	604	765			150	150
1867	976	876			150	150
1868	0	0			144	147
1869	0	0			150	150
1870	87	0			150	150
1871	25	9			150	150
1872	12	32			150	150
1873	0	0			83	77
1874	0	0			150	133
1875	0	0			150	150
1876	0	0			150	87
1877	0	0			87	150
1878	0	0			150	150
1879	24	28			149	150
1880	183	200			150	150
1881	3	5			150	150
1882	2	16			150	150
1883	11	6			150	114
1884	12	90			150	150
1885	17	153			150	136
1886	0	5			118	150
1887	20	7			150	150
1888	0	0			150	150
1889	8	48			150	150
1890	1	0			150	150
1891	1	0			150	150
1892	1	0			150	150
1893	27	22			150	150
1894	27	23			150	150
1895	6	4			150	150
1896	0	0			150	141
1897	0	0			150	150
1898	0	0			123	150
1899	3	0			150	150
1900	0	0			150	150
1901	1	0			150	129
1902	0	1			150	150
1903	0	0			125	150
1904	0	28			150	150
1905	2	0			150	129
1906	202	176			150	150
1907	41	22			150	150
1908	2173	12439			150	143
1909	0	0			150	133
1910	0	61			150	149
1911	2	118			150	149
1912	0	0			129	150
1913	17	34			126	150
1914	0	0			130	150
1915	0	0			93	150
1916	73	80			150	150
1917	0	0			150	150
1918	0	0			150	150
1919	0	0			150	150
1920	26	46			150	150
1921	31	45			150	150
1922	12	15			150	150
1923	15	1			148	150
1924	15	16			148	150
1925	6	11			150	148
1926	6	1			150	126
1927	2	2			120	90
1928	2	0			120	90
1929	2	0			90	90
1930	3	4			150	144
1931	228	1521			150	150
1932	0	0			150	98
1933	0	0			150	98
1934	0	55			150	150
1935	0	55			109	150
1936	0	0			109	150
1937	1	32			150	150
1938	1	10			150	150
1939	3	9			150	150
1940	3	3			150	150
1941	1	5			135	149
1942	0	5			150	135
1943	6	0			108	111
1944	4	10			143	134
1945	0	0			150	140
1946	3	0			150	149
1947	3	12			150	150
1948	0	16			149	150
1949	4	14			128	150
1950	6	14			150	150
1951	22	50			150	150
1952	0	0			150	150
1953	0	3			150	150
1954	0	0			150	150
1955	0	3			150	150
1956	0	3			150	150
1957	2	2			150	150
1958	3	0			150	150
1959	3	0			150	150
1960	0	2			150	150
1961	2	0			150	150
1962	231	433			149	150
1963	0	0			150	134
1964	1	4			147	150
1965	0	0			150	150
1966	0	0			150	150
1967	26	1			150	87
1968	2	1			87	87
1969	0	1			138	150
1970	0	1			138	150
1971	0	1			150	150
1972	0	0			150	138
1973	0	0			150	138
1974	35	46			150	150
1975	136	173			150	150
1976	0	0			150	150
1977	0	18			150	150
1978	6	0			150	150
1979	4	0			150	150
1980	346	0			150	77
1981	0	0			150	150
1982	0	0			127	127
1983	0	2			150	150
1984	0	0			127	127
1985	0	0			127	127
1986	0	0			127	127
1987	0	28			150	150
1988	0	0			150	126
1989	5	16			150	150
1990	2	0			150	150
1991	3	5			147	150
1992	2	0			135	150
1993	3	1			150	150
1994	1	0			150	150
1995	1	31			116	150
1996	29	0			87	87
1997	29	1			87	150
1998	0	0			150	103
1999	0	0			150	150
2000	0	5			112	150
2001	8	13			150	116
2002	14	13			150	116
2003	8	43			150	150
2004	14	43			150	150
2005	2	629			150	150
2006	61	23			150	150
2007	4	6			150	150
2008	0	0			102	99
2009	1	0			150	150
2010	30	21			150	106
2011	4	2			129	141
2012	0	0			150	150
2013	0	0			150	150
2014	0	0			150	150
2015	3	0			150	150
2016	4	0			136	150
2017	0	0			150	150
2018	0	0			150	150
2019	278	1000			150	150
2020	111	577			150	150
2021	1	208			111	121
2022	32	24			141	150
2023	0	0			150	150
2024	53	66			150	150
2025	6	66			150	150
2026	0	0			99	99
2027	0	0			134	99
2028	1	0			150	134
2029	0	0			150	134
2030	0	0			150	150
2031	0	1			83	83
2032	0	0			83	110
2033	0	0			83	83
2034	0	0			110	83
2035	0	0			132	141
2036	0	1			99	99
2037	1	2			120	117
2038	2	0			150	150
2039	0	1			92	95
2040	2	48			150	150
2041	2	3			150	150
2042	18	3			150	92
2043	15	3			150	92
2044	0	0			111	150
2045	26	1			150	108
2046	0	0			147	150
2047	0	0			129	150
2048	0	0			129	150
2049	0	0			129	150
2050	0	2			129	150
2051	0	0			129	150
2052	0	0			150	150
2053	0	2			150	150
2054	0	0			150	150
2055	0	0			150	150
2056	0	2			150	150
2057	0	0			150	150
2058	0	0			150	150
2059	2	0			150	150
2060	0	0			150	150
2061	0	0			150	123
2062	45	135			128	150
2063	118	109			150	147
2064	3	3			150	150
2065	1	0			150	150
2066	0	0			150	150
2067	9	63			150	138
2068	1	0			150	146
2069	0	19			150	150
2070	1	7			109	143
2071	13	15			150	150
2072	3	82			139	148
2073	11	4			150	150
2074	0	0			150	144
2075	0	0			150	150
2076	14	20			150	147
2077	3	5			150	150
2078	40	68			150	150
2079	62	74			150	150
2080	0	0			150	111
2081	20	28			150	150
2082	29	33			150	150
2083	11	0			150	120
2084	0	0			150	150
2085	0	0			150	117
2086	2	12			150	150
2087	2	13			129	150
2088	6	0			150	150
2089	28	5			150	109
2090	0	1			94	94
2091	30	2			150	150
2092	0	0			121	133
2093	5	5			145	150
2094	2	6			145	150
2095	0	0			126	150
2096	36	60			150	150
2097	15	80			150	150
2098	0	0			119	150
2099	0	0			150	99
2100	0	0			116	99
2101	0	0			116	150
2102	0	0			150	150
2103	0	0			150	150
2104	3	0			150	150
2105	1	3			150	150
2106	2	3			150	150
2107	0	42			150	150
2108	0	42			150	150
2109	26	26			150	150
2110	2	0			150	150
2111	0	2			150	149
2112	0	0			150	150
2113	0	0			135	135
2114	0	0			150	150
2115	0	0			150	108
2116	0	0			150	150
2117	34	85			147	150
2118	28	85			111	150
2119	6	18			150	150
2120	0	0			150	150
2121	3	0			150	111
2122	0	1			150	138
2123	0	1			150	150
2124	1	1			150	150
2125	10	5			150	150
2126	0	0			123	150
2127	0	0			143	137
2128	1	17			150	150
2129	0	0			150	150
2130	704	1241			150	150
2131	0	2			78	78
2132	0	0			93	93
2133	0	0			150	150
2134	115	0			150	150
2135	282	660			150	150
2136	0	0			90	78
2137	0	0			117	78
2138	0	5			150	150
2139	10	37			130	150
2140	29	37			150	150
2141	2	0			150	150
2142	0	9			150	150
2143	13	13			150	150
2144	28	0			150	150
2145	172	1001			150	150
2146	8	5			150	150
2147	9	19			150	150
2148	7	7			150	150
2149	0	1			127	150
2150	3	0			150	150
2151	0	0			150	150
2152	2	4			150	150
2153	36	37			150	150
2154	0	0			150	150
2155	13	0			150	150
2156	2	0			150	150
2157	12	1			150	150
2158	10	8			150	137
2159	47	3			150	113
2160	67	3			150	113
2161	47	10			150	113
2162	0	0			150	150
2163	1	2			150	150
2164	0	0			150	150
2165	0	0			150	150
2166	2	0			125	150
2167	1	6			150	150
2168	39	34			150	150
2169	15	18			150	150
2170	5	3			150	150
2171	5	3			150	150
2172	0	1			150	150
2173	21	18			150	126
2174	29	27			150	150
2175	8	4			150	150
2176	14	0			150	150
2177	11	18			150	150
2178	11	19			150	150
2179	2	0			150	78
2180	6	4			150	150
2181	9837	19178			150	150
2182	12	3091			150	150
2183	175	4831			150	150
2184	0	0			124	117
2185	1	0			150	150
2186	0	0			150	150
2187	0	0			132	120
2188	0	0			141	138
2189	217	284			142	150
2190	0	0			93	93
2191	1	0			90	150
2192	0	3			131	141
2193	0	0			150	96
2194	0	0			150	150
2195	0	5			150	150
2196	0	1			150	150
2197	0	1			150	150
2198	0	0			150	150
2199	0	0			150	150
2200	0	0			150	150
2201	1	11			81	150
2202	13	15			147	150
2203	0	0			150	150
2204	4	7			150	150
2205	0	0			145	150
2206	0	0			130	150
2207	0	0			138	120
2208	41	84			150	150
2209	37	66			150	150
2210	1	1			150	127
2211	0	0			119	125
2212	83	92			150	150
2213	0	0			150	150
2214	48	19			150	150
2215	0	0			81	81
2216	0	0			150	150
2217	41	52			150	142
2218	0	0			150	150
2219	22	25			150	150
2220	0	0			150	150
2221	0	0			150	150
2222	0	19			150	115
2223	1	1			150	150
2224	0	0			145	150
2225	110	79			150	150
2226	36	72			124	150
2227	4	0			150	144
2228	12	14			150	113
2229	0	5			123	150
2230	0	0			93	93
2231	0	0			150	137
2232	0	0			150	150
2233	0	0			150	135
2234	0	0			150	133
2235	0	0			133	150
2236	188	392			128	150
2237	31	71			150	150
2238	43	18			150	121
2239	2	0			126	126
2240	3	1			126	138
2241	0	0			126	138
2242	0	19			149	150
2243	1	19			150	150
2244	2	2			150	150
2245	3	0			150	150
2246	15	41			150	150
2247	15	14			150	150
2248	13	14			150	117
2249	58	75			150	145
2250	9	14			150	150
2251	29	56			146	149
2252	12	54			150	150
2253	0	2			150	150
2254	15	40			150	150
2255	46	37			150	150
2256	0	0			150	150
2257	77839	270788			150	150
2258	13	243670			150	150
2259	141941	243670			150	150
2260	141935	58			150	150
2261	49	20			142	113
2262	22	35			150	150
2263	33	45			150	150
2264	5	4			150	150
2265	0	0			150	150
2266	2	9			150	150
2267	1	0			150	150
2268	65	65			127	125
2269	87	10			150	150
2270	1558	5229			150	150
2271	1565	5			150	150
2272	1565	2223			150	150
2273	2	0			150	125
2274	0	0			150	150
2275	16	0			150	150
2276	16	0			150	150
2277	157	477			150	150
2278	133	158			147	150
2279	0	0			150	98
2280	0	0			150	98
2281	1	0			150	150
2282	2	0			150	150
2283	0	0			150	150
2284	0	0			150	150
2285	0	0			150	150
2286	0	3			150	114
2287	0	7			150	150
2288	0	0			123	150
2289	3	8			150	150
2290	117	89			145	122
2291	901	823			150	150
2292	0	0			96	99
2293	4	1			150	150
2294	1	0			150	125
2295	30	25			150	150
2296	8	25			150	150
2297	163	197			147	147
2298	34	181			147	147
2299	22	143			147	129
2300	8	131			147	129
2301	128	165			147	129
2302	0	0			150	150
2303	0	1			150	150
2304	2	1			150	150
2305	4	1			150	150
2306	0	10			94	94
2307	0	0			87	87
2308	0	0			87	87
2309	0	0			87	87
2310	0	0			150	150
2311	3	5			150	150
2312	3	5			150	150
2313	72	1			150	150
2314	14	24			150	137
2315	8	7			138	150
2316	10	0			150	150
2317	11	0			150	150
2318	0	0			150	150
2319	0	0			141	150
2320	0	0			141	150
2321	4	16			150	150
2322	3	9			150	144
2323	30	0			150	150
2324	0	2			150	150
2325	0	5			150	146
2326	0	3			150	137
2327	2	5			150	146
2328	2	3			150	137
2329	2	3			150	147
2330	0	0			123	150
2331	11	14			138	150
2332	193	160			150	150
2333	0	4			150	150
2334	0	6			150	150
2335	4	6			150	150
2336	21	23			150	150
2337	67	2			145	147
2338	10	41			150	147
2339	10	16			150	150
2340	0	58			146	147
2341	10	0			150	150
2342	74	8			150	150
2343	0	0			150	150
2344	0	0			150	150
2345	0	0			150	150
2346	4	6			150	150
2347	44	63			150	135
2348	28	38			150	150
2349	10	9			150	150
2350	134	522			129	150
2351	2	1			150	150
2352	0	1			144	150
2353	2	1			150	150
2354	3	2			131	150
2355	0	2			125	122
2356	23	107			150	150
2357	1	1			150	150
2358	0	0			109	143
2359	0	0			150	150
2360	2	0			150	150
2361	2	0			150	150
2362	0	3			126	148
2363	1	4			126	148
2364	1	11			126	148
2365	4	11			148	148
2366	2	8			148	148
2367	105	155			128	150
2368	6	5			150	104
2369	3	3			150	150
2370	211	352			150	150
2371	0	1			150	150
2372	1	1			150	150
2373	4	13			150	150
2374	18	56			120	117
2375	106	109			150	150
2376	0	0			150	150
2377	0	0			150	150
2378	4	9			150	150
2379	10	7			150	118
2380	0	1			150	127
2381	0	39			150	150
2382	208	422			150	150
2383	8	3			150	150
2384	3	1			150	150
2385	0	0			140	150
2386	0	0			123	140
2387	0	0			150	150
2388	7	10			150	150
2389	0	0			123	150
2390	11	7			150	150
2391	31	37			150	150
2392	44	59			150	150
2393	198	136			150	100
2394	202	298			150	138
2395	204	284			150	150
2396	132	174			145	136
2397	0	0			147	150
2398	38	141			134	150
2399	1	0			150	150
2400	1	0			150	150
2401	0	0			150	150
2402	0	0			130	150
2403	14	0			150	150
2404	14	0			150	150
2405	14	0			150	130
2406	60	2			150	103
2407	0	15			150	150
2408	0	0			150	150
2409	0	3			142	116
2410	0	0			150	150
2411	2	4			110	150
2412	1	6			150	122
2413	0	0			150	148
2414	0	0			150	150
2415	5	0			150	150
2416	0	0			150	150
2417	59	20			150	150
2418	63	20			150	150
2419	6	3			126	150
2420	11	14			150	150
2421	6	10			150	150
2422	9	8			150	139
2423	8	27			134	150
2424	3	55			150	150
2425	0	0			96	102
2426	0	0			96	96
2427	49	17			150	150
2428	42	1			87	87
2429	0	0			150	150
2430	0	0			150	150
2431	0	0			132	150
2432	0	0			150	150
2433	2	19			150	150
2434	0	2			150	121
2435	0	0			109	150
2436	0	2			150	150
2437	0	2			150	150
2438	0	2			150	150
2439	0	2			150	150
2440	0	0			150	150
2441	0	0			150	150
2442	0	0			150	150
2443	0	0			150	150
2444	0	0			150	150
2445	0	0			150	150
2446	0	0			123	150
2447	59	98			136	150
2448	48	1			150	136
2449	51	60			150	136
2450	0	0			90	150
2451	0	0			129	129
2452	4	57			150	150
2453	0	0			78	78
2454	0	0			78	78
2455	0	0			78	78
2456	90	1			150	150
2457	0	0			150	150
2458	0	0			150	150
2459	11	16			150	150
2460	0	0			96	150
2461	0	0			150	147
2462	64	3			150	150
2463	0	2			150	147
2464	0	0			141	135
2465	104	186			128	146
2466	11	0			150	150
2467	3	0			150	108
2468	2	0			150	150
2469	0	0			150	150
2470	17	52			150	142
2471	0	3			150	150
2472	5	2			150	105
2473	3	2			117	105
2474	3	2			150	148
2475	15	28			150	150
2476	239	182			150	150
2477	13	10			150	150
2478	1	3			101	130
2479	11	25			150	150
2480	2	25			150	150
2481	13	0			150	150
2482	0	120			119	150
2483	0	0			150	150
2484	0	0			123	150
2485	58	66			150	150
2486	60	1			150	150
2487	74	80			150	141
2488	412	486			150	150
2489	0	0			150	132
2490	15	78			119	150
2491	0	0			138	150
2492	0	28			101	150
2493	0	0			150	150
2494	0	0			150	150
2495	0	0			150	150
2496	0	0			148	150
2497	0	0			150	150
2498	0	0			138	140
2499	0	0			150	150
2500	0	0			128	150
2501	0	0			150	150
2502	6	2			150	98
2503	8	4			150	98
2504	1	18			150	150
2505	11	32			150	150
2506	11	13			150	150
2507	15	41			150	150
2508	0	0			147	141
2509	42	65			150	150
2510	5	17			150	150
2511	22	7			150	129
2512	0	0			96	96
2513	6	5			150	150
2514	73	1047			150	140
2515	3951	6907			150	150
2516	0	86			150	128
2517	36	20			149	150
2518	24	18			146	149
2519	9	33			123	146
2520	16	23			141	123
2521	4	6			129	149
2522	0	4			150	139
2523	2	1			150	150
2524	72	41			140	150
2525	16	47			150	150
2526	0	0			147	141
2527	3	6			150	150
2528	1	0			150	150
2529	0	5			150	130
2530	6	5			150	150
2531	4	1			150	150
2532	2	3			150	150
2533	0	55			150	150
2534	2	0			150	150
2535	0	0			110	150
2536	0	0			150	150
2537	0	1			150	114
2538	0	0			102	132
2539	0	7			150	150
2540	0	0			150	150
2541	2	3			128	150
2542	0	5			150	150
2543	0	0			150	150
2544	0	9			150	150
2545	38	0			150	116
2546	30	0			132	116
2547	6	95			150	150
2548	6	5			120	144
2549	22	119			150	144
2550	125	125			150	150
2551	0	16			81	150
2552	8365	11731			150	150
2553	8365	95			150	102
2554	4446	2271			126	114
2555	4446	2864			126	129
2556	16	14			150	150
2557	14	30			150	150
2558	0	0			132	150
2559	1	0			150	147
2560	0	0			145	150
2561	0	1			150	150
2562	0	2			150	150
2563	0	0			116	150
2564	3	490			150	150
2565	476	952			150	150
2566	1	0			87	150
2567	0	0			150	103
2568	0	0			150	150
2569	0	0			150	150
2570	16	46			150	150
2571	39	123			150	150
2572	2	0			150	150
2573	0	1			150	128
2574	1	1			150	150
2575	0	0			150	148
2576	0	0			150	150
2577	0	0			150	112
2578	0	0			150	150
2579	7	0			145	150
2580	0	0			105	147
