ID	IJC_SAMPLE_1	SJC_SAMPLE_1	IJC_SAMPLE_2	SJC_SAMPLE_2	IncFormLen	SkipFormLen
0	0	0			150	137
1	0	0			150	137
2	0	0			150	150
3	0	0			150	98
4	0	0			150	98
5	0	0			138	150
6	0	0			138	150
7	0	0			150	150
8	0	0			150	138
9	0	0			150	138
10	0	0			150	137
11	0	0			150	137
12	0	0			150	150
13	0	0			138	150
14	0	0			138	150
15	0	0			150	150
16	0	0			150	138
17	0	0			150	138
18	0	0			123	150
19	0	0			150	137
20	0	0			150	137
21	0	0			150	150
22	0	0			138	150
23	0	0			138	150
24	0	0			150	150
25	0	0			150	138
26	0	0			150	138
27	0	0			150	150
28	0	0			150	108
29	0	0			150	111
30	0	0			123	150
31	0	0			150	137
32	0	0			150	137
33	0	0			150	150
34	0	0			138	150
35	0	0			138	150
36	0	0			150	150
37	0	0			150	138
38	0	0			150	138
39	0	0			123	150
40	0	0			150	137
41	0	0			150	137
42	0	0			150	150
43	0	0			150	98
44	0	0			150	98
45	0	0			150	111
46	0	0			150	150
47	0	0			150	150
48	0	0			150	150
49	0	0			147	141
50	0	0			150	103
51	0	0			150	150
52	0	0			150	150
53	0	0			111	150
54	0	0			150	103
55	0	0			150	150
56	0	0			147	141
57	0	0			150	103
58	0	0			150	150
59	0	0			150	150
60	0	0			147	141
61	0	0			111	150
62	0	0			150	150
63	0	0			147	141
64	0	0			150	150
65	0	0			150	103
66	0	0			150	150
67	0	0			84	102
68	0	0			148	150
69	0	0			150	150
70	0	0			150	150
71	0	0			141	150
72	0	0			138	150
73	0	0			150	150
74	0	0			99	126
75	0	0			99	102
76	0	0			102	126
77	0	0			102	129
78	0	0			150	150
79	0	0			150	150
80	0	0			150	150
81	0	0			150	121
82	0	0			150	150
83	0	0			150	150
84	0	0			150	150
85	0	0			150	150
86	0	0			150	150
87	0	0			150	150
88	0	0			150	150
89	0	0			150	150
90	0	0			150	108
91	0	0			126	150
92	0	0			150	103
93	0	0			150	150
94	0	0			150	150
95	0	0			150	150
96	0	0			150	150
97	0	0			123	150
98	0	0			106	150
99	0	0			150	150
100	12	30			138	150
101	0	0			150	150
102	0	0			150	150
103	0	0			150	111
104	0	0			150	150
105	0	0			150	150
106	0	61			115	150
107	1	0			111	105
108	0	0			150	150
109	0	0			150	114
110	0	0			150	123
111	0	2			150	150
112	6	4			150	150
113	18	0			150	121
114	6	0			150	150
115	0	0			93	90
116	153	174			143	150
117	0	0			150	150
118	1	5			144	111
119	0	2			93	93
120	52	34			150	150
121	0	0			150	126
122	0	0			150	150
123	0	0			126	150
124	2617	9242			150	150
125	98	4			150	150
126	20	8			150	120
127	8	0			150	150
128	15	15			123	140
129	34	14			150	150
130	0	0			150	150
131	83	11			150	150
132	18	9			150	146
133	0	44			150	150
134	2	14			150	150
135	6	7			150	150
136	0	3			136	150
137	0	0			150	150
138	66	74			150	150
139	0	1			150	150
140	10	7			142	150
141	0	0			150	150
142	6	3			150	150
143	9	0			150	150
144	10	651			150	150
145	1255	651			150	150
146	15	2			115	118
147	42	3			150	146
148	9	0			150	150
149	7	0			150	113
150	9	0			150	113
151	1	0			150	150
152	10	7			150	150
153	6	5			146	150
154	408	340			150	150
155	2	6			146	150
156	0	0			150	119
157	0	7			150	130
158	8	3			150	119
159	7	0			150	119
160	0	7			119	130
161	4	8			119	130
162	0	13			150	150
163	5	10			150	130
164	11	45			121	150
165	1	50			121	150
166	6	50			150	150
167	7	50			150	150
168	6	1			150	121
169	7	1			150	121
170	2	19			147	144
171	0	0			150	150
172	0	0			150	133
173	6	0			129	148
174	0	0			150	150
175	0	0			150	150
176	5	11			150	150
177	27	1			150	150
178	696	1846			150	145
179	9	1841			150	145
180	2	0			141	150
181	3	7			150	150
182	180	101			150	132
183	5	7			150	130
184	19	10			150	150
185	2	14			150	144
186	0	0			117	150
187	8	0			150	150
188	24	13			142	150
189	0	0			150	150
190	0	0			150	150
191	0	0			123	150
192	1	64			150	150
193	163	182			150	150
194	3	116			150	150
195	0	6			150	150
196	0	0			150	150
197	78	0			148	150
198	16	24			150	150
199	28	61			150	150
200	0	5			150	150
201	31	65			148	123
202	136	66			148	123
203	4	0			141	139
204	23	22			118	150
205	0	0			150	118
206	98	1			150	150
207	552	106			150	150
208	552	28			150	150
209	0	0			150	150
210	0	0			150	150
211	0	0			150	150
212	0	3			150	122
213	0	0			150	150
214	0	0			106	150
215	102	111			150	150
216	0	2			97	97
217	27	0			111	150
218	0	0			150	103
219	0	0			150	150
220	0	0			150	150
221	0	0			150	150
222	0	0			136	150
223	0	0			147	150
224	8	0			133	150
225	9	32			150	143
226	16	0			150	150
227	64	183			150	150
228	0	1			148	150
229	104	140			150	150
230	249	12			150	150
231	543	23			150	141
232	10	47			150	150
233	7	47			150	150
234	1	0			150	150
235	15	15			136	150
236	23	15			150	136
237	7	0			150	120
238	5	65			150	150
239	0	0			150	150
240	0	0			150	150
241	1	4			124	121
242	1	2			150	150
243	260	407			150	117
244	0	0			122	119
245	152	163			150	150
246	11	14			150	150
247	8	357			150	150
248	15	56			150	150
249	27	41			150	150
250	0	0			150	118
251	2	0			150	150
252	35	0			85	85
253	0	0			150	150
254	13	142			150	150
255	7	14			150	150
256	0	0			143	143
257	0	0			103	143
258	10	22			150	150
259	2	3			150	150
260	8	53			150	150
261	3	53			131	150
262	3	8			131	150
263	0	0			150	150
264	28	0			138	150
265	155	0			150	150
266	3	10			150	150
267	0	2			137	150
268	0	0			150	150
269	0	0			150	150
270	0	0			150	150
271	0	0			150	150
272	4	2			150	150
273	4	2			150	150
274	2	2			150	150
275	3	0			133	102
276	2	48			150	122
277	92	48			150	122
278	25	23			150	150
279	25	33			150	150
280	0	0			150	150
281	15	47			150	150
282	62	43			150	150
283	58	20			150	150
284	25	17			150	150
285	0	0			150	132
286	10	18			150	150
287	73	85			150	146
288	69	55			150	150
289	49	21			144	150
290	0	0			150	150
291	0	0			150	150
292	0	0			150	150
293	0	0			150	150
294	11	2			150	150
295	1	0			150	150
296	0	0			150	150
297	0	0			125	143
298	1	0			150	150
299	0	1			150	150
300	0	1			150	150
301	0	1			150	150
302	0	1			150	150
303	0	0			150	136
304	0	1			116	150
305	0	0			123	150
306	0	0			150	150
307	0	12			150	141
308	21	0			150	150
309	0	0			150	150
310	0	0			150	150
311	0	0			150	150
312	2	0			150	150
313	0	0			150	150
314	0	0			150	150
315	0	0			150	150
316	2	0			150	150
317	0	0			150	150
318	2	0			150	150
319	2	0			150	150
320	0	0			150	150
321	20	28			145	150
322	1	7			150	150
323	0	0			150	150
324	0	0			150	150
325	0	0			150	121
326	24	69			117	150
327	3	19			150	108
328	5	17			108	150
329	16	20			122	150
330	35	45			150	150
331	15	38			117	149
332	0	6			131	125
333	18	0			150	150
334	9	0			150	150
335	4	6			149	150
336	4	20			150	150
337	39	25			150	150
338	1	2			148	150
339	0	0			150	150
340	1	1			150	150
341	1	5			150	144
342	1	3			150	150
343	109	101			142	150
344	280	300			150	150
345	0	0			150	150
346	3	27			138	150
347	0	1			120	120
348	0	0			133	150
349	4	0			150	114
350	18	34			150	150
351	39	16			150	150
352	23	21			150	150
353	30	4			150	134
354	0	0			127	126
355	7	3			150	150
356	5	8			129	150
357	7	8			150	150
358	24	34			150	125
359	5	27			125	130
360	0	0			150	123
361	1	0			150	150
362	4	106			150	143
363	6	106			150	143
364	0	0			150	150
365	0	0			129	150
366	33	38			150	144
367	9	11			150	150
368	6	11			150	150
369	6	14			150	150
370	8	12			150	150
371	0	364			100	100
372	15	26			119	150
373	15	2			127	119
374	1	0			150	95
375	0	0			150	96
376	0	0			135	150
377	2	4			150	150
378	77	95			150	134
379	0	3			150	150
380	36	37			150	141
381	0	0			150	150
382	7	4			150	150
383	6	0			150	150
384	0	0			150	142
385	0	0			150	150
386	1	0			150	138
387	1	0			150	147
388	0	0			138	147
389	20	14			123	150
390	0	0			150	150
391	21	8			150	150
392	3	8			150	150
393	4	4			150	150
394	10	24			150	150
395	22	19			150	150
396	98	116			126	115
397	1	84			117	150
398	125	138			150	150
399	0	0			150	150
400	4	1			150	133
401	0	0			108	135
402	287	418			150	150
403	2	34			150	150
404	0	2			150	150
405	0	2			150	150
406	1	31			150	148
407	0	1			150	150
408	1	9			150	150
409	13	2			140	150
410	926	1385			114	150
411	1024	867			135	102
412	45	37			150	150
413	0	3			150	150
414	0	0			150	150
415	0	0			150	150
416	0	6			150	150
417	0	3			150	150
418	0	3			150	150
419	3	2			150	150
420	0	0			150	150
421	0	0			150	150
422	0	0			150	104
423	2	0			150	150
424	0	1			150	150
425	23	13			150	150
426	20	13			150	150
427	8	15			150	150
428	0	10			95	150
429	3120	911			150	150
430	3	6			150	150
431	3	6			150	150
432	0	1			84	84
433	20	7			150	150
434	3	5			150	150
435	10	13			150	150
436	8	23			102	150
437	2996	3809			150	150
438	4	0			150	98
439	2	11			128	150
440	4	1			128	150
441	9	2			150	128
442	3	55			150	137
443	9	36			150	150
444	48	55			150	150
445	0	106			150	135
446	4	5			150	129
447	0	25			147	147
448	0	4			92	150
449	2	4			150	150
450	11	41			150	104
451	7	11			150	150
452	17	11			150	150
453	17	7			150	150
454	16	0			150	133
455	1	0			150	150
456	0	0			150	150
457	9	7			150	146
458	37	2			150	150
459	0	0			150	150
460	5	5			150	150
461	12	5			133	150
462	2	6			150	150
463	1	6			150	150
464	59	137			150	146
465	11	8			150	150
466	59	8			150	150
467	59	11			150	150
468	32	41			150	150
469	384	0			127	150
470	27	5			150	150
471	140	248			143	150
472	4	1			150	150
473	15	23			147	150
474	19	23			150	150
475	32	40			150	150
476	2	0			150	150
477	6	12			150	150
478	735	0			147	150
479	0	0			150	84
480	0	0			150	84
481	0	0			150	150
482	39	46			150	150
483	2	2			150	128
484	2	3			150	150
485	1	5			150	150
486	4	4			150	150
487	0	0			150	150
488	50	9			150	144
489	1	9			145	150
490	1	6			145	150
491	1	0			150	150
492	0	2			150	150
493	4	2			150	150
494	28	21			150	150
495	433	567			150	147
496	1	0			150	150
497	205	230			150	150
498	59	198			150	150
499	0	0			150	119
500	0	0			79	82
501	1	0			150	150
502	5	6			150	150
503	0	1			150	150
504	0	1			150	150
505	0	14			108	144
506	0	6			108	102
507	0	1			78	150
508	36	368			150	150
509	36	93			150	150
510	2	4			111	150
511	39	2			150	150
512	12	7			150	150
513	7	1			113	137
514	92	123			150	150
515	1	22			150	150
516	149	272			150	150
517	27	63			118	150
518	62	133			150	150
519	5	17			150	150
520	17	13			150	150
521	15	19			150	150
522	30	78			150	150
523	0	0			150	150
524	96	137			150	150
525	90	11			150	150
526	0	0			150	125
527	57	103			148	150
528	2	8			150	150
529	4	0			150	81
530	1	0			150	150
531	0	0			138	150
532	0	0			150	150
533	0	0			150	150
534	0	0			150	150
535	0	0			150	150
536	1	0			150	150
537	291	373			150	150
538	16	14			150	150
539	4	10			150	150
540	102	97			150	150
541	178	213			150	150
542	23	0			149	137
543	11	6			150	150
544	0	0			98	98
545	0	0			81	81
546	20	6			128	132
547	0	0			150	105
548	0	0			117	105
549	0	0			150	150
550	34	60			140	150
551	0	0			150	150
552	3	3			150	150
553	9	4			150	150
554	11	15			147	144
555	8	8			147	150
556	29	22			150	137
557	21	39			150	141
558	16	21			133	147
559	22	28			147	150
560	118	210			150	150
561	0	1			150	150
562	5	10			114	149
563	0	0			147	141
564	0	0			150	150
565	1	0			150	146
566	3	0			84	84
567	0	1			150	150
568	2	1			150	150
569	37	59			120	150
570	1	3			150	150
571	0	0			150	150
572	3	0			150	150
573	21	13			150	142
574	14	8			144	108
575	43	40			150	150
576	0	0			150	141
577	23	8			139	140
578	0	0			150	150
579	459	1874			150	150
580	1458	2467			150	150
581	2383	18090			150	150
582	38	18090			150	150
583	2	3			150	150
584	23	23			150	130
585	23	28			150	150
586	23	28			150	150
587	0	2			150	150
588	0	5			150	115
589	2	25			150	140
590	12	25			150	140
591	0	0			150	150
592	19	32			150	150
593	0	0			150	150
594	2	1			126	150
595	0	0			150	150
596	2	10			150	120
597	0	0			150	135
598	0	0			96	96
599	7	5			150	116
600	39	63			150	150
601	0	0			150	150
602	0	0			129	137
603	0	0			150	150
604	46	0			100	100
605	2	4			150	150
606	0	0			150	150
607	0	0			150	150
608	3	2			150	114
609	59	88			150	150
610	0	0			150	125
611	0	0			150	150
612	4	2			150	147
613	4	1			150	142
614	0	0			142	150
615	0	1			142	111
616	0	0			150	150
617	5	2			133	150
618	5	0			150	114
619	6	38			150	150
620	0	0			150	150
621	1	7			150	150
622	0	0			150	150
623	52	65			150	150
624	1	0			150	150
625	3	0			150	148
626	1	0			150	150
627	7	33			103	150
628	5	8			150	150
629	0	156			76	150
630	513	339			143	130
631	0	0			138	150
632	0	0			150	150
633	8	13			143	150
634	30	21			134	126
635	9	0			150	138
636	49	0			150	138
637	49	9			150	150
638	0	0			110	127
639	0	0			126	150
640	22	28			150	150
641	0	0			125	150
642	0	0			150	142
643	1	3			150	150
644	6	2			150	150
645	0	0			143	150
646	0	0			141	150
647	0	0			123	99
648	0	3			150	150
649	0	0			150	131
650	0	0			150	150
651	7	5			150	150
652	20	30			137	150
653	0	6			150	150
654	0	9			150	150
655	1	19			150	150
656	53	80			150	150
657	6	7			126	150
658	5	2			150	150
659	1	2			150	150
660	5	0			150	150
661	7	10			150	150
662	7	3			150	150
663	869	1129			150	150
664	566	963			150	150
665	143	196			150	150
666	125	2			150	150
667	125	139			150	150
668	34	25			150	150
669	0	0			120	150
670	4	0			147	150
671	0	0			150	150
672	0	0			135	150
673	0	0			150	150
674	0	1			150	126
675	0	4			121	144
676	1	18			150	110
677	3	67			92	150
678	1	16			141	136
679	4	16			150	136
680	3	4			150	150
681	193	0			150	150
682	819	2849			150	150
683	5	0			150	138
684	10	6			150	138
685	3	1			114	150
686	0	18			150	150
687	5	45			150	146
688	5	0			150	150
689	6	0			150	150
690	0	12			143	150
691	8	24			150	142
692	22	9			150	150
693	22	9			150	150
694	22	9			150	150
695	0	0			81	81
696	65	83			150	146
697	6	12			150	150
698	2	2			150	150
699	1	2			150	150
700	1	2			150	150
701	3	31			134	150
702	0	0			150	102
703	0	0			111	114
704	0	1			134	118
705	7	83			150	150
706	11	10			150	150
707	0	0			150	150
708	0	1			150	150
709	0	0			150	150
710	0	0			87	84
711	0	0			150	147
712	0	0			150	150
713	0	0			150	150
714	3	11			150	150
715	96	145			150	150
716	14	0			142	106
717	62	1			83	83
718	0	0			150	150
719	0	0			84	84
720	3	9			150	150
721	31	0			92	92
722	1	5			99	99
723	2	0			150	150
724	3	1			150	144
725	3	0			150	150
726	1	0			144	150
727	11	23			150	150
728	11	3			150	150
729	11	29			150	150
730	0	0			150	150
731	0	3			150	133
732	0	0			150	150
733	0	0			150	150
734	3	0			133	150
735	10	0			150	150
736	8	0			150	150
737	97	62			132	150
738	169	26			150	150
739	0	1			150	150
740	0	0			150	109
741	37	44			150	150
742	0	0			150	150
743	0	0			150	150
744	3	3			150	150
745	189	0			150	150
746	9	10			150	150
747	73	67			150	150
748	17	45			150	141
749	0	3			150	150
750	27	27			150	150
751	24	3			125	136
752	0	1			150	128
753	13	1			150	150
754	30	3			150	150
755	115	28			147	150
756	5	2			150	132
757	0	2			150	132
758	0	5			150	150
759	1	7			112	150
760	430	15			150	150
761	732	4			107	113
762	2	3			150	150
763	0	2			150	150
764	1	0			150	150
765	9	11			150	150
766	9	8			150	124
767	10	10			150	150
768	4	19			150	150
769	4	6			150	110
770	0	0			138	149
771	28	0			150	150
772	17	0			150	150
773	1744	545			150	150
774	0	0			150	150
775	6	0			150	114
776	3	11			150	150
777	138	348			150	150
778	0	0			114	150
779	7	6			122	147
780	5	15			150	150
781	6	18			150	108
782	1	5			150	143
783	54	94			150	150
784	0	0			97	99
785	0	0			150	150
786	4	1			150	150
787	0	11			120	120
788	0	0			135	150
789	3	1			150	150
790	0	0			150	150
791	12	2			150	108
792	25	22			150	150
793	24	39			113	150
794	97	44			150	101
795	3	117			101	150
796	55	117			101	150
797	0	0			87	87
798	0	0			102	150
799	5	3			117	141
800	16	14			150	119
801	14	10			150	150
802	23	44			150	150
803	32	58			136	150
804	0	0			150	150
805	189	172			150	150
806	7	33			124	150
807	0	0			99	100
808	0	0			150	150
809	40	38			150	150
810	41	16			150	150
811	33	23			150	150
812	47	28			150	130
813	0	0			150	150
814	0	0			150	150
815	9	24			114	150
816	7	4			150	150
817	13	15			150	150
818	11	25			150	150
819	47	14			150	150
820	0	0			90	90
821	0	4			90	78
822	0	0			117	78
823	4	10			150	150
824	1	335			113	142
825	34	335			142	142
826	34	1			142	113
827	47	65			150	150
828	24	85			138	150
829	0	0			150	150
830	3	1			150	150
831	0	0			148	150
832	0	0			150	150
833	0	0			148	150
834	11	10			150	150
835	1	3			109	141
836	14	13			150	142
837	54	90			150	150
838	3	57			147	150
839	6	57			150	150
840	1	0			150	121
841	8	0			136	128
842	0	9			150	150
843	1	0			150	138
844	1	2			150	150
845	7	33			150	150
846	1	0			150	150
847	1	8			150	150
848	1	1			150	150
849	0	7			150	150
850	0	0			150	150
851	0	0			87	90
852	49	51			150	144
853	8	0			128	150
854	756	2315			103	150
855	1663	2315			150	150
856	3	0			150	150
857	3	20			113	150
858	0	0			150	133
859	16	0			150	150
860	35	41			150	150
861	2	1			150	150
862	0	0			150	150
863	0	0			150	105
864	1	20			87	87
865	2	0			150	150
866	4	0			150	150
867	4	0			150	150
868	0	0			150	150
869	61	58			142	150
870	20	18			150	150
871	0	0			150	124
872	0	0			150	106
873	1	16			150	150
874	0	0			150	150
875	190	299			142	150
876	5	37			102	120
877	7	14			132	150
878	2	2			150	150
879	0	0			150	150
880	6787	6893			150	150
881	131	6893			150	150
882	0	0			150	150
883	0	1			150	150
884	1	1			141	149
885	1	1			141	150
886	1	6			150	150
887	0	0			150	150
888	8	38			114	102
889	6	38			126	102
890	1	39			114	102
891	46	39			150	102
892	88	24			150	102
893	46	1			150	114
894	58	11			150	114
895	76	19			150	150
896	74	16			150	150
897	4	54			150	150
898	74	0			150	150
899	93	119			138	150
900	24	84			150	150
901	45	124			150	150
902	36	124			150	150
903	0	0			150	150
904	0	0			150	131
905	0	0			150	131
906	558	915			150	146
907	1	52			98	150
908	1	0			150	150
909	17	0			150	150
910	1	8			150	150
911	0	18			150	150
912	0	0			117	150
913	2	72			150	150
914	0	0			150	150
915	0	0			150	150
916	2	0			150	150
917	9	13			150	150
918	0	0			127	129
919	0	0			150	150
920	0	1			150	150
921	1	2			150	150
922	0	3			150	150
923	3	5			141	150
924	0	0			110	150
925	0	0			110	150
926	0	0			150	146
927	1	19			124	128
928	24	0			150	150
929	0	4			150	136
930	3	5			150	150
931	0	0			98	95
932	1	8			130	150
933	0	2			150	150
934	51	38			150	150
935	0	21			106	150
936	1	76			79	150
937	13	16			150	150
938	2	11			98	150
939	0	1			150	150
940	7	0			150	150
941	4	16			150	150
942	3	2			150	150
943	3	0			132	132
944	46	34			150	150
945	1	1			93	93
946	0	0			96	90
947	0	0			96	90
948	1	0			87	99
949	0	3			116	116
950	0	0			150	150
951	10	14			146	150
952	13	27			150	150
953	22	0			98	101
954	56	149			150	150
955	485	489			150	150
956	41	58			150	150
957	26	31			150	150
958	0	46			150	150
959	6	17			150	150
960	0	2			150	150
961	0	0			150	150
962	2	7			150	150
963	2	5			138	150
964	15	7			150	150
965	9	20			150	150
966	9	11			150	150
967	13	34			150	150
968	0	36			150	150
969	5	0			150	150
970	687	1197			150	150
971	2	28			136	150
972	0	0			150	150
973	0	0			150	136
974	0	0			150	136
975	32	8			129	133
976	2	52			133	150
977	8	21			133	146
978	7	54			146	150
979	4	0			146	150
980	6	600			124	150
981	0	600			118	150
982	645	640			150	150
983	1	21			150	150
984	11	9			150	150
985	11	1			150	150
986	1	37			150	122
987	3	3			150	135
988	3	3			150	135
989	2	2			141	150
990	0	0			138	150
991	27	58			150	150
992	6	0			87	87
993	0	2			150	150
994	9	0			150	150
995	8	2			140	95
996	4	10			150	150
997	0	0			150	98
998	1	84			150	124
999	0	0			146	135
1000	1	2			150	150
1001	17	42			130	150
1002	17	28			130	121
1003	19	63			150	150
1004	4	6			150	150
1005	11	44			107	134
1006	16	14			150	150
1007	0	14			150	150
1008	2	0			81	81
1009	0	4			150	150
1010	222	306			150	145
1011	2	15			150	150
1012	47	67			150	150
1013	0	0			150	150
1014	0	0			150	150
1015	0	0			150	150
1016	0	0			150	150
1017	0	0			84	84
1018	0	16			123	150
1019	0	0			150	150
1020	0	0			150	131
1021	3	1			143	119
1022	5	1			150	119
1023	0	0			150	150
1024	0	0			138	150
1025	11	24			127	150
1026	61	22			150	137
1027	223	319			150	140
1028	252	537			140	150
1029	0	0			150	150
1030	63	21			150	150
1031	0	0			150	150
1032	3	7			108	150
1033	0	1			150	150
1034	0	4			150	150
1035	34	52			137	150
1036	0	2			150	150
1037	60	52			150	150
1038	0	2			150	150
1039	0	0			150	127
1040	2	0			150	127
1041	0	0			96	90
1042	0	0			150	150
1043	2	0			150	150
1044	2	2			150	150
1045	2	2			150	150
1046	0	0			150	150
1047	2	0			150	150
1048	2	0			150	95
1049	2	0			150	137
1050	0	0			95	137
1051	0	1			147	141
1052	1	1			150	141
1053	1	0			150	147
1054	120	185			150	150
1055	18	44			108	150
1056	4	1			148	150
1057	0	0			150	150
1058	0	0			150	150
1059	0	0			150	150
1060	0	0			150	150
1061	0	0			150	150
1062	1	9			150	147
1063	0	0			81	81
1064	0	0			150	150
1065	0	36			81	144
1066	0	36			81	144
1067	0	0			81	81
1068	21	11			150	150
1069	0	35			150	150
1070	0	0			150	150
1071	196	355			150	148
1072	80	24			150	135
1073	0	0			150	150
1074	94	83			150	150
1075	5	3			150	150
1076	2	0			148	150
1077	0	0			150	137
1078	0	0			150	150
1079	0	0			132	150
1080	3	7			148	150
1081	3	4			148	150
1082	17	17			150	129
1083	41	11			138	97
1084	4	5			150	150
1085	5	5			150	150
1086	0	0			150	150
1087	0	0			150	150
1088	10	37			150	150
1089	4	0			150	150
1090	1	10			150	150
1091	87	185			132	150
1092	156	161			150	150
1093	3	14			150	150
1094	12	0			150	150
1095	65	69			150	150
1096	2	73			150	150
1097	2	29			150	150
1098	58	20			150	150
1099	0	0			150	150
1100	17	22			150	150
1101	22	27			123	150
1102	2	5			150	150
1103	0	0			150	150
1104	35	86			126	150
1105	32	57			150	131
1106	54	55			150	131
1107	0	0			150	150
1108	107	216			150	150
1109	0	0			150	150
1110	17	16			150	150
1111	21	16			150	150
1112	29	16			150	150
1113	3	0			90	93
1114	3	0			147	150
1115	10	11			150	150
1116	2	1			150	103
1117	3	0			150	150
1118	0	0			120	150
1119	0	0			150	150
1120	0	0			150	120
1121	0	0			150	120
1122	0	0			150	150
1123	0	0			150	150
1124	1	0			111	114
1125	42	97			147	150
1126	2	567			150	147
1127	433	1			150	150
1128	0	2			150	150
1129	0	2			150	150
1130	7	0			150	150
1131	2	24			121	135
1132	0	25			119	112
1133	0	33			102	150
1134	0	0			90	87
1135	17	30			150	150
1136	4	0			96	96
1137	0	0			150	150
1138	1	3			150	150
1139	0	3			114	144
1140	0	0			147	141
1141	131	298			150	150
1142	1	299			150	150
1143	7	298			150	150
1144	132	187			150	147
1145	8	187			150	147
1146	1	4			150	150
1147	4	1			150	150
1148	1231	61			150	150
1149	0	0			150	150
1150	2	7			150	150
1151	45	84			150	150
1152	0	1			150	150
1153	17	27			136	150
1154	0	9			126	123
1155	0	8			126	150
1156	0	2			129	135
1157	2	2			129	135
1158	0	2			111	135
1159	2	0			129	150
1160	0	0			111	150
1161	0	0			129	150
1162	0	2			111	129
1163	0	2			111	129
1164	14	5			150	150
1165	0	0			110	93
1166	0	0			150	150
1167	0	0			150	150
1168	0	0			150	150
1169	0	0			150	150
1170	2	0			150	150
1171	2	0			150	150
1172	14	14			150	150
1173	0	4			150	114
1174	9	4			150	126
1175	12	15			150	150
1176	0	0			132	150
1177	0	0			150	150
1178	32	45			150	150
1179	54	0			150	150
1180	0	44			150	150
1181	76	125			150	150
1182	35	0			150	150
1183	26	22			150	150
1184	0	45			150	135
1185	0	0			140	150
1186	0	1			142	150
1187	1	0			90	105
1188	10	10			150	150
1189	41	27			150	150
1190	53	19			134	150
1191	0	0			150	150
1192	8	14			150	136
1193	16	38			120	140
1194	3	19			150	150
1195	0	0			150	150
1196	0	0			150	150
1197	2	0			150	150
1198	1	0			150	150
1199	0	0			150	150
1200	2	0			150	150
1201	1	0			150	150
1202	2	0			150	150
1203	1	0			150	150
1204	0	21			121	150
1205	0	0			121	133
1206	0	0			150	133
1207	0	0			150	121
1208	6	0			141	150
1209	0	29			150	150
1210	92	102			150	150
1211	86	139			150	150
1212	0	0			150	150
1213	1	26			150	150
1214	0	0			150	150
1215	0	0			150	150
1216	2	1			150	150
1217	2	2			150	150
1218	16	28			150	150
1219	36	126			150	150
1220	1	6			102	150
1221	0	7			150	150
1222	23	84			150	150
1223	20	2			150	150
1224	60	108			150	150
1225	27	33			149	150
1226	0	4			150	100
1227	13	3			150	150
1228	0	0			150	114
1229	8	10			150	150
1230	0	0			150	98
1231	133	175			149	150
1232	0	0			150	150
1233	0	6			150	150
1234	0	5			150	150
1235	0	0			150	150
1236	0	0			150	150
1237	806	736			150	150
1238	0	0			150	150
1239	0	0			84	96
1240	0	0			144	93
1241	0	0			102	117
1242	78	118			150	150
1243	85	124			150	150
1244	1	0			133	117
1245	1	0			150	109
1246	2	0			150	109
1247	16	1			150	150
1248	25	22			144	132
1249	0	0			135	150
1250	94	161			150	150
1251	5	0			150	106
1252	24	5			120	117
1253	3	4			150	150
1254	0	0			150	150
1255	0	0			150	150
1256	183	204			133	127
1257	1	11			111	150
1258	8	2			150	150
1259	8	5			150	150
1260	2	5			150	150
1261	0	0			150	150
1262	0	0			123	150
1263	4	5			150	150
1264	7	15			150	150
1265	9	9			150	150
1266	5	5			150	150
1267	0	0			150	130
1268	0	0			150	149
1269	15	27			150	150
1270	15	1			150	150
1271	15	1			150	121
1272	13	1			150	121
1273	27	1			150	150
1274	27	1			150	121
1275	16	23			150	143
1276	24	1			150	121
1277	13	23			150	143
1278	2	118			150	150
1279	0	0			150	150
1280	1	2			147	137
1281	0	3			114	150
1282	0	0			133	150
1283	22	0			150	87
1284	36	71			150	150
1285	0	4			150	150
1286	58	83			150	133
1287	0	1			150	150
1288	3	3			150	150
1289	0	0			150	150
1290	0	1			150	150
1291	0	0			84	93
1292	0	0			150	150
1293	0	0			110	150
1294	85	205			150	150
1295	0	2			150	150
1296	0	1			137	150
1297	3	1			150	150
1298	42	1			150	150
1299	351	542			150	150
1300	17	3			150	150
1301	0	1			150	150
1302	4	0			150	150
1303	0	0			78	78
1304	15	18			150	150
1305	0	0			150	150
1306	69	169			150	150
1307	49	164			132	150
1308	60	103			150	150
1309	60	1			150	118
1310	16	35			150	150
1311	5	6			147	134
1312	45	72			150	139
1313	47	66			150	150
1314	15	66			139	150
1315	31	70			139	150
1316	26	0			150	150
1317	0	0			150	99
1318	0	11			150	81
1319	0	0			128	150
1320	20	46			150	150
1321	40	39			150	150
1322	0	1			150	150
1323	0	6			150	150
1324	0	0			134	150
1325	0	0			114	150
1326	14	0			150	92
1327	2	0			150	127
1328	0	0			150	150
1329	0	10			150	150
1330	0	0			148	150
1331	2	161			122	150
1332	0	0			150	150
1333	3	1			150	150
1334	3	0			150	150
1335	0	0			150	150
1336	0	0			150	150
1337	0	0			150	150
1338	0	0			150	150
1339	0	0			150	103
1340	0	0			150	150
1341	2	0			150	150
1342	8	37			144	150
1343	0	0			150	133
1344	0	0			150	150
1345	0	0			150	150
1346	2	0			149	149
1347	14	40			150	150
1348	0	14			105	133
1349	9	9			150	150
1350	15	8			150	123
1351	3	0			150	150
1352	3	0			150	150
1353	0	0			150	150
1354	0	3			150	150
1355	0	3			150	150
1356	0	0			121	147
1357	0	0			150	150
1358	2	0			150	140
1359	0	0			150	150
1360	40	77			150	150
1361	36	14			150	150
1362	4	2			150	150
1363	5	1			150	114
1364	29	40			150	150
1365	31	43			150	150
1366	0	0			144	131
1367	76	57			150	150
1368	5	10			150	142
1369	1	2			126	150
1370	56	43			150	131
1371	26	41			120	150
1372	24	44			120	131
1373	5158	6675			150	150
1374	226	253			150	148
1375	158	13			150	150
1376	51	123			150	150
1377	85	72			150	122
1378	3	0			150	150
1379	0	0			150	121
1380	0	0			150	150
1381	324	19			150	150
1382	0	0			150	150
1383	2	0			99	99
1384	1	0			134	150
1385	3	0			150	150
1386	0	0			150	150
1387	11	11			150	129
1388	3	9			129	150
1389	9	0			125	115
1390	4	4			150	138
1391	3	0			150	150
1392	0	0			150	150
1393	0	0			150	150
1394	0	0			141	150
1395	0	0			150	130
1396	0	0			150	130
1397	0	0			150	150
1398	0	0			150	150
1399	0	0			150	150
1400	0	0			150	150
1401	0	0			150	136
1402	0	0			150	150
1403	70	55			141	143
1404	39	107			143	146
1405	59	92			146	133
1406	26	22			150	150
1407	2	16			146	150
1408	0	0			134	150
1409	0	0			96	96
1410	4	2			150	150
1411	0	0			147	141
1412	262	598			150	150
1413	62	104			150	150
1414	42	134			150	150
1415	1	90			150	140
1416	0	0			123	150
1417	0	0			123	150
1418	0	0			123	78
1419	0	0			150	78
1420	0	0			150	78
1421	86	0			79	79
1422	2	36			150	150
1423	0	0			150	150
1424	0	3			150	150
1425	1	0			150	150
1426	3	0			150	150
1427	5	9			150	150
1428	138	1			113	136
1429	0	0			150	150
1430	0	0			115	150
1431	0	0			139	128
1432	0	0			108	123
1433	17	10			150	150
1434	12	23			150	150
1435	33	0			128	79
1436	0	5			150	150
1437	0	1			150	150
1438	5	1			150	150
1439	30	71			150	144
1440	75	3			150	76
1441	0	0			150	136
1442	7	13			135	150
1443	0	0			150	150
1444	2	0			150	150
1445	2	0			150	150
1446	0	9			150	131
1447	0	9			150	131
1448	0	1			150	150
1449	0	0			150	122
1450	36	15			150	150
1451	13	14			150	150
1452	0	0			150	150
1453	49	61			114	132
1454	7	23			150	150
1455	118	244			150	150
1456	1	5			150	122
1457	0	0			150	150
1458	0	0			150	150
1459	5	16			150	150
1460	6	10			150	150
1461	0	0			81	81
1462	10	19			130	150
1463	0	4			96	96
1464	0	2			96	93
1465	119	292			118	150
1466	93	47			133	150
1467	20	26			129	150
1468	0	0			150	150
1469	0	0			150	150
1470	45	62			150	150
1471	0	0			142	150
1472	0	2			114	145
1473	0	1			150	150
1474	0	0			150	150
1475	0	0			150	150
1476	0	0			150	145
1477	1	0			150	150
1478	1	0			150	150
1479	1	0			150	145
1480	0	0			150	145
1481	0	0			150	145
1482	0	0			123	150
1483	0	0			150	108
1484	105	163			150	150
1485	3	0			126	99
1486	6	8			150	150
1487	2	1			150	150
1488	1	1			150	150
1489	0	0			150	150
1490	0	0			150	150
1491	1	115			150	150
1492	0	0			96	90
1493	0	3			150	150
1494	6	15			150	150
1495	79	2			150	150
1496	13	26			150	150
1497	0	0			150	150
1498	2	4			150	150
1499	2	4			150	150
1500	0	0			150	150
1501	0	0			150	150
1502	0	0			144	150
1503	0	0			150	150
1504	1	85			150	150
1505	29	1			150	150
1506	0	3			150	150
1507	22	23			150	150
1508	8	7			150	150
1509	1143	401			150	131
1510	0	0			87	87
1511	0	0			150	147
1512	0	0			150	147
1513	0	7			79	150
1514	2	4			150	150
1515	2	4			150	150
1516	0	0			139	150
1517	12	7			150	150
1518	14	36			150	150
1519	22	8			150	150
1520	1	192			84	150
1521	1330	1167			150	150
1522	1383	1574			150	150
1523	1170	2424			150	150
1524	0	0			150	150
1525	7	12			123	150
1526	25	59			150	150
1527	5	3			150	150
1528	9	4			150	135
1529	40	31			150	136
1530	0	14			98	98
1531	995	839			150	150
1532	24	63			150	150
1533	4	0			140	125
1534	0	0			150	107
1535	0	0			150	150
1536	0	7			106	150
1537	11	24			150	138
1538	24	46			138	150
1539	0	1			150	90
1540	0	3			150	150
1541	1	1			111	150
1542	0	5			150	150
1543	2	7			150	150
1544	0	4			120	150
1545	2	2			150	150
1546	52	36			150	140
1547	0	21			132	150
1548	0	1			150	150
1549	1	1			105	150
1550	1	0			105	150
1551	0	1			146	150
1552	1	0			150	113
1553	18	50			150	150
1554	0	0			150	150
1555	24	29			150	150
1556	5	2			126	150
1557	0	77			82	150
1558	0	0			150	150
1559	0	0			150	150
1560	125	200			150	150
1561	5	1			150	150
1562	5	2			150	150
1563	22	0			150	150
1564	19	1371			150	150
1565	1072	1371			111	150
1566	12	9			110	125
1567	28	9			150	125
1568	7	2			147	150
1569	17	14			150	150
1570	5	8			150	150
1571	0	34			147	147
1572	0	0			150	150
1573	23	22			150	150
1574	0	0			150	150
1575	0	0			150	150
1576	0	0			150	150
1577	0	0			150	150
1578	0	16			150	150
1579	0	5			150	150
1580	1	0			106	106
1581	0	0			100	100
1582	29	18			150	150
1583	29	1			150	150
1584	209	0			150	150
1585	449	0			150	150
1586	0	0			150	150
1587	357	750			150	150
1588	1	743			150	150
1589	123	490			150	150
1590	34	7			150	150
1591	25	44			150	150
1592	358	0			150	150
1593	1	19			150	150
1594	1	31			150	150
1595	1	19			150	150
1596	0	0			150	150
1597	0	0			150	150
1598	1	0			131	150
1599	0	0			131	150
1600	22	20			150	150
1601	69	61			150	150
1602	8	7			150	150
1603	28	2			150	150
1604	5	3			150	126
1605	33	39			150	150
1606	36	0			84	87
1607	285	93			150	119
1608	285	0			132	150
1609	3	0			138	115
1610	12	19			150	150
1611	118	123			150	150
1612	0	4			150	150
1613	0	0			150	150
1614	1	0			150	108
1615	3	2			124	150
1616	0	3			150	150
1617	2	0			150	150
1618	61	88			150	150
1619	13	0			141	150
1620	1	0			150	137
1621	0	0			150	137
1622	0	1			150	150
1623	4	5			150	150
1624	0	0			123	150
1625	0	14			118	150
1626	154	123			150	135
1627	0	0			93	126
1628	0	28			150	150
1629	0	0			150	150
1630	0	0			150	150
1631	0	1			150	150
1632	2	2			150	150
1633	5	2			109	150
1634	12	1			150	129
1635	0	3			150	150
1636	1	0			150	143
1637	0	0			150	98
1638	0	0			150	98
1639	4	31			150	150
1640	6	4			150	128
1641	0	2			150	150
1642	12	30			150	150
1643	15	13			150	139
1644	2	72			150	150
1645	34	45			150	150
1646	2	5			150	150
1647	0	0			150	145
1648	176	185			150	150
1649	36	53			150	150
1650	4	0			150	150
1651	22	37			150	150
1652	0	2			150	150
1653	0	1			129	114
1654	5	107			150	150
1655	8	11			142	150
1656	0	0			144	150
1657	0	0			144	150
1658	0	0			150	150
1659	0	4			150	132
1660	106	72			150	150
1661	5	2			142	150
1662	0	12			96	93
1663	0	0			150	98
1664	0	0			150	98
1665	0	0			120	150
1666	17	576			150	150
1667	8	576			150	150
1668	0	0			150	150
1669	0	0			150	150
1670	1	0			150	150
1671	0	0			99	132
1672	5	71			150	150
1673	25	33			150	150
1674	25	43			150	135
1675	33	43			150	135
1676	26	49			150	150
1677	0	45			149	150
1678	0	16			149	150
1679	4	14			150	150
1680	8	8			150	150
1681	5	9			150	150
1682	163	243			132	150
1683	6	9			150	150
1684	20	40			150	150
1685	5	68			150	150
1686	0	0			77	150
1687	25	30			146	146
1688	5	3			150	135
1689	1	5			150	150
1690	8	0			150	80
1691	2608	4473			150	150
1692	7	7			150	150
1693	52	0			150	135
1694	52	9			150	150
1695	4	96			150	150
1696	94	96			150	150
1697	84	42			144	144
1698	0	0			111	150
1699	4	6			150	150
1700	1	5			150	150
1701	0	3			150	150
1702	0	3			150	150
1703	0	0			150	150
1704	47	0			150	79
1705	8	0			150	150
1706	1	1			125	150
1707	2	1			125	150
1708	0	1			127	150
1709	1	1			125	150
1710	0	1			131	125
1711	17	0			150	150
1712	0	0			116	150
1713	4	2			150	150
1714	0	0			150	150
1715	1	0			150	150
1716	5	4			150	150
1717	0	6			150	150
1718	307	316			131	127
1719	0	0			150	150
1720	0	0			150	150
1721	207	169			150	141
1722	73	113			150	150
1723	1	0			127	150
1724	2	12			133	150
1725	0	0			104	150
1726	0	0			132	150
1727	9	0			150	150
1728	0	0			93	93
1729	0	2			93	150
1730	4	11			150	141
1731	3	3			150	150
1732	3	0			150	150
1733	3	29			150	149
1734	0	29			150	149
1735	2	27			150	150
1736	0	0			150	114
1737	0	0			150	114
1738	0	0			150	150
1739	0	0			150	150
1740	0	0			150	150
1741	0	1			150	150
1742	0	0			134	150
1743	0	0			134	150
1744	0	0			134	150
1745	0	0			150	150
1746	0	1			150	150
1747	0	0			150	150
1748	0	0			150	137
1749	0	0			150	137
1750	0	0			150	150
1751	1	9			150	150
1752	20	12			150	150
1753	20	163			150	150
1754	12	163			150	150
1755	6	162			150	150
1756	6	162			150	150
1757	0	0			150	150
1758	7	0			150	122
1759	0	29			150	150
1760	4	2			150	150
1761	34	108			150	134
1762	44	33			150	114
1763	43	33			150	114
1764	14	16			114	150
1765	0	0			135	117
1766	0	0			108	117
1767	0	0			108	135
1768	0	0			108	135
1769	11	0			148	148
1770	2	9			142	150
1771	5	9			120	150
1772	4	5			150	142
1773	1	4			120	142
1774	1	2			117	150
1775	6	2			120	150
1776	2	2			117	150
1777	2	2			120	150
1778	0	8			150	150
1779	7	5			150	150
1780	0	0			150	150
1781	0	0			135	147
1782	75	102			150	150
1783	2	21			115	130
1784	3	33			115	130
1785	6	19			150	150
1786	0	0			150	150
1787	0	0			133	122
1788	0	4			133	150
1789	0	4			122	150
1790	13	1			150	150
1791	0	6			93	93
1792	7	11			121	150
1793	17	9			150	121
1794	0	12			123	150
1795	14	632			150	150
1796	452	142			150	117
1797	0	0			121	150
1798	0	0			150	150
1799	0	0			121	150
1800	0	0			84	84
1801	0	0			150	84
1802	0	0			150	84
1803	21	3			150	150
1804	1	0			147	147
1805	57	72			150	133
1806	2	8			150	150
1807	1	0			150	150
1808	130	183			139	150
1809	19	15			150	150
1810	0	1			150	150
1811	12	13			129	150
1812	291	266			150	150
1813	0	0			150	150
1814	4	7			150	150
1815	4	6			150	150
1816	14	15			150	150
1817	0	0			150	150
1818	36	22			150	150
1819	30	18			150	150
1820	0	1			150	129
1821	18	29			150	150
1822	18	25			150	150
1823	18	19			150	122
1824	58	83			150	150
1825	36	52			150	150
1826	0	1			109	150
1827	7	5			150	150
1828	2	1			150	150
1829	0	0			126	150
1830	0	0			105	150
1831	33	37			142	150
1832	0	1			150	150
1833	0	0			150	150
1834	1	0			150	150
1835	4	0			123	150
1836	0	1			93	93
1837	0	0			150	150
1838	10	8			142	136
1839	0	0			150	150
1840	328	351			150	121
1841	0	0			115	118
1842	5	6			150	123
1843	32	17			150	150
1844	6	4			150	150
1845	9	7			150	150
1846	3	4			143	150
1847	31	30			142	149
1848	0	0			150	150
1849	1	0			99	126
1850	0	0			99	102
1851	0	0			102	126
1852	0	0			102	129
1853	18	10			150	102
1854	5	0			150	150
1855	0	0			150	98
1856	0	0			150	98
1857	15	10			139	150
1858	4	0			150	150
1859	1	0			150	150
1860	1	3			150	150
1861	0	1			150	150
1862	90	89			150	150
1863	28	170			150	150
1864	45	36			135	141
1865	7	1			150	150
1866	1	0			147	127
1867	8	3			150	109
1868	16	1			142	150
1869	0	0			102	99
1870	15	8			150	150
1871	3	130			97	150
1872	54	55			150	150
1873	0	0			93	90
1874	0	33			102	150
1875	0	27			102	150
1876	13	12			150	150
1877	0	0			150	99
1878	0	16			148	78
1879	2	0			123	99
1880	6	3			150	142
1881	3	4			150	150
1882	56	25			150	96
1883	0	0			144	81
1884	87	75			150	150
1885	0	1			120	150
1886	99	88			150	144
1887	187	3			150	150
1888	3	12			150	150
1889	1	0			108	96
1890	5	0			150	96
1891	5	1			150	108
1892	0	0			150	111
1893	3	17			150	150
1894	3	38			150	150
1895	7	28			150	150
1896	7	32			150	150
1897	10	8			150	150
1898	0	6			150	150
1899	0	0			125	150
1900	10	0			150	150
1901	0	0			150	150
1902	15	19			150	150
1903	20	0			150	97
1904	123	300			150	150
1905	4	7			150	150
1906	0	0			150	117
1907	15	33			150	150
1908	2	3			150	150
1909	0	3			150	150
1910	0	3			150	150
1911	0	0			150	150
1912	2	0			150	150
1913	2	0			150	150
1914	1	0			150	150
1915	18	3			150	150
1916	2	4			145	150
1917	0	0			150	150
1918	3	20			111	150
1919	56	57			150	150
1920	1	0			150	150
1921	0	0			87	87
1922	2	0			150	150
1923	9	13			150	150
1924	8	7			150	150
1925	79	8			150	150
1926	33	13			150	135
1927	26	30			150	150
1928	2	0			150	150
1929	0	39			150	150
1930	2	59			150	150
1931	17	12			150	120
1932	31	0			120	150
1933	14	40			120	150
1934	0	0			150	150
1935	0	0			150	150
1936	0	3			150	146
1937	1	3			150	146
1938	1	0			150	150
1939	1	1			150	150
1940	0	0			150	150
1941	0	0			150	150
1942	3	2			150	150
1943	4	7			150	147
1944	8	1			150	150
1945	1	0			150	150
1946	31	0			150	150
1947	1	44			150	150
1948	0	0			138	150
1949	0	0			138	150
1950	0	0			150	150
1951	0	0			150	138
1952	0	0			150	138
1953	7	10			150	150
1954	800	342			150	150
1955	123	98			150	150
1956	0	2			150	150
1957	56	72			150	150
1958	0	0			139	150
1959	3	3			150	150
1960	0	1			150	150
1961	21	16			150	150
1962	23	20			150	150
1963	0	1			108	150
1964	102	87			150	150
1965	0	0			144	147
1966	0	0			150	150
1967	146	0			150	150
1968	5	16			150	150
1969	323	669			150	150
1970	110	275			115	150
1971	18	26			150	150
1972	0	0			83	77
1973	17	51			138	150
1974	0	0			150	133
1975	0	0			150	150
1976	0	0			150	87
1977	0	0			87	150
1978	0	0			150	150
1979	11	18			149	150
1980	181	198			150	150
1981	1165	2070			150	150
1982	15	11			150	150
1983	5	5			150	150
1984	0	2			150	114
1985	5	13			150	150
1986	2	17			150	150
1987	0	0			118	150
1988	3	17			150	150
1989	0	0			150	150
1990	56	91			150	150
1991	1	8			150	150
1992	0	2			150	150
1993	0	2			150	150
1994	0	0			150	150
1995	11	16			150	150
1996	11	16			150	150
1997	24	34			134	150
1998	0	0			150	141
1999	1	0			150	150
2000	0	0			123	150
2001	20	4			150	150
2002	0	0			150	150
2003	0	0			150	129
2004	0	0			150	150
2005	1	0			125	150
2006	19	56			150	150
2007	0	3			150	150
2008	2	2			150	129
2009	182	89			150	150
2010	0	0			150	133
2011	20	25			150	150
2012	3	59			150	149
2013	4	107			150	149
2014	20	7			132	150
2015	0	0			129	150
2016	20	53			126	150
2017	0	0			130	150
2018	0	0			93	150
2019	59	104			150	150
2020	1	0			150	150
2021	2	0			150	150
2022	2	1			150	150
2023	38	63			150	150
2024	7	6			148	150
2025	7	10			150	148
2026	2	3			150	126
2027	0	1			120	90
2028	0	0			120	90
2029	1	0			90	90
2030	1	4			150	144
2031	25	18			150	150
2032	16	1			125	150
2033	0	0			150	98
2034	0	0			150	98
2035	5	18			150	150
2036	0	16			150	150
2037	0	16			109	150
2038	0	0			109	150
2039	4	25			150	150
2040	4	7			150	150
2041	0	6			150	150
2042	1	0			150	150
2043	1	0			135	149
2044	0	1			150	135
2045	46	0			108	111
2046	8	8			143	134
2047	0	0			150	140
2048	22	7			150	150
2049	4	0			150	149
2050	4	25			150	150
2051	0	19			149	150
2052	10	24			128	150
2053	15	25			150	150
2054	12	14			150	150
2055	0	0			150	150
2056	1412	1323			147	150
2057	181	1449			150	149
2058	1462	1449			150	149
2059	18	14			122	150
2060	0	0			150	150
2061	0	0			150	150
2062	0	0			150	150
2063	0	0			150	150
2064	0	0			150	150
2065	0	0			150	150
2066	0	0			150	150
2067	0	0			150	150
2068	0	0			150	150
2069	210	309			149	150
2070	2	0			150	134
2071	1	2			147	150
2072	70	101			150	150
2073	4	0			150	150
2074	0	0			150	150
2075	2	0			150	87
2076	1	0			87	87
2077	0	0			138	150
2078	0	0			138	150
2079	0	0			150	150
2080	0	0			150	138
2081	0	0			150	138
2082	31	40			150	150
2083	126	154			150	150
2084	372	802			150	150
2085	0	0			150	150
2086	0	24			150	150
2087	2	0			150	150
2088	2	0			150	150
2089	276	0			150	77
2090	0	0			150	150
2091	0	0			127	127
2092	0	1			150	150
2093	0	1			127	127
2094	0	1			127	127
2095	0	0			127	127
2096	4	46			150	150
2097	2	35			150	150
2098	0	0			150	126
2099	6	16			150	150
2100	3	3			150	150
2101	10	11			147	150
2102	1	0			135	150
2103	2	0			150	150
2104	0	0			150	150
2105	12	25			116	150
2106	9	0			87	87
2107	9	0			87	150
2108	0	0			150	103
2109	0	0			150	150
2110	2	4			112	150
2111	118	42			150	130
2112	2	1			150	116
2113	6	1			150	116
2114	2	12			150	150
2115	6	12			150	150
2116	317	542			150	150
2117	221	270			150	150
2118	206	222			150	150
2119	136	321			115	150
2120	136	71			115	113
2121	113	113			150	150
2122	0	1			102	99
2123	1	0			150	150
2124	59	12			150	106
2125	8	1			129	141
2126	0	0			150	150
2127	0	0			150	150
2128	0	1			150	150
2129	3	0			150	150
2130	1	1			136	150
2131	0	0			150	150
2132	0	0			150	150
2133	0	47			111	121
2134	30	39			141	150
2135	0	0			150	150
2136	1	32			150	150
2137	9	26			141	150
2138	7	6			141	104
2139	0	0			99	99
2140	0	0			134	99
2141	0	0			150	134
2142	0	0			150	134
2143	0	0			150	150
2144	0	0			83	83
2145	2	0			83	110
2146	2	0			83	83
2147	0	0			110	83
2148	2	0			132	141
2149	0	3			99	99
2150	0	5			120	117
2151	1	0			150	150
2152	0	2			92	95
2153	4	1			150	150
2154	45	274			150	150
2155	1	8			150	150
2156	73	220			137	150
2157	5	220			150	150
2158	164	12			150	92
2159	89	12			150	92
2160	0	0			111	150
2161	6	0			150	108
2162	0	0			147	150
2163	0	0			129	150
2164	0	0			129	150
2165	0	0			129	150
2166	0	0			129	150
2167	0	0			129	150
2168	0	0			150	150
2169	0	0			150	150
2170	0	0			150	150
2171	0	0			150	150
2172	0	0			150	150
2173	0	0			150	150
2174	0	0			150	150
2175	0	0			150	150
2176	0	0			150	150
2177	0	0			150	123
2178	270	285			150	147
2179	28	35			150	150
2180	1	0			150	150
2181	0	0			150	150
2182	5	22			150	138
2183	0	0			150	146
2184	1	49			150	150
2185	76	106			150	150
2186	6	12			109	143
2187	13	17			150	150
2188	0	25			139	148
2189	0	0			150	144
2190	826	1887			150	150
2191	0	0			150	150
2192	13	11			150	147
2193	33	42			150	150
2194	30	65			150	150
2195	0	1			150	111
2196	0	0			150	150
2197	0	0			150	150
2198	10	3			150	120
2199	119	542			150	150
2200	0	0			150	150
2201	110	137			150	150
2202	2	1			150	117
2203	9	36			150	150
2204	4	35			150	150
2205	3	35			150	150
2206	0	41			129	150
2207	5	0			150	150
2208	2	0			150	109
2209	0	0			94	94
2210	41	4			150	150
2211	0	0			121	133
2212	3	2			145	150
2213	1	16			145	150
2214	0	0			126	150
2215	0	0			119	150
2216	0	0			150	99
2217	0	0			116	99
2218	0	0			116	150
2219	0	0			150	150
2220	0	0			150	150
2221	17	5			150	150
2222	0	2			150	150
2223	2	0			150	150
2224	0	28			150	150
2225	0	27			150	150
2226	32	55			150	150
2227	1	2			150	150
2228	3	5			150	149
2229	0	0			150	150
2230	0	0			135	135
2231	2	1			150	150
2232	2	1			150	108
2233	0	4			150	150
2234	1	4			109	150
2235	13	38			150	150
2236	0	0			150	150
2237	7	14			150	111
2238	0	0			150	138
2239	0	0			150	150
2240	2	7			150	150
2241	26	1			150	150
2242	0	0			123	150
2243	2350	4342			150	150
2244	0	0			143	137
2245	0	0			150	150
2246	204	402			150	150
2247	0	5			78	78
2248	0	0			93	93
2249	0	1			150	150
2250	202	0			150	150
2251	0	0			90	78
2252	0	0			117	78
2253	173	196			150	150
2254	2	165			150	150
2255	2	6			150	150
2256	12	117			130	150
2257	25	29			150	150
2258	10	2			150	150
2259	25	35			145	150
2260	3	8			150	150
2261	6	2			150	150
2262	12	12			150	150
2263	25	0			150	150
2264	39	229			150	150
2265	1	2			150	150
2266	1	4			150	150
2267	0	1			127	150
2268	3	0			150	150
2269	0	5			150	150
2270	0	0			150	150
2271	11	16			150	150
2272	0	0			150	150
2273	18	0			150	150
2274	19	17			150	150
2275	2	1			150	150
2276	4	3			150	137
2277	3	5			150	113
2278	3	5			150	113
2279	3	4			150	113
2280	0	0			150	150
2281	0	0			150	150
2282	0	0			150	150
2283	6	11			125	150
2284	0	1			150	150
2285	4	11			150	150
2286	2	2			150	150
2287	2	2			150	150
2288	0	9			150	150
2289	23	8			150	126
2290	69	50			150	150
2291	10	17			150	150
2292	5	1			150	150
2293	5	9			150	150
2294	126	213			150	144
2295	4	0			150	78
2296	3	0			124	117
2297	1	0			150	150
2298	0	0			132	120
2299	1	0			141	138
2300	0	1			93	93
2301	0	2			90	150
2302	0	1			131	141
2303	2	0			150	96
2304	7	9			150	150
2305	3	3			150	150
2306	0	1			150	150
2307	0	1			150	150
2308	0	0			150	150
2309	0	0			150	150
2310	0	0			150	150
2311	1	6			81	150
2312	4	8			147	150
2313	0	0			150	150
2314	2	3			150	150
2315	0	0			145	150
2316	4	5			130	150
2317	0	0			138	120
2318	14	21			150	150
2319	18	1			150	127
2320	5	8			119	125
2321	0	0			150	150
2322	37	35			150	150
2323	0	0			81	81
2324	0	0			150	150
2325	0	14			150	150
2326	8	15			150	150
2327	12	15			150	150
2328	63	92			150	150
2329	0	2			150	150
2330	24	26			139	150
2331	0	0			150	150
2332	0	12			150	115
2333	0	0			150	150
2334	190	280			150	150
2335	21	34			137	150
2336	0	0			145	150
2337	66	57			150	150
2338	26	15			150	150
2339	5	3			150	144
2340	0	1			123	150
2341	0	0			93	93
2342	1	0			150	137
2343	0	0			150	150
2344	0	0			150	135
2345	0	0			150	133
2346	0	0			133	150
2347	6	247			150	150
2348	62	62			150	150
2349	1	3			150	121
2350	1	0			126	126
2351	3	3			126	138
2352	3	27			150	150
2353	1	21			149	150
2354	7	17			150	150
2355	7	7			150	150
2356	7	7			150	150
2357	35	15			150	150
2358	3	14			150	150
2359	3	5			150	150
2360	10	5			150	117
2361	9	9			150	150
2362	37	58			146	149
2363	10	42			150	150
2364	0	13			150	150
2365	18	87			146	150
2366	19	41			150	150
2367	67	56			150	150
2368	0	1			150	150
2369	15	121611			150	150
2370	16	21			142	113
2371	6	3			149	150
2372	1	2			150	150
2373	21	39			145	150
2374	0	0			150	150
2375	4	7			150	150
2376	0	0			150	150
2377	58	3			150	150
2378	546	1191			150	150
2379	1	0			150	125
2380	0	1			150	150
2381	8	1			150	150
2382	8	0			150	150
2383	301	454			150	150
2384	56	222			147	150
2385	0	0			150	98
2386	0	0			150	98
2387	0	0			150	150
2388	0	0			150	150
2389	10	0			150	150
2390	10	0			150	150
2391	0	0			150	150
2392	0	0			150	114
2393	0	7			150	150
2394	29	55			150	150
2395	0	0			123	150
2396	0	0			96	99
2397	5	0			150	150
2398	4	0			150	125
2399	17	25			150	150
2400	11	24			150	150
2401	415	910			150	150
2402	342	68			150	147
2403	423	493			147	147
2404	357	416			147	129
2405	67	447			147	147
2406	2	391			147	129
2407	0	8			150	150
2408	22	29			150	150
2409	22	166			118	150
2410	19	149			118	150
2411	0	0			150	150
2412	0	0			150	150
2413	0	3			94	94
2414	0	0			87	87
2415	0	0			87	87
2416	0	0			87	87
2417	0	0			150	150
2418	1	7			150	150
2419	34	5			150	150
2420	36	26			150	150
2421	22	6			138	150
2422	21	36			138	150
2423	10	1			150	150
2424	7	1			150	150
2425	0	0			150	150
2426	170	200			150	150
2427	78	76			150	150
2428	0	0			141	150
2429	0	0			141	150
2430	4	9			150	150
2431	5	6			150	144
2432	29	0			150	150
2433	3	48			150	150
2434	0	1			150	150
2435	0	12			150	146
2436	0	6			150	137
2437	1	12			150	146
2438	1	6			150	137
2439	0	1			150	147
2440	0	0			123	150
2441	19	56			149	150
2442	192	246			150	150
2443	11	5			138	150
2444	49	59			150	150
2445	0	0			150	150
2446	0	3			150	150
2447	0	3			150	150
2448	3	1			150	150
2449	105	4			145	147
2450	11	24			150	147
2451	11	22			150	150
2452	1	25			146	147
2453	0	0			150	150
2454	19	5			150	150
2455	4	0			150	150
2456	2	0			150	150
2457	2	0			150	150
2458	3	10			150	150
2459	16	27			150	150
2460	45	54			150	135
2461	11	17			150	150
2462	11	7			150	150
2463	8	7			150	150
2464	64	200			129	150
2465	33	56			150	150
2466	0	56			144	150
2467	33	56			150	150
2468	29	37			131	150
2469	0	26			125	122
2470	33	57			150	150
2471	1	0			150	150
2472	34	32			144	150
2473	0	0			109	143
2474	0	0			150	150
2475	0	0			150	150
2476	0	0			150	150
2477	4	5			126	148
2478	7	5			126	148
2479	7	7			126	148
2480	5	7			148	148
2481	6	4			148	148
2482	11	6			150	104
2483	15	6			150	150
2484	59	141			150	150
2485	49	65			150	150
2486	3	0			150	150
2487	1	95			150	150
2488	63	1			150	150
2489	207	339			150	150
2490	13	339			150	150
2491	33	36			150	150
2492	10	19			150	150
2493	16	71			120	117
2494	0	0			150	150
2495	0	0			150	150
2496	1	0			150	150
2497	29	16			150	118
2498	1	2			150	127
2499	0	26			150	150
2500	0	4			150	150
2501	1	3			150	150
2502	0	0			140	150
2503	197	296			150	132
2504	0	0			123	140
2505	0	0			150	150
2506	19	25			150	150
2507	0	0			123	150
2508	3	4			150	150
2509	3	6			150	150
2510	39	47			150	150
2511	179	227			150	138
2512	186	246			150	150
2513	121	155			145	136
2514	121	177			145	150
2515	0	13			147	150
2516	301	1109			134	150
2517	17	8			150	150
2518	10	8			150	150
2519	26	12			150	150
2520	18	12			130	150
2521	95	12			150	150
2522	95	26			150	150
2523	95	18			150	130
2524	28	1			150	103
2525	0	16			150	150
2526	41	35			150	150
2527	1	4			150	150
2528	0	6			142	116
2529	0	0			150	150
2530	2	10			110	150
2531	2	4			150	122
2532	0	0			150	148
2533	18	43			150	150
2534	184	313			150	150
2535	14	0			150	150
2536	63	64			150	150
2537	0	0			150	150
2538	25	52			150	150
2539	6	9			126	150
2540	6	6			150	150
2541	8	5			150	150
2542	13	10			150	139
2543	69	61			150	150
2544	65	108			150	150
2545	3	12			150	150
2546	0	0			96	102
2547	0	0			96	96
2548	41	47			150	150
2549	53	0			87	87
2550	0	0			150	150
2551	0	0			150	150
2552	0	0			132	150
2553	0	0			150	150
2554	7	1			150	150
2555	0	2			150	121
2556	0	0			109	150
2557	0	0			150	150
2558	0	0			150	150
2559	0	0			150	150
2560	0	0			150	150
2561	0	0			150	150
2562	0	0			150	150
2563	0	0			150	150
2564	0	0			150	150
2565	0	0			150	150
2566	0	0			150	150
2567	0	0			123	150
2568	19	58			136	150
2569	16	2			150	136
2570	19	32			150	136
2571	0	0			90	150
2572	0	0			129	129
2573	15	79			150	150
2574	0	0			78	78
2575	0	0			78	78
2576	0	0			78	78
2577	13	1			150	150
2578	0	0			150	150
2579	0	0			150	150
2580	30	30			150	150
2581	0	0			96	150
2582	0	0			150	147
2583	6	2			150	150
2584	2	6			150	150
2585	34	2			150	150
2586	0	4			150	147
2587	3	0			141	135
2588	25	68			150	150
2589	9	12			150	150
2590	43	58			128	146
2591	7	1			150	150
2592	2	0			150	108
2593	0	2			150	150
2594	8	4			150	150
2595	0	1			150	150
2596	7	5			150	105
2597	5	5			117	105
2598	3	8			150	148
2599	26	55			150	150
2600	193	171			150	150
2601	12	8			101	130
2602	7	22			150	150
2603	6	22			150	150
2604	122	199			150	150
2605	9	9			150	150
2606	17	1			150	150
2607	8	13			150	147
2608	0	121			119	150
2609	0	0			150	150
2610	0	0			123	150
2611	26	30			150	150
2612	247	374			150	150
2613	1	0			150	132
2614	34	71			119	150
2615	0	0			138	150
2616	0	73			101	150
2617	0	0			150	150
2618	0	0			150	150
2619	0	0			150	150
2620	0	0			148	150
2621	0	0			150	150
2622	0	0			138	140
2623	0	0			150	150
2624	0	0			128	150
2625	0	0			150	150
2626	10	2			150	98
2627	12	5			150	98
2628	2	8			150	150
2629	13	29			150	150
2630	13	6			150	150
2631	19	33			150	150
2632	3	50			150	150
2633	16	42			150	150
2634	1	2			147	141
2635	7	12			150	150
2636	27	32			150	150
2637	13	4			150	129
2638	0	0			96	96
2639	8	2			150	150
2640	13	154			150	140
2641	28	150			150	150
2642	830	1679			150	150
2643	0	62			150	128
2644	271	340			150	150
2645	417	622			150	150
2646	1	5			123	146
2647	3	8			141	123
2648	1	4			129	149
2649	0	3			150	139
2650	2	1			150	150
2651	140	261			150	150
2652	2	10			150	150
2653	15	32			150	150
2654	35	36			145	150
2655	0	0			147	141
2656	6	1			150	150
2657	2	1			150	150
2658	0	2			150	130
2659	13	7			150	109
2660	0	6			150	150
2661	5	26			150	150
2662	0	1			150	150
2663	0	1			110	150
2664	0	0			150	150
2665	7	13			150	150
2666	0	1			150	114
2667	0	0			102	132
2668	4	4			150	150
2669	135	124			150	126
2670	0	0			150	150
2671	1	8			150	150
2672	2	2			150	150
2673	0	2			150	150
2674	0	8			150	150
2675	11	0			150	116
2676	3	0			132	116
2677	0	27			150	150
2678	7	8			120	144
2679	35	89			150	144
2680	122	82			150	150
2681	0	16			81	150
2682	278	205			126	114
2683	278	250			126	129
2684	15	17			150	150
2685	0	3			132	150
2686	1	0			150	147
2687	0	0			145	150
2688	0	3			150	150
2689	0	3			150	150
2690	2	0			116	150
2691	6	0			87	150
2692	0	0			150	103
2693	0	0			150	150
2694	0	0			150	150
2695	44	123			101	150
2696	50	40			150	150
2697	13	9			150	136
2698	1	1			150	150
2699	0	0			150	128
2700	0	0			150	150
2701	0	0			150	148
2702	0	2			150	150
2703	0	0			150	112
2704	0	0			150	150
2705	19	0			145	150
2706	0	0			105	147
