ID	IJC_SAMPLE_1	SJC_SAMPLE_1	IJC_SAMPLE_2	SJC_SAMPLE_2	IncFormLen	SkipFormLen
0	0	0			247	137
1	0	0			367	137
2	0	0			367	247
3	0	0			168	98
4	0	0			168	98
5	0	0			138	255
6	0	0			138	255
7	0	0			153	255
8	0	0			153	138
9	0	0			153	138
10	0	0			247	137
11	0	0			367	137
12	0	0			367	247
13	0	0			138	255
14	0	0			138	255
15	0	0			153	255
16	0	0			153	138
17	0	0			153	138
18	0	0			123	165
19	0	0			247	137
20	0	0			367	137
21	0	0			367	247
22	0	0			138	255
23	0	0			138	255
24	0	0			153	255
25	0	0			153	138
26	0	0			153	138
27	0	0			174	214
28	0	0			224	108
29	0	0			192	111
30	0	0			123	165
31	0	0			247	137
32	0	0			367	137
33	0	0			367	247
34	0	0			138	255
35	0	0			138	255
36	0	0			153	255
37	0	0			153	138
38	0	0			153	138
39	0	0			123	165
40	0	0			247	137
41	0	0			367	137
42	0	0			367	247
43	0	0			168	98
44	0	0			168	98
45	0	0			192	111
46	0	0			179	259
47	0	0			259	333
48	0	0			193	192
49	0	0			147	141
50	0	0			218	103
51	0	0			360	151
52	0	0			193	192
53	0	0			111	153
54	0	0			218	103
55	0	0			360	151
56	0	0			147	141
57	0	0			218	103
58	0	0			360	151
59	0	0			193	192
60	0	0			147	141
61	0	0			111	153
62	0	0			193	192
63	0	0			147	141
64	0	0			372	372
65	0	0			218	103
66	0	0			360	151
67	0	0			84	102
68	0	0			148	226
69	0	0			165	238
70	0	0			231	174
71	0	0			141	312
72	0	0			138	297
73	0	0			1374	252
74	0	0			99	126
75	0	0			99	102
76	0	0			102	126
77	0	0			102	129
78	0	0			170	186
79	0	0			206	217
80	0	0			230	203
81	0	0			403	121
82	0	0			182	177
83	0	0			284	177
84	0	0			172	246
85	0	0			172	153
86	0	0			232	211
87	0	0			232	170
88	0	0			190	183
89	0	0			166	291
90	0	0			160	108
91	0	0			126	179
92	0	0			218	103
93	0	0			360	151
94	0	0			173	173
95	0	0			372	372
96	0	1			210	165
97	0	0			123	165
98	0	0			106	170
99	0	0			420	238
100	12	105			138	297
101	0	0			170	186
102	0	0			193	192
103	0	0			192	111
104	0	0			231	231
105	0	0			194	457
106	0	93			115	205
107	1	0			111	105
108	0	0			217	183
109	0	0			193	114
110	0	0			213	123
111	0	4			184	222
112	8	16			206	217
113	21	0			175	121
114	55	0			1266	192
115	0	0			93	90
116	153	236			143	183
117	0	3			210	231
118	1	5			144	111
119	0	2			93	93
120	90	45			211	161
121	0	0			206	126
122	0	0			206	235
123	0	0			126	235
124	3153	12519			159	177
125	103	14			153	210
126	20	8			160	120
127	8	0			175	160
128	15	15			123	140
129	64	21			211	172
130	0	1			420	238
131	702	478			299	278
132	47	9			252	146
133	0	59			188	185
134	12	152			262	738
135	6	16			163	207
136	0	4			136	168
137	0	0			182	221
138	106	106			199	166
139	0	4			167	212
140	10	12			142	227
141	129	1			2424	234
142	6	5			167	195
143	11	0			215	169
144	71	2019			285	247
145	1285	2019			155	247
146	15	2			115	118
147	48	3			154	146
148	14	0			223	434
149	12	0			223	113
150	14	0			223	113
151	5	1			282	254
152	29	24			200	240
153	6	28			146	229
154	593	700			216	220
155	2	6			146	153
156	0	0			153	119
157	0	7			153	130
158	8	3			153	119
159	7	0			153	119
160	0	7			119	130
161	4	8			119	130
162	0	27			154	255
163	19	10			255	130
164	11	91			121	204
165	1	96			121	204
166	26	96			175	204
167	28	96			180	204
168	26	1			175	121
169	28	1			180	121
170	2	19			147	144
171	0	4			175	215
172	0	0			185	133
173	6	0			129	148
174	1	3			1030	221
175	1	3			197	221
176	28	29			254	254
177	69	4			219	156
178	1023	1846			172	145
179	336	1841			172	145
180	2	0			141	175
181	5	11			219	184
182	331	101			243	132
183	10	7			222	130
184	34	52			191	294
185	14	14			300	144
186	0	0			117	243
187	8	9			159	177
188	24	17			142	159
189	0	0			222	207
190	0	0			645	198
191	0	0			123	182
192	3	143			193	225
193	382	626			255	318
194	4	130			155	164
195	0	8			232	266
196	0	0			357	155
197	78	46			148	230
198	31	37			218	204
199	34	158			157	265
200	0	6			151	192
201	31	65			148	123
202	136	66			148	123
203	4	0			141	139
204	23	26			118	175
205	0	0			163	118
206	116	25			158	164
207	599	280			161	222
208	599	223			161	278
209	0	0			183	168
210	0	0			150	222
211	0	0			319	319
212	0	3			192	122
213	0	1			193	193
214	0	1			106	226
215	102	134			150	159
216	0	2			97	97
217	27	0			111	153
218	0	0			218	103
219	0	0			360	151
220	0	0			247	177
221	0	0			249	373
222	0	0			136	229
223	0	0			147	229
224	8	8			133	243
225	30	32			207	143
226	83	6			451	197
227	134	260			220	205
228	0	1			148	198
229	131	162			163	162
230	276	14			161	161
231	573	23			156	141
232	58	158			268	366
233	67	158			314	366
234	5	10			240	240
235	15	57			136	259
236	23	15			164	136
237	8	0			213	120
238	28	248			260	454
239	0	1			200	195
240	0	1			200	250
241	1	4			124	121
242	1	2			153	157
243	321	407			168	117
244	0	0			122	119
245	163	204			153	165
246	11	41			151	260
247	28	689			157	231
248	38	158			237	269
249	47	62			202	195
250	0	0			171	118
251	6	0			328	174
252	35	0			85	85
253	0	1			173	206
254	119	142			244	150
255	19	60			208	281
256	0	0			143	143
257	0	0			103	143
258	13	61			183	273
259	18	8			299	249
260	9	152			163	393
261	3	152			131	393
262	3	9			131	163
263	0	0			172	172
264	28	0			138	193
265	209	1			192	265
266	4	13			164	202
267	0	4			137	236
268	4	6			230	202
269	0	0			157	265
270	0	0			269	265
271	0	0			269	157
272	4	9			162	230
273	11	3			206	187
274	8	3			202	187
275	3	0			133	102
276	96	48			234	122
277	171	48			196	122
278	57	58			311	299
279	57	68			311	302
280	1	0			248	173
281	31	103			238	242
282	122	143			238	276
283	143	211			222	249
284	37	74			192	306
285	0	0			163	132
286	11	22			158	158
287	80	85			154	146
288	91	62			165	154
289	49	53			144	243
290	0	0			166	291
291	0	0			190	183
292	1	1			232	170
293	1	1			232	211
294	47	5			397	200
295	1	0			202	226
296	0	0			166	226
297	0	0			125	143
298	1	0			202	204
299	0	1			223	202
300	0	1			166	202
301	0	1			207	202
302	0	1			373	300
303	0	0			167	136
304	0	1			116	199
305	0	0			123	232
306	0	0			204	213
307	6	12			199	141
308	21	8			153	270
309	1	0			194	190
310	0	0			216	190
311	1	0			241	190
312	2	0			199	190
313	1	0			241	211
314	0	1			216	194
315	1	1			241	194
316	2	1			199	194
317	1	0			241	216
318	2	0			199	216
319	2	1			199	241
320	0	1			199	241
321	20	43			145	172
322	2	7			185	159
323	0	0			150	174
324	0	0			158	189
325	0	0			202	121
326	24	114			117	205
327	4	19			160	108
328	5	30			108	180
329	16	24			122	165
330	42	83			158	198
331	15	38			117	149
332	0	6			131	125
333	19	0			185	173
334	10	0			160	173
335	4	12			149	180
336	10	55			221	222
337	48	43			166	180
338	1	4			148	154
339	0	0			174	214
340	4	1			214	179
341	1	5			168	144
342	1	3			165	155
343	109	229			142	222
344	653	387			241	172
345	0	1			168	193
346	3	30			138	158
347	0	1			120	120
348	0	0			133	150
349	8	0			183	114
350	31	37			224	165
351	89	51			247	189
352	67	52			249	205
353	55	4			268	134
354	0	0			127	126
355	10	12			184	252
356	5	15			129	204
357	15	18			219	219
358	31	34			180	125
359	5	27			125	130
360	1	0			268	123
361	1	0			150	215
362	94	106			209	143
363	85	106			185	143
364	2	0			201	170
365	0	0			129	153
366	59	38			188	144
367	11	16			195	196
368	11	16			204	196
369	9	32			174	322
370	17	15			234	174
371	0	364			100	100
372	15	34			119	180
373	15	2			127	119
374	5	0			230	95
375	0	0			174	96
376	0	1			135	177
377	3	4			167	155
378	186	95			224	134
379	1	3			198	187
380	54	37			167	141
381	0	0			166	295
382	7	9			155	224
383	11	3			224	187
384	0	0			176	142
385	0	0			250	176
386	2	0			199	138
387	2	0			199	147
388	0	0			138	147
389	20	36			123	227
390	0	0			167	167
391	41	14			243	177
392	19	14			219	177
393	17	19			250	229
394	26	59			201	238
395	22	27			151	196
396	98	116			126	115
397	1	148			117	271
398	177	188			171	171
399	0	0			450	651
400	7	1			176	133
401	0	0			108	135
402	581	1072			218	280
403	5	60			172	209
404	0	3			337	200
405	0	3			337	196
406	7	31			302	148
407	2	2			202	159
408	2	21			171	198
409	13	3			140	178
410	926	1951			114	246
411	1024	867			135	102
412	55	46			181	181
413	1	6			189	249
414	0	3			179	249
415	1	3			182	249
416	1	9			189	189
417	0	6			179	189
418	1	6			182	189
419	9	4			284	192
420	0	0			430	150
421	0	0			163	366
422	0	0			197	104
423	3	0			182	151
424	0	6			197	273
425	45	16			211	157
426	42	16			211	157
427	16	28			198	191
428	0	12			95	156
429	3992	1269			177	177
430	4	14			220	221
431	4	14			201	221
432	0	1			84	84
433	38	9			211	168
434	15	13			328	200
435	22	26			231	220
436	8	46			102	201
437	8038	11017			243	249
438	14	0			243	98
439	2	21			128	243
440	4	4			128	235
441	13	2			187	128
442	4	55			169	137
443	41	76			200	199
444	115	82			234	171
445	0	106			156	135
446	4	5			150	129
447	0	25			147	147
448	0	4			92	174
449	7	4			460	174
450	91	41			184	104
451	13	31			214	278
452	25	31			212	278
453	25	13			212	214
454	39	0			286	133
455	2	0			244	174
456	0	0			189	228
457	19	7			284	146
458	51	2			215	159
459	0	1			226	197
460	8	9			197	207
461	12	5			133	166
462	3	6			166	166
463	1	14			217	341
464	59	137			150	146
465	13	10			168	168
466	150	10			363	168
467	150	13			363	168
468	87	132			330	363
469	384	5			127	229
470	38	5			207	161
471	140	254			143	151
472	6	1			197	200
473	15	23			147	155
474	26	23			172	155
475	90	90			260	258
476	3	0			207	161
477	7	17			162	255
478	735	16			147	245
479	0	0			321	84
480	0	0			516	84
481	0	0			205	462
482	82	104			219	210
483	4	2			173	128
484	4	4			173	340
485	1	5			153	160
486	4	4			200	166
487	0	1			191	195
488	92	9			182	144
489	1	9			145	220
490	1	14			145	671
491	1	0			213	193
492	0	4			200	227
493	4	7			160	255
494	44	30			205	172
495	456	567			154	147
496	1	0			185	189
497	435	360			219	185
498	165	278			203	177
499	0	0			179	119
500	0	0			79	82
501	1	0			214	214
502	7	35			220	368
503	2	3			704	197
504	0	3			253	197
505	0	14			108	144
506	0	6			108	102
507	0	2			78	255
508	72	583			186	205
509	72	313			186	233
510	2	6			111	161
511	40	9			162	198
512	12	14			154	213
513	7	1			113	137
514	191	203			225	195
515	17	31			205	172
516	173	602			164	248
517	27	157			118	238
518	156	137			238	153
519	21	39			250	239
520	27	22			175	188
521	17	116			153	510
522	157	78			267	150
523	1	0			216	192
524	224	328			232	219
525	171	15			265	156
526	0	0			158	125
527	57	214			148	259
528	10	20			249	246
529	11	0			246	81
530	1	0			164	178
531	0	0			138	236
532	0	0			159	168
533	0	0			159	162
534	0	0			168	162
535	0	0			192	196
536	1	0			354	354
537	891	519			254	177
538	21	26			168	190
539	5	18			198	203
540	143	140			201	201
541	178	215			151	151
542	23	0			149	137
543	12	8			161	164
544	0	0			98	98
545	0	0			81	81
546	20	6			128	132
547	0	0			168	105
548	0	0			117	105
549	1	0			196	193
550	34	109			140	242
551	0	0			171	171
552	3	7			198	292
553	9	4			163	215
554	11	15			147	144
555	8	14			147	261
556	67	22			203	137
557	93	39			258	141
558	16	21			133	147
559	22	48			147	207
560	157	353			178	205
561	0	2			236	197
562	5	10			114	149
563	0	0			147	141
564	0	0			207	161
565	1	0			157	146
566	3	0			84	84
567	0	4			190	251
568	4	24			204	750
569	37	123			120	272
570	1	3			196	151
571	10	0			692	190
572	3	0			196	163
573	55	13			206	142
574	14	8			144	108
575	54	46			178	159
576	0	0			225	141
577	23	8			139	140
578	0	0			260	455
579	7627	6804			726	349
580	6388	5152			349	226
581	45627	37262			725	223
582	43282	37262			725	223
583	11	43247			179	725
584	36	23			192	130
585	36	44			192	185
586	36	64			192	243
587	4	3			240	181
588	4	5			240	115
589	14	25			237	140
590	24	25			204	140
591	1	0			176	198
592	31	78			192	267
593	1	0			171	231
594	2	1			126	270
595	0	0			221	170
596	4	10			208	120
597	0	0			153	135
598	0	0			96	96
599	10	5			190	116
600	238	95			612	182
601	0	0			160	173
602	0	0			129	137
603	1	0			219	204
604	46	0			100	100
605	2	6			279	234
606	0	0			318	421
607	0	0			318	318
608	6	2			222	114
609	65	133			156	201
610	0	0			172	125
611	0	0			193	192
612	6	2			180	147
613	5	1			200	142
614	0	0			142	194
615	0	1			142	111
616	0	0			182	179
617	5	2			133	168
618	5	0			168	114
619	36	56			252	190
620	1	0			252	180
621	16	12			230	203
622	0	0			168	246
623	84	179			200	277
624	1	1			174	200
625	5	0			226	148
626	1	0			165	153
627	7	37			103	183
628	6	11			186	216
629	0	225			76	211
630	513	339			143	130
631	0	0			138	195
632	0	1			186	194
633	8	37			143	250
634	30	21			134	126
635	9	0			163	138
636	130	0			243	138
637	130	9			243	163
638	0	0			110	127
639	0	0			126	180
640	44	34			245	162
641	0	0			125	195
642	0	0			530	142
643	4	8			251	242
644	10	4			245	189
645	0	0			143	284
646	0	0			141	255
647	0	0			123	99
648	0	4			211	214
649	0	0			198	131
650	0	0			193	192
651	7	9			155	179
652	20	54			137	229
653	0	69			191	732
654	0	10			166	178
655	1	20			166	178
656	122	250			224	304
657	6	10			126	170
658	7	5			210	234
659	6	4			225	210
660	17	5			594	412
661	13	31			290	256
662	13	24			290	255
663	1818	2332			213	201
664	1208	1912			207	213
665	193	391			175	209
666	252	52			198	175
667	252	189			198	175
668	55	32			211	166
669	0	0			120	208
670	4	0			147	354
671	0	0			168	202
672	0	1			135	237
673	0	0			211	151
674	0	1			169	126
675	0	4			121	144
676	19	18			243	110
677	3	78			92	183
678	1	16			141	136
679	13	16			360	136
680	8	17			262	317
681	296	4			227	215
682	2014	6466			222	261
683	9	0			176	138
684	17	6			228	138
685	3	3			114	170
686	1	34			213	234
687	5	45			151	146
688	18	0			255	168
689	21	0			291	168
690	0	15			143	185
691	24	24			269	142
692	66	34			225	324
693	41	34			180	324
694	41	34			180	324
695	0	0			81	81
696	96	83			177	146
697	13	15			195	179
698	2	3			178	183
699	1	3			197	183
700	1	2			197	178
701	3	40			134	168
702	0	0			233	102
703	0	0			111	114
704	0	1			134	118
705	21	193			270	314
706	20	18			226	254
707	0	2			197	159
708	1	1			316	197
709	0	1			239	316
710	0	0			87	84
711	0	0			255	147
712	0	0			255	150
713	0	0			183	150
714	7	23			173	193
715	148	200			185	196
716	14	0			142	106
717	62	1			83	83
718	0	0			200	196
719	0	0			84	84
720	15	22			243	252
721	31	0			92	92
722	1	5			99	99
723	2	0			208	211
724	3	1			206	144
725	3	0			206	167
726	1	0			144	167
727	11	44			150	214
728	11	24			150	214
729	32	64			214	286
730	1	0			262	299
731	1	3			262	133
732	1	0			262	236
733	0	0			299	236
734	3	0			133	236
735	17	2			278	195
736	15	2			274	191
737	97	256			132	216
738	363	90			216	219
739	0	2			158	180
740	0	0			178	109
741	45	122			168	261
742	0	0			186	358
743	0	0			186	186
744	11	4			274	197
745	234	4			185	197
746	9	17			172	219
747	152	177			212	222
748	38	45			183	141
749	0	7			158	238
750	46	40			227	198
751	24	3			125	136
752	107	1			286	128
753	18	4			207	195
754	38	8			185	249
755	115	36			147	185
756	12	2			279	132
757	0	2			173	132
758	0	12			173	279
759	1	20			112	225
760	637	24			178	173
761	732	4			107	113
762	4	11			198	279
763	1	7			207	290
764	10	30			255	206
765	11	12			191	158
766	11	8			191	124
767	12	14			191	177
768	5	30			158	262
769	5	6			158	110
770	0	0			138	149
771	36	0			185	150
772	27	0			214	150
773	2281	3377			171	259
774	2	0			217	230
775	9	0			204	114
776	12	20			252	243
777	194	537			166	217
778	0	0			114	200
779	7	6			122	147
780	9	30			162	238
781	6	18			153	108
782	2	5			216	143
783	76	120			174	173
784	0	0			97	99
785	1	0			171	158
786	7	4			188	252
787	0	11			120	120
788	0	0			135	195
789	5	2			192	174
790	0	0			164	279
791	13	2			160	108
792	42	91			224	332
793	24	90			113	254
794	175	44			183	101
795	3	405			101	304
796	55	405			101	304
797	0	0			87	87
798	0	0			102	229
799	5	3			117	141
800	29	14			204	119
801	33	14			245	185
802	46	72			201	219
803	32	72			136	171
804	0	0			297	195
805	280	185			186	161
806	7	36			124	153
807	0	0			99	100
808	0	0			231	150
809	48	75			165	201
810	49	53			165	201
811	40	31			177	209
812	59	28			167	130
813	0	0			153	169
814	2	0			250	169
815	9	41			114	195
816	27	38			387	366
817	47	20			366	207
818	14	31			161	185
819	108	15			228	152
820	0	0			90	90
821	0	4			90	78
822	0	0			117	78
823	9	11			211	163
824	1	335			113	142
825	34	335			142	142
826	34	1			142	113
827	62	162			171	251
828	24	130			138	191
829	0	0			167	167
830	5	7			192	381
831	0	2			148	198
832	0	2			223	198
833	0	2			148	198
834	14	39			201	270
835	1	3			109	141
836	37	13			225	142
837	56	109			151	178
838	3	104			147	247
839	11	104			206	247
840	1	0			175	121
841	8	0			136	128
842	0	16			170	244
843	2	0			157	138
844	4	5			219	198
845	35	40			282	168
846	5	0			234	195
847	1	10			209	174
848	1	3			209	174
849	0	9			273	174
850	0	2			273	174
851	0	0			87	90
852	121	51			242	144
853	8	1			128	199
854	756	4982			103	263
855	2166	4982			170	263
856	9	0			293	169
857	3	22			113	164
858	0	0			200	133
859	18	51			164	245
860	145	86			318	206
861	3	2			213	225
862	0	1			190	190
863	0	0			192	105
864	1	20			87	87
865	7	1			399	224
866	8	0			245	205
867	8	1			245	314
868	0	1			205	314
869	61	99			142	192
870	54	25			236	215
871	0	0			154	124
872	0	0			178	106
873	2	26			184	282
874	0	0			332	306
875	190	514			142	213
876	5	37			102	120
877	7	18			132	155
878	4	8			189	216
879	0	0			162	152
880	15222	15154			222	201
881	9137	15154			284	201
882	0	0			207	300
883	0	1			200	300
884	1	1			141	149
885	1	1			141	152
886	2	6			173	262
887	0	1			245	231
888	8	38			114	102
889	6	38			126	102
890	1	39			114	102
891	54	39			160	102
892	188	24			244	102
893	54	1			160	114
894	66	11			160	114
895	222	119			247	244
896	220	116			247	244
897	28	55			266	152
898	112	17			219	203
899	93	223			138	213
900	64	161			190	213
901	77	270			172	263
902	72	270			175	263
903	0	0			180	167
904	0	0			180	131
905	0	0			167	131
906	1366	915			257	146
907	1	92			98	239
908	1	0			217	252
909	22	2			164	235
910	3	8			198	165
911	0	21			188	171
912	0	0			117	161
913	2	91			165	189
914	0	0			162	207
915	0	0			199	168
916	11	1			198	180
917	16	23			222	228
918	0	0			127	129
919	0	0			216	269
920	3	4			194	223
921	4	2			474	474
922	0	4			474	474
923	3	13			141	239
924	0	0			110	198
925	0	0			110	229
926	0	0			215	146
927	1	19			124	128
928	38	0			242	184
929	0	4			151	136
930	6	11			195	251
931	0	0			98	95
932	1	14			130	201
933	0	4			233	179
934	61	44			160	160
935	0	22			106	155
936	1	126			79	247
937	30	17			239	170
938	2	15			98	176
939	0	1			185	254
940	12	3			250	203
941	9	42			250	328
942	7	2			258	160
943	3	0			132	132
944	64	46			171	156
945	1	1			93	93
946	0	0			96	90
947	0	0			96	90
948	1	0			87	99
949	0	3			116	116
950	0	0			345	360
951	10	17			146	164
952	27	32			166	163
953	22	0			98	101
954	74	177			168	177
955	814	1109			193	249
956	151	66			301	162
957	73	61			274	209
958	1	93			283	274
959	6	30			180	222
960	0	2			173	173
961	0	0			282	211
962	3	12			204	204
963	2	8			138	179
964	27	26			266	278
965	12	27			223	220
966	18	12			271	179
967	23	36			188	160
968	0	72			167	235
969	11	1			250	220
970	1026	1821			174	182
971	2	41			136	193
972	0	0			181	171
973	0	0			181	136
974	0	0			171	136
975	32	8			129	133
976	2	582			133	796
977	8	21			133	146
978	7	584			146	796
979	4	0			146	183
980	6	1077			124	208
981	0	1077			118	208
982	1122	1185			208	215
983	1	81			158	473
984	35	32			273	262
985	35	24			273	262
986	11	37			207	122
987	4	3			360	135
988	11	3			849	135
989	2	2			141	177
990	0	0			138	204
991	61	99			252	217
992	6	0			87	87
993	1	2			165	155
994	15	1			220	220
995	8	2			140	95
996	4	13			164	202
997	1	0			443	98
998	5	84			271	124
999	0	0			146	135
1000	2	2			249	162
1001	17	96			130	270
1002	17	28			130	121
1003	73	75			270	179
1004	10	20			204	264
1005	11	44			107	134
1006	36	26			268	204
1007	0	24			173	236
1008	2	0			81	81
1009	0	5			225	243
1010	272	306			161	145
1011	40	39			232	240
1012	117	144			223	221
1013	0	0			281	172
1014	0	0			281	187
1015	0	0			281	237
1016	0	0			213	281
1017	0	0			84	84
1018	0	29			123	219
1019	2	1			173	172
1020	0	0			205	131
1021	3	1			143	119
1022	9	1			212	119
1023	0	2			220	190
1024	0	0			138	169
1025	11	34			127	209
1026	76	22			169	137
1027	506	319			237	140
1028	252	1241			140	238
1029	0	0			211	163
1030	115	38			220	180
1031	0	0			251	190
1032	3	9			108	180
1033	0	1			254	174
1034	0	4			204	156
1035	34	74			137	194
1036	1	2			194	162
1037	72	140			167	227
1038	0	5			174	279
1039	0	0			174	127
1040	5	0			279	127
1041	0	0			96	90
1042	0	0			157	210
1043	2	0			157	210
1044	2	2			254	157
1045	2	2			254	157
1046	2	0			194	157
1047	4	0			194	254
1048	2	0			209	95
1049	2	0			209	137
1050	0	0			95	137
1051	0	1			147	141
1052	2	1			152	141
1053	2	0			152	147
1054	180	329			191	225
1055	18	94			108	245
1056	4	3			148	167
1057	2	1			188	244
1058	2	1			188	319
1059	2	1			188	244
1060	1	1			162	244
1061	1	1			162	319
1062	1	9			174	147
1063	0	0			81	81
1064	0	0			172	172
1065	0	36			81	144
1066	0	36			81	144
1067	0	0			81	81
1068	29	36			193	213
1069	0	41			177	180
1070	0	0			241	183
1071	263	355			171	148
1072	80	24			150	135
1073	0	0			175	154
1074	144	163			187	187
1075	15	9			214	189
1076	2	4			148	172
1077	0	0			166	137
1078	0	0			153	343
1079	0	0			132	176
1080	3	7			148	165
1081	3	4			148	161
1082	28	17			194	129
1083	41	11			138	97
1084	23	12			246	236
1085	24	12			246	236
1086	0	0			195	161
1087	0	0			161	211
1088	14	63			183	216
1089	8	0			218	177
1090	4	22			240	194
1091	87	221			132	168
1092	192	181			168	165
1093	4	19			309	258
1094	25	0			262	213
1095	255	329			348	348
1096	192	333			348	348
1097	26	63			351	348
1098	248	54			348	348
1099	0	0			211	172
1100	35	30			190	174
1101	22	54			123	197
1102	7	5			364	153
1103	2	1			173	199
1104	35	122			126	186
1105	35	57			157	131
1106	68	55			167	131
1107	0	0			160	206
1108	179	377			187	217
1109	0	0			197	197
1110	19	20			162	166
1111	55	19			249	162
1112	64	19			252	162
1113	3	0			90	93
1114	3	0			147	202
1115	16	36			181	226
1116	3	1			218	103
1117	4	0			360	151
1118	0	0			120	160
1119	0	0			168	160
1120	0	0			168	120
1121	0	0			160	120
1122	0	0			202	189
1123	0	17			165	1290
1124	1	0			111	114
1125	42	143			147	182
1126	44	567			311	147
1127	456	7			154	167
1128	0	2			292	215
1129	0	2			159	215
1130	7	2			163	220
1131	2	24			121	135
1132	0	25			119	112
1133	0	50			102	263
1134	0	0			90	87
1135	124	66			372	372
1136	4	0			96	96
1137	0	0			280	196
1138	28	22			357	276
1139	0	3			114	144
1140	0	0			147	141
1141	219	497			185	201
1142	89	498			185	201
1143	97	497			210	201
1144	220	187			185	147
1145	98	187			210	147
1146	1	4			252	230
1147	4	3			230	214
1148	1263	61			151	151
1149	0	0			214	169
1150	5	16			235	255
1151	107	129			207	178
1152	48	2			438	208
1153	17	74			136	245
1154	0	9			126	123
1155	0	9			126	186
1156	0	2			129	135
1157	2	2			129	135
1158	0	2			111	135
1159	2	0			129	262
1160	0	0			111	262
1161	0	0			129	231
1162	0	2			111	129
1163	0	2			111	129
1164	25	8			193	199
1165	0	0			110	93
1166	0	0			267	270
1167	0	0			270	190
1168	0	0			270	187
1169	0	0			211	182
1170	5	2			296	173
1171	3	2			183	173
1172	44	22			251	190
1173	0	4			205	114
1174	12	4			206	126
1175	29	15			251	150
1176	0	0			132	226
1177	0	0			201	184
1178	41	74			172	246
1179	63	0			172	153
1180	0	98			248	308
1181	89	128			169	152
1182	76	0			241	169
1183	34	41			168	206
1184	4	45			286	135
1185	0	0			140	234
1186	0	1			142	161
1187	1	0			90	105
1188	12	17			160	176
1189	104	63			269	269
1190	53	80			134	225
1191	0	0			256	242
1192	8	14			151	136
1193	16	38			120	140
1194	31	28			197	181
1195	1	2			158	268
1196	0	2			153	268
1197	4	2			258	268
1198	2	2			181	268
1199	0	1			153	158
1200	4	1			258	158
1201	2	1			181	158
1202	4	0			258	153
1203	2	0			181	153
1204	0	21			121	162
1205	0	0			121	133
1206	0	0			177	133
1207	0	0			177	121
1208	6	0			141	163
1209	5	63			195	270
1210	194	203			226	221
1211	187	260			221	227
1212	0	3			217	208
1213	3	58			160	254
1214	0	0			153	298
1215	0	0			170	205
1216	5	2			205	193
1217	3	2			193	154
1218	16	30			152	167
1219	119	375			224	295
1220	1	28			102	177
1221	4	14			246	220
1222	51	140			213	205
1223	48	58			213	205
1224	116	131			205	161
1225	27	39			149	159
1226	2	4			164	100
1227	23	6			226	185
1228	0	0			209	114
1229	20	31			219	302
1230	0	0			222	98
1231	133	240			149	195
1232	2	1			213	219
1233	0	7			159	342
1234	0	5			159	264
1235	0	0			186	196
1236	0	0			155	213
1237	1292	743			185	152
1238	0	0			151	175
1239	0	0			84	96
1240	0	0			144	93
1241	0	0			102	117
1242	218	485			269	377
1243	158	147			197	171
1244	1	0			133	117
1245	1	0			168	109
1246	3	0			231	109
1247	76	1			708	168
1248	25	22			144	132
1249	0	0			135	168
1250	117	201			159	171
1251	8	0			221	106
1252	24	5			120	117
1253	7	7			162	193
1254	0	0			195	171
1255	0	0			176	171
1256	183	204			133	127
1257	1	13			111	194
1258	24	32			239	326
1259	24	9			239	176
1260	32	9			326	176
1261	0	0			423	189
1262	0	0			123	192
1263	6	5			198	170
1264	13	19			179	177
1265	11	17			246	210
1266	9	7			198	246
1267	0	0			176	130
1268	0	0			176	149
1269	21	206			197	427
1270	21	1			197	275
1271	21	1			197	121
1272	192	1			427	121
1273	206	1			427	275
1274	206	1			427	121
1275	195	23			427	143
1276	203	1			427	121
1277	192	23			427	143
1278	13	199			226	220
1279	0	0			353	330
1280	1	2			147	137
1281	0	3			114	170
1282	0	0			133	199
1283	30	0			198	87
1284	52	87			181	164
1285	5	9			674	262
1286	124	83			207	133
1287	0	2			182	184
1288	4	4			184	215
1289	4	30			249	461
1290	4	31			249	461
1291	0	0			84	93
1292	0	18			173	3082
1293	0	0			110	223
1294	133	1167			192	1114
1295	1	2			459	193
1296	0	2			137	173
1297	6	1			209	158
1298	51	1			163	158
1299	649	569			191	154
1300	30	8			186	166
1301	0	1			202	156
1302	4	0			153	163
1303	0	0			78	78
1304	34	25			250	188
1305	0	0			154	207
1306	86	307			166	219
1307	49	302			132	219
1308	62	120			151	166
1309	62	1			151	118
1310	22	57			179	215
1311	5	6			147	134
1312	71	72			187	139
1313	148	157			404	216
1314	15	157			139	216
1315	31	161			139	216
1316	38	0			238	192
1317	0	0			294	99
1318	0	11			155	81
1319	0	0			128	278
1320	53	53			208	161
1321	57	70			222	194
1322	2	2			172	183
1323	0	8			153	180
1324	0	0			134	302
1325	0	1			114	180
1326	14	0			152	92
1327	6	0			266	127
1328	0	0			185	156
1329	0	19			226	280
1330	0	2			148	226
1331	2	197			122	168
1332	0	0			163	220
1333	5	1			198	159
1334	5	0			198	292
1335	0	0			166	291
1336	0	0			190	183
1337	0	0			232	170
1338	0	0			232	211
1339	0	0			218	103
1340	0	0			360	151
1341	2	1			173	224
1342	8	69			144	252
1343	0	0			210	133
1344	0	0			159	210
1345	0	0			166	287
1346	2	0			149	149
1347	29	130			186	245
1348	0	14			105	133
1349	14	31			188	249
1350	20	8			188	123
1351	3	0			173	193
1352	4	0			197	193
1353	0	0			214	193
1354	0	3			214	173
1355	0	4			214	197
1356	0	0			121	147
1357	0	0			165	173
1358	2	0			195	140
1359	0	1			194	227
1360	67	139			188	231
1361	52	47			198	252
1362	7	5			161	169
1363	14	1			189	114
1364	31	105			153	263
1365	60	71			196	212
1366	0	0			144	131
1367	94	67			175	166
1368	5	10			173	142
1369	1	2			126	179
1370	95	43			190	131
1371	26	79			120	226
1372	24	44			120	131
1373	8834	11019			202	200
1374	284	253			171	148
1375	164	18			153	153
1376	106	206			214	217
1377	179	72			193	122
1378	4	0			243	182
1379	0	0			182	121
1380	1	0			166	198
1381	329	19			151	151
1382	0	0			180	201
1383	2	0			99	99
1384	1	1			134	154
1385	3	1			160	154
1386	0	0			226	169
1387	19	11			216	129
1388	3	28			129	237
1389	9	0			125	115
1390	5	4			160	138
1391	3	0			180	330
1392	0	0			258	438
1393	0	0			258	438
1394	0	0			141	259
1395	0	0			152	130
1396	0	0			150	130
1397	0	0			152	156
1398	0	0			150	156
1399	0	0			150	152
1400	0	0			150	152
1401	0	0			186	136
1402	1	0			174	206
1403	70	55			141	143
1404	39	107			143	146
1405	59	92			146	133
1406	29	39			156	199
1407	2	21			146	183
1408	0	0			134	581
1409	0	0			96	96
1410	6	15			247	334
1411	0	0			147	141
1412	623	1344			236	302
1413	75	217			164	224
1414	49	147			173	164
1415	34	90			187	140
1416	0	1			123	284
1417	0	1			123	273
1418	0	0			123	78
1419	1	0			284	78
1420	1	0			273	78
1421	86	0			79	79
1422	26	105			304	291
1423	0	0			179	169
1424	3	5			243	252
1425	4	0			309	205
1426	6	0			275	205
1427	16	10			256	211
1428	138	1			113	136
1429	0	0			194	457
1430	0	0			115	205
1431	0	0			139	128
1432	0	0			108	123
1433	32	17			222	188
1434	35	45			220	217
1435	33	0			128	79
1436	0	7			164	184
1437	0	5			164	216
1438	7	5			184	216
1439	43	71			242	144
1440	87	3			178	76
1441	0	0			238	136
1442	7	22			135	212
1443	0	1			173	270
1444	2	0			185	173
1445	2	0			201	219
1446	0	9			191	131
1447	0	9			173	131
1448	0	1			170	212
1449	0	0			456	122
1450	66	42			240	231
1451	33	47			213	266
1452	0	0			195	153
1453	49	61			114	132
1454	11	25			162	162
1455	197	255			180	154
1456	1	5			223	122
1457	0	0			215	267
1458	0	0			196	267
1459	19	114			227	603
1460	10	26			213	304
1461	0	0			81	81
1462	10	39			130	288
1463	0	4			96	96
1464	0	2			96	93
1465	119	386			118	174
1466	93	62			133	155
1467	20	62			129	210
1468	0	0			395	168
1469	0	0			154	395
1470	87	98			216	214
1471	0	0			142	150
1472	0	2			114	145
1473	0	1			166	193
1474	0	1			166	188
1475	0	1			166	212
1476	0	0			166	145
1477	1	1			193	188
1478	1	1			193	212
1479	1	0			193	145
1480	1	0			188	145
1481	1	0			212	145
1482	0	0			123	192
1483	0	0			151	108
1484	300	316			244	206
1485	3	0			126	99
1486	9	15			210	235
1487	3	2			159	177
1488	2	2			156	177
1489	1	0			209	155
1490	0	0			245	155
1491	23	395			272	407
1492	0	0			96	90
1493	6	5			265	222
1494	14	27			172	247
1495	109	2			210	172
1496	47	49			269	230
1497	0	0			1374	252
1498	6	10			243	201
1499	2	4			174	174
1500	2	13			223	345
1501	2	6			214	269
1502	0	0			144	162
1503	0	0			322	199
1504	5	202			306	247
1505	103	5			248	306
1506	3	7			246	222
1507	87	29			349	178
1508	11	11			173	173
1509	1160	401			153	131
1510	0	0			87	87
1511	0	0			165	147
1512	0	0			159	147
1513	0	10			79	260
1514	4	11			278	234
1515	3	11			188	234
1516	0	1			139	194
1517	12	22			172	280
1518	37	57			195	183
1519	60	89			261	249
1520	1	783			84	309
1521	1937	2193			173	193
1522	2409	3593			193	229
1523	3189	2501			229	152
1524	0	0			165	337
1525	7	16			123	165
1526	38	68			192	169
1527	6	5			172	191
1528	11	4			165	135
1529	69	31			186	136
1530	0	14			98	98
1531	1520	976			177	159
1532	79	113			216	210
1533	4	0			140	125
1534	0	0			438	107
1535	0	0			150	187
1536	0	8			106	202
1537	29	24			190	138
1538	24	75			138	230
1539	2	1			180	90
1540	3	7			339	351
1541	1	1			111	169
1542	4	10			194	237
1543	4	10			207	161
1544	0	5			120	171
1545	2	2			153	153
1546	64	36			191	140
1547	0	75			132	290
1548	0	1			152	194
1549	1	1			105	194
1550	1	0			105	152
1551	0	6			146	259
1552	5	0			231	113
1553	48	119			223	255
1554	0	3			354	354
1555	55	46			239	213
1556	5	12			126	245
1557	0	81			82	163
1558	0	0			210	231
1559	22	3			309	240
1560	308	232			1063	165
1561	5	3			198	292
1562	5	2			198	159
1563	25	2			163	220
1564	32	1946			200	183
1565	1072	1946			111	183
1566	12	9			110	125
1567	31	9			158	125
1568	7	2			147	209
1569	19	31			152	202
1570	6	11			174	176
1571	0	34			147	147
1572	0	0			208	237
1573	25	39			154	220
1574	0	0			241	214
1575	0	0			193	215
1576	0	0			193	295
1577	0	0			215	295
1578	0	29			215	226
1579	0	21			215	364
1580	1	0			106	106
1581	0	0			100	100
1582	41	147			181	812
1583	41	23			181	314
1584	235	0			177	174
1585	455	0			156	174
1586	0	0			219	157
1587	777	1518			214	240
1588	421	1511			214	240
1589	319	910			182	214
1590	41	8			165	152
1591	88	87			269	237
1592	566	8			267	175
1593	5	19			232	156
1594	5	36			232	191
1595	5	31			232	236
1596	0	0			159	239
1597	0	0			159	305
1598	1	0			131	305
1599	0	0			131	159
1600	23	39			152	210
1601	81	72			172	172
1602	8	8			156	213
1603	34	7			163	182
1604	10	3			180	126
1605	43	55			170	177
1606	36	0			84	87
1607	441	93			163	119
1608	285	2			132	428
1609	3	0			138	115
1610	31	25			233	198
1611	126	259			159	228
1612	0	7			230	193
1613	0	0			258	240
1614	1	0			361	108
1615	3	10			124	192
1616	0	6			164	229
1617	4	0			215	164
1618	188	238			265	244
1619	13	0			141	192
1620	3	0			247	137
1621	4	0			367	137
1622	4	3			367	247
1623	15	13			258	233
1624	0	0			123	192
1625	0	18			118	187
1626	246	123			197	135
1627	0	0			93	126
1628	6	34			168	168
1629	0	0			193	251
1630	0	0			167	193
1631	1	1			218	292
1632	6	5			247	179
1633	5	34			109	242
1634	16	1			183	129
1635	0	5			165	205
1636	9	0			490	143
1637	0	0			168	98
1638	0	0			168	98
1639	39	64			287	231
1640	10	4			219	128
1641	0	4			293	359
1642	12	45			150	194
1643	31	13			200	139
1644	189	3086			3036	5337
1645	101	49			266	156
1646	4	5			207	161
1647	0	0			164	145
1648	334	242			203	168
1649	129	125			267	223
1650	10	2			235	176
1651	46	85			228	237
1652	0	3			247	255
1653	0	1			129	114
1654	56	161			400	235
1655	8	24			142	252
1656	0	0			144	197
1657	0	0			144	157
1658	3	15			159	243
1659	0	4			150	132
1660	180	87			207	200
1661	5	2			142	217
1662	0	12			96	93
1663	0	0			168	98
1664	0	0			168	98
1665	0	0			120	247
1666	46	777			200	197
1667	126	777			304	197
1668	0	0			156	207
1669	3	1			222	208
1670	1	0			188	231
1671	0	0			99	132
1672	7	169			253	296
1673	25	70			150	234
1674	25	43			150	135
1675	70	43			234	135
1676	46	83			203	226
1677	0	128			149	364
1678	0	19			149	152
1679	14	142			220	758
1680	15	21			179	309
1681	7	19			168	217
1682	163	253			132	161
1683	7	12			159	200
1684	43	80			198	241
1685	5	154			153	294
1686	0	1			77	401
1687	25	30			146	146
1688	6	3			244	135
1689	3	12			167	207
1690	10	0			167	80
1691	4979	7192			192	202
1692	7	68			153	653
1693	68	0			187	135
1694	56	9			155	155
1695	182	166			272	210
1696	268	166			257	210
1697	84	42			144	144
1698	0	0			111	153
1699	9	9			236	236
1700	3	9			180	270
1701	2	7			316	270
1702	0	5			325	180
1703	0	0			167	167
1704	84	0			235	79
1705	13	0			234	159
1706	1	1			125	168
1707	2	1			125	168
1708	0	1			127	168
1709	1	1			125	168
1710	0	1			131	125
1711	22	5			161	195
1712	0	0			116	158
1713	6	4			180	180
1714	0	0			180	180
1715	1	0			217	250
1716	5	9			153	225
1717	1	6			177	156
1718	307	316			131	127
1719	0	0			175	205
1720	0	0			159	152
1721	229	169			156	141
1722	134	295			231	238
1723	1	1			127	195
1724	2	17			133	178
1725	0	0			104	155
1726	0	0			132	169
1727	12	0			207	192
1728	0	0			93	93
1729	0	6			93	228
1730	5	11			167	141
1731	3	7			167	220
1732	3	4			167	220
1733	3	29			167	149
1734	4	29			220	149
1735	3	32			166	166
1736	0	0			171	114
1737	0	0			174	114
1738	0	0			194	173
1739	0	0			194	197
1740	0	1			194	196
1741	0	3			194	303
1742	0	0			134	173
1743	0	0			134	197
1744	0	1			134	196
1745	0	0			173	197
1746	1	3			196	303
1747	0	0			195	174
1748	0	0			247	137
1749	0	0			367	137
1750	0	0			367	247
1751	5	130			154	189
1752	141	119			189	205
1753	141	583			189	219
1754	119	583			205	219
1755	113	582			205	219
1756	113	535			205	216
1757	0	1			171	228
1758	8	0			196	122
1759	0	66			161	248
1760	10	12			189	220
1761	229	108			417	134
1762	239	33			417	114
1763	220	33			372	114
1764	14	16			114	153
1765	0	0			135	117
1766	0	0			108	117
1767	0	0			108	135
1768	0	0			108	135
1769	11	0			148	148
1770	2	12			142	163
1771	5	12			120	163
1772	4	5			161	142
1773	1	4			120	142
1774	1	2			117	161
1775	6	2			120	161
1776	2	2			117	161
1777	2	2			120	161
1778	0	13			179	259
1779	12	15			259	333
1780	0	0			162	153
1781	0	0			135	147
1782	141	224			205	261
1783	2	21			115	130
1784	3	33			115	130
1785	7	23			159	159
1786	0	4			237	237
1787	0	0			133	122
1788	0	11			133	250
1789	0	11			122	250
1790	17	6			198	201
1791	0	6			93	93
1792	7	12			121	156
1793	29	9			199	121
1794	0	16			123	243
1795	37	647			264	156
1796	467	142			156	117
1797	0	0			121	190
1798	0	0			190	199
1799	0	0			121	190
1800	0	0			84	84
1801	0	0			156	84
1802	0	0			156	84
1803	37	3			228	171
1804	1	0			147	147
1805	66	72			159	133
1806	8	17			249	244
1807	1	0			150	164
1808	130	375			139	231
1809	29	25			172	175
1810	0	9			251	525
1811	12	19			129	199
1812	420	311			186	160
1813	0	0			165	179
1814	10	243			195	1474
1815	10	28			195	420
1816	38	27			251	247
1817	0	0			151	172
1818	85	43			253	191
1819	51	49			191	220
1820	0	1			165	129
1821	22	38			162	173
1822	22	27			162	155
1823	22	19			162	122
1824	130	97			224	167
1825	70	124			227	224
1826	0	1			109	204
1827	7	7			159	159
1828	4	10			196	392
1829	0	0			126	150
1830	0	0			105	150
1831	33	39			142	158
1832	0	2			152	187
1833	0	3			152	267
1834	2	3			187	267
1835	4	3			123	167
1836	0	1			93	93
1837	0	3			158	228
1838	10	8			142	136
1839	0	0			211	198
1840	660	351			215	121
1841	0	0			115	118
1842	9	6			197	123
1843	52	36			207	213
1844	197	12			1874	251
1845	9	8			160	166
1846	3	7			143	166
1847	31	30			142	149
1848	0	0			190	169
1849	1	0			99	126
1850	0	0			99	102
1851	0	0			102	126
1852	0	0			102	129
1853	39	10			204	102
1854	6	0			180	201
1855	0	0			168	98
1856	0	0			168	98
1857	15	11			139	171
1858	4	2			186	199
1859	3	0			198	247
1860	1	3			153	169
1861	0	1			157	156
1862	311	236			287	205
1863	53	317			186	205
1864	45	36			135	141
1865	12	6			261	261
1866	1	0			147	127
1867	14	3			175	109
1868	16	7			142	175
1869	0	0			102	99
1870	18	12			160	162
1871	3	159			97	200
1872	83	91			186	193
1873	0	0			93	90
1874	0	54			102	245
1875	0	40			102	197
1876	14	18			162	201
1877	3	0			206	99
1878	0	16			148	78
1879	2	0			123	99
1880	9	3			209	142
1881	12	7			237	195
1882	114	25			235	96
1883	0	0			144	81
1884	445	96			341	158
1885	0	1			120	150
1886	123	88			171	144
1887	211	3			171	156
1888	13	360			184	915
1889	1	0			108	96
1890	8	0			189	96
1891	8	1			189	108
1892	0	0			192	111
1893	3	34			158	182
1894	3	60			158	208
1895	79	33			392	157
1896	10	37			167	175
1897	10	11			150	209
1898	0	6			162	168
1899	0	23			125	231
1900	17	20			172	236
1901	1	0			327	185
1902	45	28			338	200
1903	20	0			151	97
1904	188	553			179	231
1905	12	12			210	156
1906	0	0			189	117
1907	22	55			193	220
1908	4	4			336	192
1909	1	4			192	192
1910	0	4			243	192
1911	0	1			243	192
1912	4	1			336	192
1913	4	0			336	243
1914	1	2			177	336
1915	30	12			215	212
1916	2	5			145	231
1917	0	0			193	192
1918	3	30			111	170
1919	67	139			165	238
1920	1	0			198	207
1921	0	0			87	87
1922	3	0			197	157
1923	10	19			162	208
1924	15	7			218	151
1925	88	9			173	179
1926	76	13			262	135
1927	48	48			219	201
1928	2	3			198	229
1929	39	44			249	159
1930	64	104			259	212
1931	89	12			279	120
1932	31	0			120	162
1933	14	43			120	155
1934	0	0			176	231
1935	0	0			232	292
1936	0	3			165	146
1937	1	3			164	146
1938	1	0			164	165
1939	13	8			595	278
1940	0	0			233	265
1941	0	0			210	247
1942	4	2			268	223
1943	8	7			226	147
1944	16	3			231	174
1945	1	0			234	213
1946	49	3			263	183
1947	1	52			168	180
1948	0	0			138	255
1949	0	0			138	255
1950	0	0			153	255
1951	0	0			153	138
1952	0	0			153	138
1953	7	18			165	216
1954	1101	817			171	267
1955	127	114			156	163
1956	10	3			291	170
1957	92	151			181	217
1958	0	1			139	164
1959	6	12			273	270
1960	0	3			182	300
1961	71	29			279	198
1962	36	20			198	152
1963	0	1			108	194
1964	134	92			172	155
1965	0	0			144	147
1966	0	0			660	304
1967	216	66			193	177
1968	13	26			226	220
1969	702	1109			303	200
1970	110	547			115	215
1971	21	26			179	151
1972	0	0			83	77
1973	17	64			138	180
1974	5	0			176	133
1975	0	0			157	196
1976	0	0			164	87
1977	0	0			87	222
1978	0	0			190	190
1979	11	28			149	191
1980	200	301			165	188
1981	2225	5381			198	262
1982	15	29			161	236
1983	8	5			205	150
1984	1	2			212	114
1985	26	36			299	229
1986	6	22			173	168
1987	0	2			118	169
1988	8	31			192	198
1989	0	0			262	183
1990	138	166			241	224
1991	2	19			167	197
1992	0	7			168	191
1993	0	12			168	291
1994	0	0			168	183
1995	14	16			184	153
1996	14	22			184	196
1997	24	73			134	291
1998	0	0			159	141
1999	1	0			163	164
2000	0	0			123	165
2001	35	6			219	213
2002	0	0			167	167
2003	0	0			164	129
2004	0	0			169	170
2005	1	0			125	212
2006	66	103			268	225
2007	1	15			293	231
2008	3	2			190	129
2009	327	192			243	243
2010	0	0			177	133
2011	26	62			185	298
2012	9	59			184	149
2013	10	107			184	149
2014	20	26			132	197
2015	0	0			129	156
2016	20	58			126	158
2017	0	0			130	159
2018	0	0			93	159
2019	59	178			156	221
2020	1	0			199	169
2021	2	0			193	169
2022	2	1			193	199
2023	53	69			191	179
2024	7	6			148	153
2025	8	10			156	148
2026	2	3			153	126
2027	0	1			120	90
2028	0	0			120	90
2029	1	0			90	90
2030	5	4			239	144
2031	48	22			222	158
2032	16	35			125	301
2033	0	0			168	98
2034	0	0			168	98
2035	7	39			162	252
2036	4	20			490	166
2037	0	20			109	166
2038	0	4			109	490
2039	6	60			170	329
2040	6	20			170	227
2041	2	12			216	207
2042	3	0			216	183
2043	1	0			135	149
2044	0	1			187	135
2045	46	0			108	111
2046	8	8			143	134
2047	0	0			172	140
2048	72	19			235	189
2049	4	0			176	149
2050	4	54			176	280
2051	0	46			149	249
2052	10	48			128	218
2053	39	27			218	163
2054	12	17			151	164
2055	0	0			223	168
2056	1412	1666			147	169
2057	526	1449			172	149
2058	1805	1449			169	149
2059	18	22			122	160
2060	0	0			1325	189
2061	0	0			234	169
2062	0	0			234	189
2063	0	0			169	189
2064	0	0			189	213
2065	0	0			213	186
2066	0	1			213	274
2067	0	0			187	186
2068	0	1			186	274
2069	210	575			149	220
2070	2	0			174	134
2071	1	3			147	175
2072	100	134			168	178
2073	8	0			221	255
2074	0	0			190	192
2075	2	0			150	87
2076	1	0			87	87
2077	0	0			138	255
2078	0	0			138	255
2079	0	0			153	255
2080	0	0			153	138
2081	0	0			153	138
2082	47	53			198	177
2083	147	268			165	193
2084	483	1467			170	207
2085	0	0			220	664
2086	3	39			221	235
2087	4	0			206	210
2088	5	0			221	210
2089	492	0			206	77
2090	0	0			248	248
2091	0	0			127	127
2092	0	1			248	248
2093	0	1			127	127
2094	0	1			127	127
2095	0	0			127	127
2096	16	90			167	221
2097	25	79			197	221
2098	0	0			169	126
2099	10	23			167	183
2100	3	3			156	150
2101	10	29			147	260
2102	1	0			135	154
2103	8	2			440	210
2104	0	1			198	230
2105	12	45			116	200
2106	9	0			87	87
2107	9	1			87	193
2108	0	0			218	103
2109	0	0			360	151
2110	2	13			112	184
2111	134	42			158	130
2112	2	1			157	116
2113	7	1			181	116
2114	2	14			157	169
2115	7	14			181	169
2116	358	588			158	155
2117	539	520			237	210
2118	394	540			219	237
2119	136	327			115	152
2120	136	71			115	113
2121	393	333			231	219
2122	0	1			102	99
2123	3	1			191	214
2124	99	12			197	106
2125	8	1			129	141
2126	0	1			230	204
2127	0	1			217	204
2128	0	1			200	175
2129	3	0			150	178
2130	1	1			136	167
2131	0	0			207	218
2132	0	0			193	192
2133	0	47			111	121
2134	30	158			141	312
2135	0	0			166	224
2136	6	48			165	182
2137	9	31			141	165
2138	7	6			141	104
2139	0	0			99	99
2140	0	0			134	99
2141	0	0			152	134
2142	0	0			152	134
2143	0	0			167	167
2144	0	0			83	83
2145	2	0			83	110
2146	2	0			83	83
2147	0	0			110	83
2148	2	0			132	141
2149	0	3			99	99
2150	0	5			120	117
2151	1	0			162	153
2152	0	2			92	95
2153	11	52			274	221
2154	127	538			242	242
2155	5	58			259	583
2156	73	544			137	310
2157	176	544			336	310
2158	236	12			194	92
2159	170	12			245	92
2160	0	0			111	274
2161	7	0			158	108
2162	0	0			147	207
2163	0	0			129	163
2164	0	0			129	213
2165	0	0			129	173
2166	0	1			129	209
2167	0	0			129	178
2168	0	0			213	173
2169	0	1			213	209
2170	0	0			213	178
2171	0	0			153	215
2172	0	1			173	209
2173	0	0			173	178
2174	0	0			173	215
2175	1	0			209	178
2176	0	0			181	178
2177	0	0			178	123
2178	415	285			175	147
2179	29	35			166	152
2180	2	0			278	473
2181	0	0			166	234
2182	8	22			166	138
2183	0	0			163	146
2184	2	56			232	166
2185	242	348			279	276
2186	6	12			109	143
2187	22	33			186	194
2188	0	25			139	148
2189	0	0			154	144
2190	1271	2533			184	175
2191	0	0			200	274
2192	16	11			191	147
2193	47	109			186	233
2194	60	65			190	153
2195	0	1			163	111
2196	0	0			169	203
2197	2	0			196	203
2198	11	3			176	120
2199	226	995			184	226
2200	0	0			196	220
2201	239	215			244	184
2202	2	1			177	117
2203	246	68			639	198
2204	241	67			639	198
2205	90	67			390	198
2206	0	278			129	639
2207	5	0			177	243
2208	2	0			150	109
2209	0	0			94	94
2210	52	9			204	183
2211	0	0			121	133
2212	3	2			145	164
2213	1	21			145	208
2214	0	0			126	193
2215	0	0			119	326
2216	0	0			202	99
2217	0	0			116	99
2218	0	0			116	202
2219	0	0			173	205
2220	0	0			210	173
2221	32	8			237	306
2222	0	2			227	217
2223	6	0			285	278
2224	0	114			186	358
2225	0	49			186	186
2226	51	104			189	252
2227	4	9			258	258
2228	5	5			165	149
2229	0	0			179	179
2230	0	0			135	135
2231	3	2			159	159
2232	3	1			159	108
2233	2	5			288	180
2234	1	17			109	381
2235	47	54			229	177
2236	0	0			193	192
2237	10	14			264	111
2238	0	0			174	138
2239	0	2			174	297
2240	18	19			423	357
2241	28	3			180	168
2242	0	0			123	192
2243	7403	5592			248	168
2244	0	0			143	137
2245	0	0			151	220
2246	386	727			201	240
2247	0	5			78	78
2248	0	0			93	93
2249	1	5			195	195
2250	212	4			163	198
2251	0	0			90	78
2252	0	0			117	78
2253	287	203			196	155
2254	3	249			168	208
2255	3	20			168	177
2256	12	176			130	186
2257	44	117			198	456
2258	13	2			169	215
2259	25	66			145	231
2260	3	12			240	231
2261	10	3			171	167
2262	24	41			213	286
2263	37	0			213	210
2264	80	313			210	210
2265	2	4			270	258
2266	3	5			210	270
2267	0	9			127	340
2268	4	2			172	163
2269	0	5			204	162
2270	0	0			179	225
2271	25	24			189	171
2272	0	1			202	366
2273	21	5			171	169
2274	32	27			186	186
2275	3	4			198	192
2276	8	3			272	137
2277	9	5			256	113
2278	9	5			225	113
2279	9	4			256	113
2280	3	0			321	167
2281	0	0			464	228
2282	0	0			182	163
2283	6	31			125	411
2284	0	5			182	311
2285	6	11			164	151
2286	2	3			155	170
2287	2	4			155	257
2288	0	11			157	203
2289	28	8			169	126
2290	130	56			242	170
2291	35	45			261	273
2292	21	3			260	222
2293	21	22			260	231
2294	182	213			515	144
2295	51	0			289	78
2296	3	0			124	117
2297	1	0			161	161
2298	0	0			132	120
2299	1	0			141	138
2300	0	1			93	93
2301	0	4			90	228
2302	0	1			131	141
2303	2	0			179	96
2304	38	15			816	211
2305	6	22			337	536
2306	1	1			261	213
2307	0	1			160	245
2308	0	0			160	188
2309	0	0			175	208
2310	0	0			158	175
2311	1	7			81	170
2312	4	12			147	249
2313	0	0			163	390
2314	5	18			194	397
2315	0	2			145	226
2316	4	6			130	178
2317	0	0			138	120
2318	17	43			168	209
2319	22	1			208	127
2320	5	8			119	125
2321	0	0			368	152
2322	85	82			247	220
2323	0	0			81	81
2324	0	0			172	172
2325	4	28			170	256
2326	14	25			177	222
2327	53	44			264	264
2328	73	131			165	184
2329	0	3			173	192
2330	24	27			139	173
2331	0	0			307	192
2332	15	12			315	115
2333	0	0			225	164
2334	262	352			176	174
2335	21	41			137	162
2336	0	0			145	160
2337	85	67			189	189
2338	45	25			189	189
2339	6	3			160	144
2340	0	2			123	173
2341	0	0			93	93
2342	1	0			187	137
2343	0	0			240	240
2344	0	0			251	135
2345	0	0			191	133
2346	0	0			133	332
2347	40	331			166	165
2348	82	71			171	165
2349	3	3			180	121
2350	1	0			126	126
2351	3	3			126	138
2352	11	64			173	234
2353	1	29			149	173
2354	9	25			184	173
2355	16	16			201	224
2356	23	17			355	269
2357	48	45			176	215
2358	4	17			165	156
2359	4	6			165	153
2360	13	5			156	117
2361	21	14			197	210
2362	37	58			146	149
2363	14	76			171	247
2364	0	14			161	161
2365	18	134			146	181
2366	44	41			188	150
2367	67	110			150	222
2368	0	1			198	152
2369	166886	209528			299	208
2370	16	21			142	113
2371	6	3			149	151
2372	3	3			162	196
2373	21	130			145	286
2374	0	0			189	199
2375	5	9			156	177
2376	2	0			947	255
2377	143	15			257	158
2378	957	2015			197	207
2379	1	0			193	125
2380	4	2			178	308
2381	36	2			325	308
2382	36	4			325	178
2383	325	477			152	152
2384	56	386			147	172
2385	0	0			168	98
2386	0	0			168	98
2387	8	1			224	157
2388	6	1			218	157
2389	13	5			190	160
2390	13	0			190	168
2391	5	0			160	168
2392	0	0			157	114
2393	2	10			171	197
2394	38	61			182	162
2395	0	0			123	192
2396	0	0			96	99
2397	9	0			248	171
2398	5	0			184	125
2399	17	38			153	185
2400	19	24			188	153
2401	1673	1750			343	220
2402	701	68			231	147
2403	423	493			147	147
2404	357	416			147	129
2405	67	447			147	147
2406	2	391			147	129
2407	0	11			155	192
2408	72	63			277	271
2409	22	757			118	585
2410	19	479			118	296
2411	0	0			218	180
2412	0	0			173	180
2413	0	3			94	94
2414	0	0			87	87
2415	0	0			87	87
2416	0	0			87	87
2417	0	0			172	172
2418	1	15			182	312
2419	50	6			234	196
2420	369	63			729	238
2421	22	339			138	729
2422	21	369			138	729
2423	11	1			268	297
2424	7	1			199	297
2425	0	0			219	210
2426	495	406			276	240
2427	195	214			265	231
2428	0	0			141	243
2429	0	0			141	243
2430	5	16			186	182
2431	15	6			273	144
2432	111	3			263	236
2433	8	70			216	210
2434	0	4			154	187
2435	0	12			154	146
2436	0	6			154	137
2437	4	12			187	146
2438	4	6			187	137
2439	0	1			165	147
2440	0	0			123	192
2441	19	343			149	567
2442	199	265			153	161
2443	11	9			138	168
2444	75	115			174	214
2445	3	0			218	306
2446	3	3			218	226
2447	0	3			306	226
2448	6	3			226	199
2449	105	4			145	147
2450	11	24			150	147
2451	11	109			150	289
2452	1	25			146	147
2453	0	0			194	181
2454	24	5			207	161
2455	4	0			173	247
2456	2	0			186	247
2457	2	0			166	247
2458	19	23			299	254
2459	18	39			159	221
2460	71	54			189	135
2461	16	35			235	218
2462	16	8			173	163
2463	8	12			177	173
2464	64	474			129	292
2465	65	67			212	165
2466	0	67			144	165
2467	65	83			212	197
2468	29	69			131	212
2469	0	26			125	122
2470	67	132			199	237
2471	9	7			621	795
2472	34	46			144	179
2473	0	0			109	143
2474	0	0			186	194
2475	0	0			219	189
2476	0	0			216	189
2477	4	5			126	148
2478	7	5			126	148
2479	7	7			126	148
2480	5	7			148	148
2481	6	4			148	148
2482	11	6			159	104
2483	20	15			173	204
2484	184	317			258	254
2485	84	160			188	261
2486	4	0			189	177
2487	8	223			205	247
2488	70	1			196	160
2489	344	339			185	150
2490	13	339			150	150
2491	68	67			211	192
2492	49	149			299	759
2493	16	71			120	117
2494	0	0			387	366
2495	0	0			366	207
2496	3	3			276	202
2497	32	16			154	118
2498	5	2			201	127
2499	0	54			197	277
2500	0	7			160	248
2501	3	3			204	160
2502	0	0			140	213
2503	249	296			168	132
2504	0	0			123	140
2505	4	7			232	460
2506	21	50			159	190
2507	0	0			123	192
2508	12	7			258	178
2509	3	12			192	198
2510	47	128			165	291
2511	203	227			165	138
2512	291	270			174	165
2513	121	155			145	136
2514	121	282			145	174
2515	0	13			147	150
2516	301	1432			134	170
2517	74	11			352	180
2518	27	11			223	180
2519	83	15			352	180
2520	18	15			130	180
2521	105	15			156	180
2522	105	83			156	352
2523	105	18			156	130
2524	56	1			215	103
2525	1	57			186	320
2526	59	170			198	347
2527	3	10			208	219
2528	0	6			142	116
2529	1	2			195	386
2530	2	26			110	348
2531	18	4			348	122
2532	0	0			226	148
2533	34	145			180	279
2534	409	539			233	205
2535	28	0			203	338
2536	131	186			243	291
2537	0	0			192	228
2538	64	122			245	245
2539	6	11			126	212
2540	12	17			195	219
2541	9	9			169	202
2542	17	10			202	139
2543	70	83			153	165
2544	87	121			165	163
2545	9	22			204	177
2546	0	0			96	102
2547	0	0			96	96
2548	70	66			214	214
2549	53	0			87	87
2550	0	0			177	162
2551	0	0			205	177
2552	0	0			132	205
2553	0	0			241	273
2554	9	5			225	362
2555	5	2			403	121
2556	0	0			109	165
2557	0	1			247	196
2558	0	1			173	196
2559	1	1			228	196
2560	0	1			197	196
2561	0	0			173	247
2562	1	0			228	247
2563	0	0			197	247
2564	1	0			228	173
2565	0	0			197	173
2566	0	1			197	228
2567	0	0			123	192
2568	19	85			136	178
2569	24	2			186	136
2570	27	32			186	136
2571	0	4			90	198
2572	0	0			129	129
2573	57	145			184	192
2574	0	0			78	78
2575	0	0			78	78
2576	0	0			78	78
2577	25	5			220	220
2578	0	0			179	179
2579	0	0			159	159
2580	51	33			190	155
2581	0	0			96	213
2582	0	0			208	147
2583	15	10			206	203
2584	8	8			263	187
2585	63	67			194	237
2586	0	4			159	147
2587	3	0			141	135
2588	104	104			263	189
2589	22	23			254	238
2590	43	58			128	146
2591	7	2			198	171
2592	2	0			158	108
2593	2	2			209	155
2594	14	11			387	327
2595	0	1			220	173
2596	7	5			168	105
2597	5	5			117	105
2598	3	8			155	148
2599	45	55			186	156
2600	198	332			153	204
2601	12	8			101	130
2602	19	25			182	177
2603	24	25			284	177
2604	203	419			198	211
2605	19	11			315	192
2606	26	2			228	261
2607	26	13			289	147
2608	0	198			119	218
2609	0	0			159	159
2610	0	0			123	181
2611	33	32			190	152
2612	248	1066			151	246
2613	2	0			237	132
2614	34	122			119	217
2615	0	0			138	195
2616	0	101			101	196
2617	0	0			192	221
2618	0	0			177	221
2619	0	0			177	192
2620	0	0			148	214
2621	0	0			187	214
2622	0	0			138	140
2623	0	0			261	386
2624	0	0			128	261
2625	0	0			246	261
2626	15	2			168	98
2627	17	5			168	98
2628	19	9			267	158
2629	32	46			224	192
2630	32	31			224	338
2631	36	88			192	311
2632	17	72			189	188
2633	35	45			195	161
2634	1	2			147	141
2635	10	33			154	225
2636	31	75			172	260
2637	15	4			165	129
2638	0	0			96	96
2639	9	17			161	230
2640	116	154			209	140
2641	76	265			182	261
2642	1623	3359			225	236
2643	1	62			168	128
2644	586	826			205	227
2645	529	971			169	202
2646	1	5			123	146
2647	3	8			141	123
2648	1	4			129	149
2649	0	3			221	139
2650	6	1			212	221
2651	228	422			208	218
2652	7	11			249	186
2653	25	36			183	180
2654	35	47			145	197
2655	0	0			147	141
2656	9	2			249	248
2657	7	1			233	173
2658	0	2			173	130
2659	28	7			247	109
2660	7	6			226	168
2661	8	43			184	219
2662	0	1			168	153
2663	0	9			110	241
2664	0	0			168	184
2665	7	21			177	224
2666	0	1			155	114
2667	0	0			102	132
2668	5	8			198	180
2669	190	124			184	126
2670	0	0			223	168
2671	6	8			233	175
2672	2	7			178	250
2673	5	9			693	678
2674	2	62			173	339
2675	106	0			538	116
2676	3	0			132	116
2677	29	33			271	161
2678	7	8			120	144
2679	130	89			254	144
2680	157	312			171	246
2681	0	19			81	165
2682	278	205			126	114
2683	278	250			126	129
2684	27	25			192	177
2685	0	3			132	159
2686	1	0			150	147
2687	0	0			145	159
2688	0	3			190	190
2689	0	3			208	164
2690	2	0			116	208
2691	6	0			87	151
2692	0	0			218	103
2693	0	0			360	151
2694	0	0			150	275
2695	44	144			101	165
2696	52	79			162	234
2697	18	9			197	136
2698	1	1			197	156
2699	0	0			194	128
2700	1	0			169	174
2701	0	0			152	148
2702	1	6			162	178
2703	1	0			162	112
2704	0	0			203	191
2705	19	2			145	214
2706	0	0			105	147
