ID	IJC_SAMPLE_1	SJC_SAMPLE_1	IJC_SAMPLE_2	SJC_SAMPLE_2	IncFormLen	SkipFormLen
0	0	0			150	137
1	0	0			150	137
2	0	0			150	150
3	0	0			150	98
4	0	0			150	98
5	0	0			138	150
6	0	0			138	150
7	0	0			150	150
8	0	0			150	138
9	0	0			150	138
10	0	0			150	137
11	0	0			150	137
12	0	0			150	150
13	0	0			138	150
14	0	0			138	150
15	0	0			150	150
16	0	0			150	138
17	0	0			150	138
18	0	0			123	150
19	0	0			150	137
20	0	0			150	137
21	0	0			150	150
22	0	0			138	150
23	0	0			138	150
24	0	0			150	150
25	0	0			150	138
26	0	0			150	138
27	0	0			150	150
28	0	0			150	108
29	0	0			150	111
30	0	0			123	150
31	0	0			150	137
32	0	0			150	137
33	0	0			150	150
34	0	0			138	150
35	0	0			138	150
36	0	0			150	150
37	0	0			150	138
38	0	0			150	138
39	0	0			123	150
40	0	0			150	137
41	0	0			150	137
42	0	0			150	150
43	0	0			150	98
44	0	0			150	98
45	0	0			150	111
46	0	0			150	150
47	0	0			150	150
48	0	0			150	150
49	0	0			147	141
50	0	0			150	103
51	0	0			150	150
52	0	0			150	150
53	0	0			111	150
54	0	0			150	103
55	0	0			150	150
56	0	0			147	141
57	0	0			150	103
58	0	0			150	150
59	0	0			150	150
60	0	0			147	141
61	0	0			111	150
62	0	0			150	150
63	0	0			147	141
64	0	0			150	150
65	0	0			150	103
66	0	0			150	150
67	0	0			84	102
68	0	0			148	150
69	0	0			150	150
70	0	0			150	150
71	0	0			141	150
72	0	0			138	150
73	0	0			150	150
74	0	0			99	126
75	0	0			99	102
76	0	0			102	126
77	0	0			102	129
78	0	0			150	150
79	0	0			150	150
80	0	0			150	150
81	0	0			150	121
82	0	0			150	150
83	0	0			150	150
84	0	0			150	150
85	0	0			150	150
86	0	0			150	150
87	0	0			150	150
88	0	0			150	150
89	0	0			150	150
90	0	0			150	108
91	0	0			126	150
92	0	0			150	103
93	0	0			150	150
94	0	0			150	150
95	0	0			150	150
96	0	0			150	150
97	0	0			123	150
98	0	0			106	150
99	0	0			150	150
100	19	41			138	150
101	5	10			150	150
102	0	0			150	150
103	0	0			150	111
104	0	0			150	150
105	17	19			117	150
106	12	28			150	150
107	0	0			150	150
108	0	46			115	150
109	44	59			150	150
110	3	0			111	105
111	0	0			150	150
112	0	0			150	114
113	1	1			150	123
114	0	1			150	150
115	14	19			150	150
116	124	0			150	121
117	80	0			150	121
118	10	0			150	150
119	2	0			93	90
120	401	376			143	150
121	19	8			150	150
122	11	10			144	111
123	0	0			93	93
124	154	125			150	150
125	0	0			150	126
126	0	1			150	150
127	0	1			126	150
128	7	15			150	150
129	104	128			150	150
130	306	5			150	150
131	40	57			150	150
132	0	0			150	150
133	23	52			123	140
134	1	0			150	150
135	0	0			150	150
136	54	21			150	150
137	123	127			150	150
138	32	23			150	146
139	0	114			150	150
140	20	56			150	150
141	15	23			150	124
142	27	25			150	150
143	0	5			136	150
144	0	1			150	150
145	4	11			150	150
146	132	101			150	150
147	0	5			150	150
148	14	21			142	150
149	6	1			150	150
150	12	4			150	150
151	5	9			150	150
152	5	0			150	150
153	376	463			150	150
154	470	940			150	150
155	15	2			115	118
156	42	10			150	146
157	20	30			150	150
158	35	0			150	150
159	16	0			150	113
160	35	0			150	113
161	9	0			150	150
162	1	7			150	143
163	3	9			150	146
164	3	30			150	150
165	21	9			150	146
166	21	30			150	150
167	9	30			146	150
168	23	24			150	150
169	5	8			146	150
170	2	0			150	119
171	2	10			150	130
172	12	0			150	119
173	0	10			119	130
174	0	22			150	150
175	12	15			150	130
176	8	66			121	150
177	5	73			121	150
178	18	73			150	150
179	12	73			150	150
180	18	5			150	121
181	12	5			150	121
182	2	17			147	144
183	0	2			150	150
184	0	0			150	133
185	11	3			129	148
186	0	3			150	150
187	0	3			150	150
188	29	35			150	150
189	39	23			150	150
190	5	61			150	150
191	0	0			141	150
192	5	5			150	150
193	318	55			150	132
194	43	13			150	150
195	6	58			150	150
196	34	58			150	150
197	3	11			150	144
198	37	337			150	141
199	131	337			117	141
200	131	37			117	150
201	0	0			150	150
202	0	0			150	150
203	23	29			147	150
204	29	29			150	150
205	0	0			123	150
206	8	10			150	150
207	89	97			150	150
208	1	88			150	150
209	2	45			150	150
210	18	35			150	150
211	25	35			150	150
212	0	0			150	150
213	669	493			150	141
214	437	1			148	150
215	35	111			150	150
216	62	58			150	150
217	50	60			150	150
218	49	56			150	150
219	12	15			150	150
220	0	9			150	150
221	33	141			148	123
222	48	89			113	150
223	0	0			141	139
224	0	0			150	118
225	0	0			150	150
226	0	0			150	150
227	0	0			150	150
228	7	3			150	122
229	109	116			150	150
230	4	4			150	150
231	19	3			106	150
232	5	21			150	150
233	0	0			97	97
234	0	0			111	150
235	101	159			150	150
236	0	0			150	103
237	0	0			150	150
238	3	1			150	150
239	18	1			150	147
240	30	8			150	108
241	42	38			150	150
242	0	0			150	150
243	0	0			136	150
244	0	0			147	150
245	30	0			133	150
246	54	91			150	143
247	23	0			150	150
248	74	195			150	150
249	0	0			148	150
250	275	420			150	150
251	77	109			150	150
252	449	33			150	150
253	755	12			150	141
254	0	4			150	150
255	0	4			150	150
256	2	0			150	150
257	52	36			150	136
258	68	0			150	120
259	8	27			150	150
260	13	23			150	150
261	12	167			150	150
262	0	0			150	150
263	0	0			150	150
264	0	3			124	121
265	7	2			150	150
266	30	34			150	150
267	862	640			150	150
268	632	1055			150	117
269	0	0			122	119
270	24	19			150	150
271	11	19			150	150
272	339	338			150	150
273	17	33			140	150
274	12	31			150	150
275	86	81			150	150
276	0	0			150	118
277	17	3			150	150
278	84	0			85	85
279	1	0			150	150
280	0	0			143	143
281	0	0			103	143
282	2	2			150	150
283	121	170			150	150
284	13	168			150	150
285	11	109			131	150
286	3	17			150	150
287	188	172			138	150
288	66	104			150	150
289	108	0			138	150
290	652	1			150	150
291	6	10			150	150
292	0	0			150	150
293	0	0			150	150
294	0	0			150	150
295	0	0			150	150
296	12	4			150	150
297	3	3			150	150
298	1	3			150	150
299	2	0			133	102
300	36	48			150	150
301	83	53			150	150
302	83	82			150	150
303	0	0			150	150
304	27	55			150	150
305	178	178			150	150
306	93	81			150	150
307	0	0			150	132
308	20	44			150	150
309	84	71			144	150
310	0	0			150	150
311	0	0			150	150
312	0	0			150	150
313	0	0			150	150
314	25	14			150	150
315	0	0			150	150
316	0	0			150	150
317	0	0			125	143
318	0	0			150	150
319	0	0			150	150
320	0	0			150	150
321	0	0			150	150
322	0	1			150	150
323	0	0			150	136
324	1	1			116	150
325	0	4			123	150
326	0	0			150	150
327	1	42			150	141
328	52	5			150	150
329	50	50			150	150
330	0	0			150	150
331	0	0			150	150
332	0	0			150	150
333	0	0			150	150
334	0	0			150	150
335	0	0			150	150
336	0	0			150	150
337	0	0			150	150
338	0	0			150	150
339	0	0			150	150
340	0	0			150	150
341	0	0			150	150
342	36	42			145	150
343	2	13			150	150
344	2	9			150	150
345	9	23			150	150
346	0	0			150	150
347	0	0			150	150
348	0	0			150	121
349	61	82			150	150
350	9	82			150	150
351	39	82			117	150
352	39	9			117	150
353	39	99			117	150
354	18	24			148	114
355	8	15			150	108
356	14	27			108	150
357	43	61			122	150
358	28	124			117	149
359	0	7			131	125
360	158	0			150	150
361	84	0			150	150
362	6	4			149	150
363	3	8			150	150
364	5	78			124	150
365	12	4			148	150
366	0	0			150	150
367	140	126			150	150
368	6	33			150	144
369	3	5			150	150
370	646	821			150	150
371	1	3			150	150
372	2	10			138	150
373	2	0			120	120
374	0	0			133	150
375	16	0			150	114
376	50	64			150	150
377	91	19			150	134
378	0	4			127	126
379	11	22			150	150
380	5	4			150	150
381	0	5			150	150
382	7	16			129	150
383	2	1			150	123
384	3	0			150	150
385	5	213			150	143
386	4	213			150	143
387	109	23			150	150
388	0	0			150	150
389	1	5			129	150
390	118	102			150	144
391	30	43			150	150
392	32	40			150	150
393	0	57			100	100
394	39	60			119	150
395	26	0			127	119
396	0	1			150	95
397	0	1			150	96
398	0	0			135	150
399	2	1			150	150
400	0	0			150	150
401	0	0			150	150
402	4	25			150	150
403	6	5			150	150
404	9	0			150	142
405	23	4			150	150
406	23	19			150	150
407	5	1			150	138
408	5	0			150	147
409	1	0			138	147
410	27	35			123	150
411	0	0			150	150
412	18	20			150	150
413	0	20			150	150
414	6	4			150	150
415	32	42			150	150
416	172	436			150	140
417	3	127			117	150
418	240	3			150	150
419	245	309			150	150
420	0	0			150	150
421	6	0			150	133
422	0	0			108	135
423	8	56			150	150
424	0	1			150	150
425	0	1			150	150
426	8	174			150	148
427	1	4			150	150
428	9	15			150	150
429	51	1			140	150
430	71	70			114	150
431	62	54			135	102
432	247	354			150	150
433	79	68			150	150
434	8	11			150	150
435	3	0			150	150
436	3	0			150	150
437	8	19			150	150
438	3	8			150	150
439	3	8			150	150
440	2	0			150	150
441	0	0			150	150
442	1	0			150	150
443	0	0			150	104
444	7	0			150	150
445	0	0			150	150
446	50	58			150	150
447	28	28			150	150
448	5	22			95	150
449	0	0			150	150
450	9	5			150	150
451	9	5			150	150
452	0	2			84	84
453	33	32			150	150
454	30	23			150	150
455	0	6			150	150
456	100	71			150	150
457	53	284			102	150
458	12	7			150	98
459	5	19			128	150
460	12	8			150	128
461	81	185			150	150
462	37	56			150	150
463	10	190			150	135
464	13	17			150	129
465	0	18			147	147
466	1	13			150	150
467	5	13			150	150
468	5	1			150	150
469	4	0			150	133
470	108	58			150	150
471	3	0			150	150
472	82	61			150	150
473	37	51			150	146
474	38	26			150	150
475	838	54			150	150
476	1577	121			150	150
477	1	0			150	150
478	9	12			150	150
479	1	97			150	150
480	88	89			150	150
481	0	0			150	150
482	33	0			150	150
483	33	0			150	150
484	874	0			127	150
485	75	1			150	150
486	18	1			150	150
487	110	133			147	150
488	105	135			150	150
489	0	0			150	150
490	3	0			150	150
491	12	21			150	150
492	10	44			150	150
493	1141	0			147	150
494	7	2			150	150
495	36	14			150	84
496	58	14			150	84
497	44	36			150	150
498	14	26			150	150
499	21	16			150	150
500	0	4			150	150
501	1	23			146	150
502	0	0			145	150
503	0	0			145	150
504	1	78			150	150
505	10	23			150	150
506	91	88			150	150
507	2	0			150	150
508	101	122			135	143
509	0	0			150	119
510	0	0			79	82
511	7	0			150	150
512	10	12			150	150
513	3	0			150	150
514	0	0			150	150
515	0	77			108	144
516	0	11			108	102
517	0	1			78	150
518	19	342			150	150
519	19	158			150	150
520	7	17			111	150
521	28	0			150	150
522	1	11			150	150
523	19	17			150	150
524	54	77			127	150
525	99	90			150	150
526	2	0			113	137
527	239	267			150	150
528	420	613			150	150
529	82	125			118	150
530	158	260			150	150
531	44	120			150	150
532	165	121			150	150
533	216	470			150	150
534	0	0			150	150
535	164	172			150	150
536	0	3			150	125
537	125	199			148	150
538	0	0			150	150
539	0	0			150	81
540	5	0			138	150
541	0	0			150	150
542	0	0			150	150
543	0	0			150	150
544	0	0			150	150
545	0	0			150	150
546	11	18			150	150
547	542	107			150	150
548	466	896			150	150
549	46	6			150	140
550	30	0			149	137
551	33	74			150	150
552	0	0			98	98
553	0	0			81	81
554	28	0			128	132
555	64	46			139	150
556	0	0			150	105
557	0	0			117	105
558	0	18			150	150
559	0	0			150	150
560	94	157			150	150
561	4	3			150	150
562	2	1			150	150
563	45	54			147	144
564	5	0			147	150
565	39	78			150	150
566	195	712			150	150
567	24	46			133	147
568	34	33			147	150
569	206	277			150	150
570	15	30			150	150
571	0	4			150	150
572	41	76			114	149
573	0	0			147	141
574	1	0			150	150
575	0	5			150	146
576	0	0			84	84
577	23	10			150	150
578	8	16			150	150
579	107	174			120	120
580	14	4			150	110
581	0	2			150	150
582	4	0			150	150
583	5	0			150	150
584	58	34			144	108
585	63	89			150	150
586	4	7			134	108
587	3	30			150	141
588	0	0			150	150
589	85	74			150	130
590	86	88			150	150
591	86	88			150	150
592	1	6			150	150
593	1	11			150	115
594	0	0			150	150
595	104	92			150	150
596	0	0			150	150
597	5	10			150	150
598	5	0			126	150
599	1	0			150	150
600	4	19			150	120
601	0	2			150	135
602	0	0			96	96
603	36	22			150	116
604	0	0			150	150
605	0	1			129	137
606	3	3			150	150
607	228	0			100	100
608	8	16			150	150
609	0	0			150	150
610	0	0			150	150
611	19	13			150	114
612	26	39			150	150
613	0	0			150	125
614	0	0			150	150
615	26	11			150	99
616	14	21			150	147
617	4	12			150	142
618	10	1			142	150
619	4	0			142	111
620	0	0			150	150
621	8	8			133	150
622	21	0			150	114
623	12	28			150	150
624	1	1			150	150
625	16	23			150	150
626	0	1			150	150
627	3	0			150	150
628	3	1			150	148
629	0	0			150	150
630	0	8			103	150
631	5	3			150	150
632	0	21			76	150
633	6	5			150	150
634	0	0			138	150
635	1	1			150	150
636	25	30			143	150
637	6	0			150	138
638	57	0			150	138
639	57	6			150	150
640	0	0			110	127
641	0	0			126	150
642	24	31			150	150
643	4	6			150	131
644	1	1			125	150
645	0	0			150	142
646	5	4			150	150
647	11	9			150	150
648	0	0			143	150
649	0	0			141	150
650	5	0			123	99
651	0	24			150	150
652	0	0			150	131
653	0	0			150	150
654	17	23			150	150
655	0	1			150	150
656	8	30			150	150
657	17	74			150	150
658	155	195			150	150
659	42	31			126	150
660	36	1			150	107
661	20	29			150	150
662	23	21			150	150
663	11	12			150	148
664	0	2			150	150
665	5	128			150	150
666	1	2			150	150
667	1	0			150	150
668	55	29			150	150
669	0	0			120	150
670	1	0			147	150
671	3	0			150	150
672	0	0			135	150
673	0	8			150	150
674	0	4			150	126
675	0	31			121	144
676	1	13			150	110
677	14	11			150	150
678	156	2			150	150
679	1775	5551			150	150
680	27	16			150	138
681	37	84			150	138
682	18	5			150	150
683	2	2			114	150
684	74	83			150	150
685	43	45			150	150
686	2	57			150	150
687	1	77			150	146
688	23	1			150	150
689	17	1			150	150
690	1	27			143	150
691	4	46			150	142
692	25	17			150	150
693	25	17			150	150
694	25	10			150	150
695	0	0			81	81
696	52	66			150	150
697	121	98			150	146
698	5	160			127	150
699	11	11			150	150
700	15	1			150	150
701	2	1			150	150
702	2	15			150	150
703	1	0			150	102
704	0	0			111	114
705	0	0			134	118
706	12	153			150	150
707	2	0			150	150
708	2	1			150	150
709	0	2			150	150
710	1	0			87	84
711	0	0			150	147
712	0	0			150	150
713	0	0			150	150
714	10	36			150	150
715	1	0			142	106
716	51	51			150	150
717	62	57			150	150
718	69	0			83	83
719	484	717			150	150
720	365	479			150	150
721	0	0			150	150
722	1	0			84	84
723	18	35			150	150
724	39	0			92	92
725	0	0			99	99
726	0	0			150	150
727	1	0			150	144
728	1	0			150	150
729	0	0			144	150
730	32	23			150	150
731	1	1			150	150
732	1	4			150	133
733	1	0			150	150
734	1	0			150	150
735	4	0			133	150
736	5	1			150	150
737	5	1			150	150
738	79	33			132	150
739	120	11			150	150
740	2	0			150	109
741	88	69			150	136
742	0	0			150	150
743	0	0			150	150
744	10	30			150	150
745	347	0			150	150
746	78	97			150	141
747	7	5			150	150
748	110	126			150	150
749	38	6			125	136
750	0	0			150	128
751	32	11			150	150
752	54	0			150	150
753	168	31			147	150
754	2	2			150	132
755	2	2			150	132
756	2	2			150	150
757	10	35			112	150
758	1177	36			150	150
759	1721	4			107	113
760	8	5			150	150
761	0	3			150	150
762	0	0			150	150
763	21	29			150	150
764	37	33			150	150
765	37	28			150	124
766	45	60			150	150
767	9	47			150	150
768	9	20			150	110
769	0	2			138	149
770	95	0			150	150
771	56	0			150	150
772	0	0			150	150
773	37	5			150	120
774	15	0			150	114
775	18	23			150	150
776	0	0			114	150
777	11	13			122	147
778	15	48			150	150
779	28	24			150	108
780	1	4			150	143
781	17	22			150	150
782	0	0			97	99
783	3	1			150	150
784	0	1			120	120
785	0	0			135	150
786	30	46			150	150
787	2	3			150	150
788	0	0			150	150
789	12	3			150	108
790	96	147			113	150
791	324	341			150	150
792	168	46			150	101
793	0	0			87	87
794	0	0			102	150
795	19	24			150	150
796	36	69			150	150
797	42	70			150	150
798	197	177			150	150
799	4	349			150	150
800	11	21			136	150
801	0	1			150	150
802	29	76			124	150
803	0	1			99	100
804	0	0			150	150
805	30	92			150	150
806	11	12			150	150
807	60	58			150	150
808	0	0			150	150
809	0	0			150	150
810	16	56			114	150
811	9	4			150	150
812	24	14			150	150
813	0	0			90	90
814	1	7			90	78
815	0	0			117	78
816	10	22			150	150
817	0	437			113	142
818	142	437			142	142
819	142	0			142	113
820	216	287			150	150
821	0	0			150	150
822	1	0			150	150
823	7	5			148	150
824	6	5			150	150
825	1	2			148	150
826	25	28			150	150
827	444	556			150	150
828	3	9			109	141
829	5	77			147	150
830	6	77			150	150
831	2	0			150	121
832	11	0			136	128
833	0	9			150	150
834	3	15			150	138
835	23	4			150	150
836	21	87			150	150
837	0	0			150	150
838	0	0			150	150
839	0	0			150	150
840	0	0			150	150
841	0	0			150	150
842	0	1			87	90
843	12	0			128	150
844	2150	5011			103	150
845	4600	5011			150	150
846	3	2			150	150
847	11	59			113	150
848	4	2			150	133
849	26	0			150	150
850	3	2			150	150
851	0	3			150	150
852	4	1			150	105
853	1	63			87	87
854	31	133			129	150
855	0	0			150	150
856	0	1			150	150
857	0	0			150	150
858	1	0			150	150
859	101	68			150	150
860	227	21			150	150
861	0	0			150	124
862	3	0			150	106
863	0	0			150	150
864	0	0			150	150
865	1	124			102	120
866	33	56			132	150
867	2	2			150	150
868	0	0			150	150
869	2	2			150	150
870	0	0			150	150
871	27	10			141	149
872	27	19			141	150
873	3	4			150	150
874	2	0			150	150
875	70	53			114	102
876	15	53			126	102
877	153	41			150	102
878	124	27			150	102
879	11	8			150	150
880	6	141			150	150
881	181	0			150	150
882	15	7			145	150
883	198	194			138	150
884	0	0			150	150
885	0	0			150	131
886	0	0			150	131
887	3	42			98	150
888	0	0			150	150
889	54	2			150	150
890	8	9			150	150
891	0	59			150	150
892	1	0			117	150
893	1	69			150	150
894	0	0			150	150
895	1	0			150	150
896	6	0			150	150
897	2	4			150	150
898	19	21			150	150
899	0	0			127	129
900	2	4			150	150
901	2	5			150	150
902	14	27			150	150
903	0	0			150	150
904	0	0			150	150
905	4	9			141	150
906	0	0			110	150
907	0	0			110	150
908	0	0			150	146
909	4	97			124	128
910	85	1			150	150
911	179	1			149	125
912	0	40			150	136
913	12	40			150	150
914	0	0			98	95
915	0	7			130	150
916	0	15			150	150
917	3	6			150	150
918	2	52			106	150
919	1	83			79	150
920	5	23			98	150
921	31	55			150	150
922	27	0			150	150
923	15	53			150	150
924	4	1			150	150
925	0	4			132	132
926	1	0			93	93
927	0	0			96	90
928	0	0			96	90
929	0	0			87	99
930	0	3			116	116
931	0	0			150	150
932	21	55			146	150
933	51	58			150	150
934	56	1			98	101
935	129	160			150	150
936	290	265			150	150
937	28	50			150	150
938	98	139			150	150
939	0	228			150	150
940	155	36			150	137
941	17	43			150	150
942	0	8			150	150
943	0	1			150	150
944	1	1			108	108
945	8	13			150	150
946	11	6			138	150
947	27	17			150	150
948	45	2			150	150
949	26	41			150	150
950	2	68			150	150
951	0	0			150	150
952	7	47			136	150
953	0	0			150	150
954	0	0			150	136
955	0	0			150	136
956	5	5			146	150
957	1	17			134	150
958	15	109			150	150
959	24	31			150	150
960	24	2			150	150
961	26	35			150	146
962	4	91			150	122
963	38	62			109	126
964	51	1			150	150
965	5	3			150	135
966	5	3			150	135
967	0	3			141	150
968	29	3			150	150
969	0	0			138	150
970	1	1			150	138
971	172	193			150	150
972	28	0			87	87
973	0	0			150	150
974	30	5			150	150
975	12	17			150	150
976	6	0			150	98
977	0	0			146	135
978	0	3			150	150
979	18	47			130	150
980	18	23			130	121
981	25	82			150	150
982	4	3			150	150
983	17	11			150	150
984	17	98			107	134
985	25	21			150	150
986	0	287			150	150
987	1	0			81	81
988	9	8			150	150
989	1	45			150	150
990	0	0			150	150
991	0	0			150	150
992	0	0			150	150
993	0	0			150	150
994	0	0			84	84
995	0	0			123	150
996	9	0			150	150
997	0	0			150	150
998	0	0			150	131
999	13	14			143	119
1000	17	14			150	119
1001	0	1			150	150
1002	0	0			138	150
1003	21	11			128	150
1004	28	17			150	137
1005	0	0			150	150
1006	2	0			150	150
1007	1	2			108	150
1008	0	0			150	150
1009	0	1			150	150
1010	61	100			150	150
1011	36	82			137	150
1012	0	1			150	150
1013	0	2			150	150
1014	0	1			150	127
1015	2	1			150	127
1016	0	0			96	90
1017	0	2			150	150
1018	5	2			150	150
1019	5	5			150	150
1020	3	11			150	150
1021	7	9			150	150
1022	12	0			150	150
1023	7	0			150	95
1024	7	0			150	137
1025	0	0			95	137
1026	1	3			147	141
1027	2	3			150	141
1028	2	1			150	147
1029	0	0			108	150
1030	127	41			147	150
1031	8	0			148	150
1032	0	0			150	150
1033	0	0			150	150
1034	0	0			150	150
1035	0	0			150	150
1036	0	0			150	150
1037	5	11			150	147
1038	0	0			81	81
1039	0	1			150	150
1040	3	72			81	144
1041	0	72			81	144
1042	0	3			81	81
1043	0	4			150	150
1044	150	210			150	150
1045	0	0			150	150
1046	223	6			150	135
1047	0	0			150	150
1048	3	4			148	150
1049	0	0			150	137
1050	1	0			150	150
1051	2	1			132	150
1052	17	18			148	150
1053	17	12			148	150
1054	83	14			138	97
1055	1	1			150	150
1056	42	65			150	150
1057	0	0			150	150
1058	1	0			150	150
1059	41	107			150	150
1060	2	1			150	150
1061	17	0			150	150
1062	0	0			150	150
1063	0	0			150	150
1064	23	24			150	150
1065	35	28			150	115
1066	1	4			150	150
1067	276	193			150	134
1068	0	0			150	150
1069	216	185			150	131
1070	4	3			135	131
1071	5	2			150	150
1072	83	122			150	150
1073	0	0			150	150
1074	47	30			150	150
1075	64	30			150	150
1076	11	0			90	93
1077	9	1			147	150
1078	41	38			150	150
1079	0	0			150	103
1080	0	0			150	150
1081	0	0			120	150
1082	0	0			150	150
1083	0	0			150	120
1084	0	0			150	120
1085	0	0			150	150
1086	2	7			150	150
1087	6	0			111	114
1088	67	66			150	147
1089	0	3			150	150
1090	0	3			150	150
1091	13	0			150	150
1092	2	28			121	135
1093	0	72			119	112
1094	0	39			102	150
1095	0	0			90	87
1096	10	4			150	150
1097	0	3			150	150
1098	8	0			96	96
1099	0	0			150	150
1100	30	42			150	150
1101	10	17			114	144
1102	0	0			147	141
1103	20	24			150	150
1104	1702	122			150	150
1105	0	1			150	150
1106	0	0			150	150
1107	25	45			136	150
1108	39	25			126	123
1109	38	84			126	123
1110	38	73			126	150
1111	14	28			129	135
1112	8	30			129	135
1113	14	30			111	135
1114	12	0			129	150
1115	15	0			111	150
1116	19	0			129	150
1117	14	8			111	129
1118	75	7			126	129
1119	15	12			111	129
1120	41	10			126	129
1121	2	6			150	150
1122	0	0			110	93
1123	1	0			150	150
1124	0	1			150	150
1125	0	1			150	150
1126	0	0			150	150
1127	191	248			150	150
1128	3	7			150	150
1129	3	7			150	150
1130	16	19			150	150
1131	1	8			150	114
1132	11	15			150	126
1133	8	6			150	124
1134	1	1			132	150
1135	0	0			150	150
1136	73	81			150	150
1137	166	0			150	150
1138	1	105			150	150
1139	39	0			150	150
1140	52	25			150	150
1141	0	49			150	135
1142	1	0			140	150
1143	9	4			142	150
1144	1	1			90	105
1145	45	41			150	150
1146	77	44			150	150
1147	0	0			150	150
1148	4	1			150	136
1149	20	58			120	140
1150	7	39			150	150
1151	4	0			150	150
1152	1	0			150	150
1153	0	0			150	150
1154	0	0			150	150
1155	1	4			150	150
1156	0	4			150	150
1157	0	4			150	150
1158	0	1			150	150
1159	0	1			150	150
1160	1	12			121	150
1161	0	0			121	133
1162	0	0			150	133
1163	0	0			150	121
1164	1	0			141	150
1165	0	19			150	150
1166	233	187			150	150
1167	136	200			150	150
1168	0	0			150	150
1169	5	25			150	150
1170	29	23			150	144
1171	48	9			144	150
1172	0	0			150	150
1173	0	0			150	150
1174	3	3			150	150
1175	10	5			150	150
1176	1	7			102	150
1177	0	1			150	150
1178	48	39			149	150
1179	0	2			150	100
1180	81	63			150	150
1181	0	0			150	114
1182	29	34			150	150
1183	30	24			150	150
1184	0	0			150	98
1185	3	304			150	150
1186	2	3			150	150
1187	0	4			150	150
1188	0	4			150	150
1189	40	44			150	150
1190	0	0			150	150
1191	0	9			150	150
1192	0	0			150	150
1193	0	0			84	96
1194	0	0			144	93
1195	2	7			102	117
1196	225	290			150	150
1197	2	0			133	117
1198	4	2			150	109
1199	2	4			150	109
1200	0	0			150	150
1201	31	21			144	132
1202	0	0			135	150
1203	144	223			150	150
1204	59	90			150	150
1205	14	22			150	150
1206	1	0			150	106
1207	73	8			120	117
1208	14	17			150	150
1209	0	0			150	150
1210	0	0			150	150
1211	0	18			111	150
1212	63	4			150	150
1213	63	45			150	150
1214	4	45			150	150
1215	79	99			150	150
1216	0	0			150	150
1217	0	0			123	150
1218	33	48			150	150
1219	0	0			150	150
1220	0	0			150	150
1221	0	0			150	130
1222	0	0			150	149
1223	35	47			150	150
1224	35	17			150	150
1225	35	17			150	121
1226	32	17			150	121
1227	47	17			150	150
1228	47	17			150	121
1229	47	17			150	121
1230	4	52			150	150
1231	0	0			150	150
1232	9	0			147	137
1233	0	0			114	150
1234	0	0			133	150
1235	18	0			150	87
1236	56	58			150	150
1237	3	2			150	150
1238	0	1			150	150
1239	0	3			150	150
1240	0	2			150	150
1241	0	2			150	150
1242	0	0			84	93
1243	0	6			150	150
1244	0	0			110	150
1245	1	0			150	150
1246	1	0			137	150
1247	1	1			150	150
1248	23	1			150	150
1249	19	31			146	150
1250	54	4			150	150
1251	14	0			150	150
1252	0	0			150	150
1253	0	0			78	78
1254	0	0			150	150
1255	112	221			150	150
1256	27	52			150	150
1257	138	90			150	150
1258	24	9			150	150
1259	70	83			150	139
1260	84	54			150	150
1261	23	54			139	150
1262	71	56			139	150
1263	32	0			150	150
1264	0	0			150	99
1265	0	10			150	81
1266	0	0			128	150
1267	136	206			150	150
1268	136	205			150	150
1269	199	141			150	150
1270	0	0			150	150
1271	4	6			150	150
1272	0	0			134	150
1273	0	5			114	150
1274	35	0			150	92
1275	0	4			150	125
1276	3	4			150	127
1277	0	0			150	150
1278	46	85			150	150
1279	1	137			150	150
1280	0	1			148	150
1281	0	0			150	150
1282	3	0			150	150
1283	3	0			150	150
1284	2	0			150	150
1285	0	0			150	150
1286	0	0			150	150
1287	0	0			150	150
1288	0	0			150	103
1289	0	0			150	150
1290	2	0			150	150
1291	6	97			144	150
1292	8	0			150	133
1293	15	5			150	150
1294	0	0			150	150
1295	8	0			149	149
1296	2	3			150	150
1297	4	5			105	133
1298	126	18			150	123
1299	4	3			150	150
1300	10	3			150	150
1301	2	3			150	150
1302	2	4			150	150
1303	2	10			150	150
1304	0	0			121	147
1305	41	76			150	150
1306	0	0			150	150
1307	9	10			150	140
1308	0	0			150	150
1309	89	87			150	150
1310	13	4			150	150
1311	21	14			150	114
1312	66	71			150	150
1313	0	0			144	131
1314	192	334			150	150
1315	148	298			150	150
1316	338	122			150	150
1317	1	0			126	150
1318	219	117			150	131
1319	99	119			120	150
1320	94	118			120	131
1321	45	64			139	150
1322	72	6			150	150
1323	127	165			150	150
1324	7	7			150	150
1325	2	4			150	121
1326	27	39			150	150
1327	0	0			150	150
1328	650	14			150	150
1329	0	1			150	150
1330	5	0			99	99
1331	16	12			134	150
1332	23	12			150	150
1333	7	0			150	150
1334	34	46			129	150
1335	67	5			125	115
1336	9	9			150	138
1337	7	5			150	150
1338	0	0			150	150
1339	0	0			150	150
1340	0	0			141	150
1341	0	0			150	130
1342	0	0			150	130
1343	0	0			150	150
1344	0	0			150	150
1345	0	0			150	150
1346	0	0			150	150
1347	48	9			150	150
1348	0	0			150	136
1349	1	0			150	150
1350	66	65			141	143
1351	49	63			143	146
1352	80	51			146	133
1353	2	74			150	150
1354	2	74			150	150
1355	67	74			150	150
1356	14	94			146	150
1357	0	0			134	150
1358	0	0			96	96
1359	122	143			150	150
1360	16	27			150	150
1361	0	0			147	141
1362	296	325			150	150
1363	58	306			150	150
1364	98	522			150	150
1365	1	44			150	140
1366	0	0			123	150
1367	0	0			123	150
1368	0	0			123	78
1369	0	0			150	78
1370	0	0			150	78
1371	84	0			79	79
1372	0	6			150	150
1373	0	0			150	150
1374	2	4			150	150
1375	4	0			150	150
1376	4	0			150	150
1377	42	17			150	150
1378	216	19			113	136
1379	0	0			150	150
1380	0	0			115	150
1381	0	0			139	128
1382	0	0			108	123
1383	44	57			150	150
1384	53	0			128	79
1385	0	5			150	150
1386	0	1			150	150
1387	5	1			150	150
1388	50	123			150	144
1389	97	0			150	76
1390	0	7			150	136
1391	5	0			150	150
1392	4	2			150	150
1393	0	0			150	150
1394	0	31			150	131
1395	0	31			150	131
1396	0	0			150	150
1397	0	0			150	122
1398	66	25			150	150
1399	0	0			150	150
1400	189	329			114	132
1401	0	28			150	122
1402	0	0			150	150
1403	0	0			150	150
1404	29	35			150	150
1405	8	49			150	150
1406	34	49			150	150
1407	0	0			81	81
1408	20	35			130	150
1409	131	120			150	129
1410	0	16			96	96
1411	0	12			96	93
1412	55	204			118	150
1413	111	148			150	150
1414	55	58			133	150
1415	32	41			129	150
1416	0	0			150	150
1417	0	0			150	150
1418	1	1			142	150
1419	0	6			114	145
1420	0	7			150	150
1421	0	8			150	150
1422	0	2			150	150
1423	0	6			150	145
1424	7	8			150	150
1425	7	2			150	150
1426	7	6			150	145
1427	8	6			150	145
1428	2	6			150	145
1429	0	0			123	150
1430	66	43			150	150
1431	0	0			150	108
1432	11	0			126	99
1433	23	21			150	150
1434	0	0			150	150
1435	3	0			150	150
1436	0	0			150	150
1437	0	0			150	150
1438	3	24			150	150
1439	1	1			150	150
1440	9	36			150	150
1441	0	0			96	90
1442	8	14			150	150
1443	6	15			150	150
1444	279	4			150	150
1445	34	85			150	150
1446	4	1			150	150
1447	30	52			150	150
1448	5	22			150	150
1449	6	3			150	150
1450	1	0			150	150
1451	0	0			144	150
1452	3	3			150	150
1453	0	0			150	150
1454	156	5			150	150
1455	19	1			150	150
1456	39	36			150	150
1457	0	0			87	87
1458	0	0			150	147
1459	0	0			150	147
1460	0	13			79	150
1461	4	23			150	150
1462	2	23			150	150
1463	151	20			150	150
1464	2	5			139	150
1465	32	90			150	150
1466	0	94			84	150
1467	0	0			150	150
1468	31	36			123	150
1469	69	64			150	150
1470	11	3			150	150
1471	21	27			150	135
1472	105	83			150	136
1473	0	25			98	98
1474	639	1214			150	150
1475	639	1			150	150
1476	80	73			150	150
1477	27	65			150	150
1478	4	0			140	125
1479	0	0			150	107
1480	0	3			150	150
1481	10	27			106	150
1482	51	103			138	150
1483	9	2			150	90
1484	3	4			150	150
1485	0	2			111	150
1486	0	0			150	150
1487	7	68			150	150
1488	0	21			120	150
1489	1	1			150	150
1490	0	147			132	150
1491	0	2			150	150
1492	0	2			105	150
1493	0	0			105	150
1494	0	0			150	150
1495	129	110			150	150
1496	61	86			126	150
1497	47	93			150	150
1498	0	148			82	150
1499	2	0			150	150
1500	0	0			150	150
1501	79	123			150	150
1502	7	0			150	150
1503	7	3			150	150
1504	24	0			150	150
1505	4	8			141	150
1506	26	2353			150	150
1507	1689	2353			111	150
1508	38	30			110	125
1509	122	30			150	125
1510	83	100			150	150
1511	187	7			147	150
1512	64	50			150	150
1513	2	74			147	147
1514	0	0			150	150
1515	16	102			150	150
1516	2	0			150	150
1517	841	698			150	132
1518	0	2			150	150
1519	0	0			150	150
1520	2	0			150	150
1521	0	56			150	150
1522	0	28			150	150
1523	2	6			106	106
1524	0	3			100	100
1525	315	0			150	150
1526	609	0			150	150
1527	1	9			150	150
1528	190	313			150	150
1529	55	83			150	150
1530	276	0			150	150
1531	4	60			150	150
1532	4	77			150	150
1533	4	59			150	150
1534	0	1			150	150
1535	0	1			150	150
1536	0	0			131	150
1537	144	146			150	150
1538	30	20			150	150
1539	58	3			150	150
1540	22	15			150	126
1541	123	0			84	87
1542	1439	252			150	119
1543	1145	0			132	150
1544	0	0			138	115
1545	0	26			150	150
1546	0	0			150	150
1547	47	41			150	150
1548	0	0			150	108
1549	1	7			124	150
1550	0	2			150	150
1551	3	0			150	150
1552	22	0			141	150
1553	3	0			150	137
1554	0	0			150	137
1555	0	3			150	150
1556	20	16			150	150
1557	0	0			123	150
1558	0	35			118	150
1559	109	76			150	135
1560	0	0			93	126
1561	0	50			150	150
1562	0	0			150	150
1563	2	0			150	150
1564	0	7			150	150
1565	23	54			150	150
1566	25	7			150	129
1567	1	1			150	150
1568	18	5			150	143
1569	0	0			150	98
1570	0	0			150	98
1571	4	3			150	128
1572	108	89			150	150
1573	0	5			150	150
1574	35	54			150	150
1575	54	53			150	139
1576	0	6			150	150
1577	147	253			150	150
1578	77	79			150	150
1579	11	6			150	150
1580	0	5			150	145
1581	23	1			150	150
1582	29	41			150	150
1583	1	3			150	150
1584	0	6			129	114
1585	15	233			150	150
1586	20	76			135	150
1587	51	46			142	150
1588	0	0			144	150
1589	0	0			144	150
1590	0	0			150	150
1591	14	5			150	132
1592	237	163			150	150
1593	5	1			142	150
1594	0	19			96	93
1595	0	0			150	98
1596	0	0			150	98
1597	15	0			120	150
1598	5	13			120	150
1599	12	10			150	150
1600	20	1217			150	150
1601	13	1217			150	150
1602	0	0			150	150
1603	5	5			150	150
1604	6	2			150	150
1605	22	9			150	150
1606	10	11			141	150
1607	0	0			99	132
1608	14	110			150	150
1609	16	55			150	150
1610	16	71			150	135
1611	55	71			150	135
1612	36	53			150	150
1613	0	4			149	150
1614	0	1			149	150
1615	5	13			150	150
1616	8	6			150	150
1617	1	200			150	150
1618	2	200			145	150
1619	2	200			134	150
1620	48	31			150	150
1621	36	45			150	150
1622	3	66			150	150
1623	0	0			77	150
1624	1	373			148	150
1625	35	20			146	146
1626	7	17			150	150
1627	21	1			150	80
1628	13	17			150	150
1629	24	41			144	150
1630	13	43			150	150
1631	12	5			150	150
1632	74	0			150	135
1633	75	27			150	150
1634	1	159			150	150
1635	140	159			150	150
1636	54	17			144	144
1637	0	0			111	150
1638	8	23			150	150
1639	16	49			150	150
1640	15	18			150	150
1641	9	16			150	150
1642	0	26			150	150
1643	0	0			150	150
1644	0	0			150	79
1645	14	0			150	150
1646	0	8			125	150
1647	4	8			125	150
1648	0	8			127	150
1649	1	8			125	150
1650	1	14			131	125
1651	61	3			150	150
1652	109	2			150	150
1653	52	2			150	150
1654	0	0			116	150
1655	1	0			150	150
1656	0	1			150	150
1657	9	7			150	150
1658	15	44			144	150
1659	47	42			150	150
1660	2	4			150	150
1661	0	4			150	150
1662	0	0			150	150
1663	0	0			150	150
1664	114	166			150	141
1665	85	70			150	150
1666	68	46			150	150
1667	0	0			127	150
1668	3	29			133	150
1669	1	0			104	150
1670	0	0			132	150
1671	82	0			150	150
1672	0	0			93	93
1673	0	2			93	150
1674	4	12			150	141
1675	14	6			150	150
1676	15	0			150	150
1677	15	34			150	149
1678	0	34			150	149
1679	27	114			150	150
1680	0	0			150	114
1681	0	0			150	114
1682	3	0			150	150
1683	3	0			150	150
1684	0	3			150	150
1685	0	6			150	150
1686	4	0			134	150
1687	4	0			134	150
1688	1	6			134	150
1689	0	0			150	150
1690	3	6			150	150
1691	0	0			150	150
1692	0	0			150	137
1693	0	0			150	137
1694	0	0			150	150
1695	0	8			150	150
1696	16	3			150	150
1697	4	112			150	150
1698	4	112			150	150
1699	86	93			150	150
1700	1	0			150	150
1701	10	0			150	122
1702	0	61			150	150
1703	3	95			150	150
1704	1	21			150	131
1705	19	15			150	150
1706	22	19			114	150
1707	0	0			135	117
1708	0	0			108	117
1709	0	0			108	135
1710	0	0			108	135
1711	47	4			148	148
1712	10	27			150	150
1713	7	17			142	150
1714	7	17			120	150
1715	6	8			150	142
1716	0	6			120	142
1717	1	8			117	150
1718	9	8			120	150
1719	1	8			117	150
1720	1	8			120	150
1721	1	28			150	150
1722	14	21			150	150
1723	1	0			150	150
1724	0	0			135	147
1725	0	13			115	130
1726	1	22			115	130
1727	20	1			150	150
1728	7	40			150	150
1729	0	0			150	150
1730	0	2			133	122
1731	0	4			133	150
1732	2	4			122	150
1733	13	2			150	150
1734	0	1			93	93
1735	6	13			121	150
1736	24	1			150	121
1737	1	17			123	150
1738	4	0			150	117
1739	0	0			121	150
1740	2	1			150	150
1741	0	1			121	150
1742	1	0			84	84
1743	0	0			150	84
1744	0	1			150	84
1745	58	0			150	150
1746	5	2			147	147
1747	105	133			150	133
1748	0	4			150	150
1749	0	0			150	150
1750	192	158			150	150
1751	9	10			139	150
1752	0	2			150	150
1753	20	5			150	150
1754	252	260			150	146
1755	218	237			146	150
1756	17	14			150	150
1757	17	14			150	150
1758	73	50			150	150
1759	0	2			150	150
1760	0	4			150	129
1761	101	127			150	150
1762	56	93			150	150
1763	0	1			109	150
1764	2	11			150	150
1765	29	57			126	150
1766	20	58			105	150
1767	30	45			150	150
1768	4	0			150	150
1769	4	0			150	150
1770	0	0			150	150
1771	3	9			123	150
1772	0	0			93	93
1773	0	0			150	150
1774	16	33			142	136
1775	1	2			150	150
1776	0	0			115	118
1777	6	5			150	123
1778	11	8			150	150
1779	26	12			150	150
1780	5	12			150	150
1781	13	13			143	150
1782	13	17			143	150
1783	0	0			150	150
1784	7	0			99	126
1785	0	0			99	102
1786	0	0			102	126
1787	0	0			102	129
1788	39	20			150	102
1789	2	0			150	150
1790	65	52			150	150
1791	0	0			150	98
1792	0	0			150	98
1793	16	15			139	150
1794	8	11			150	150
1795	2	0			150	150
1796	1	1			150	150
1797	0	3			150	150
1798	207	132			150	114
1799	136	27			135	141
1800	1	4			150	150
1801	5	1			150	150
1802	1	0			147	127
1803	52	19			150	109
1804	60	1			142	150
1805	2	0			102	99
1806	38	39			150	150
1807	1	47			97	150
1808	260	229			150	150
1809	0	0			93	90
1810	0	29			102	150
1811	0	24			102	150
1812	103	94			150	150
1813	0	0			150	99
1814	1	13			148	78
1815	9	0			123	99
1816	12	18			150	150
1817	16	19			150	150
1818	233	144			150	135
1819	7	15			150	142
1820	20	23			150	150
1821	56	58			150	150
1822	2	9			150	150
1823	2	0			144	81
1824	0	0			120	150
1825	35	13			147	150
1826	88	75			150	144
1827	166	1			150	150
1828	17	80			101	150
1829	15	6			101	150
1830	7	22			150	150
1831	1	0			108	96
1832	7	0			150	96
1833	7	1			150	108
1834	0	0			150	111
1835	3	35			150	150
1836	3	69			150	150
1837	9	56			150	150
1838	12	9			150	150
1839	0	0			150	150
1840	0	0			125	150
1841	30	0			150	150
1842	0	1			150	150
1843	109	72			150	114
1844	0	0			150	150
1845	50	0			150	97
1846	206	416			150	150
1847	1	0			150	150
1848	0	1			150	117
1849	1	3			150	150
1850	0	3			150	150
1851	1	3			150	150
1852	1	1			150	150
1853	1	1			150	150
1854	1	0			150	150
1855	2	1			150	150
1856	2	0			150	150
1857	0	0			150	150
1858	5	38			111	150
1859	89	73			150	150
1860	14	18			150	150
1861	1	3			150	150
1862	0	0			87	87
1863	2	0			150	150
1864	38	41			150	150
1865	33	71			150	150
1866	105	2			150	150
1867	56	71			150	150
1868	2	0			150	150
1869	0	41			150	150
1870	2	68			150	150
1871	108	0			120	150
1872	23	1			150	131
1873	33	57			150	150
1874	0	1			150	150
1875	0	0			150	150
1876	2	5			150	146
1877	1	5			150	146
1878	1	2			150	150
1879	52	61			150	150
1880	0	0			150	150
1881	0	1			150	150
1882	0	1			150	150
1883	15	16			150	147
1884	44	12			150	150
1885	1	0			150	150
1886	38	0			150	150
1887	3	148			150	150
1888	0	0			138	150
1889	0	0			138	150
1890	0	0			150	150
1891	0	0			150	138
1892	0	0			150	138
1893	140	139			150	150
1894	1	7			150	150
1895	147	147			150	150
1896	0	0			139	150
1897	7	14			150	150
1898	0	0			150	150
1899	62	109			150	150
1900	89	101			150	150
1901	0	4			108	150
1902	0	0			144	147
1903	0	0			150	150
1904	161	0			150	150
1905	23	8			150	150
1906	54	66			150	150
1907	3	1			145	150
1908	0	0			83	77
1909	11	41			138	150
1910	2	0			150	133
1911	0	0			150	150
1912	0	0			150	87
1913	0	0			87	150
1914	0	0			150	150
1915	61	59			149	150
1916	12	16			150	150
1917	21	18			150	150
1918	14	5			150	114
1919	6	12			150	150
1920	24	55			150	138
1921	6	18			137	150
1922	0	16			118	150
1923	48	36			150	150
1924	59	71			150	150
1925	0	0			150	150
1926	3	0			150	150
1927	25	29			150	150
1928	130	42			150	150
1929	1	224			150	136
1930	125	172			150	150
1931	29	37			150	135
1932	26	47			150	150
1933	17	25			150	150
1934	112	163			150	150
1935	3	7			150	150
1936	3	12			150	150
1937	4	0			150	150
1938	17	33			150	150
1939	17	37			150	150
1940	0	0			150	141
1941	4	3			150	150
1942	0	0			123	150
1943	9	0			150	150
1944	0	0			150	150
1945	1	0			150	129
1946	2	4			150	150
1947	0	0			125	150
1948	0	36			150	150
1949	1	4			150	129
1950	63	32			150	150
1951	0	0			150	133
1952	11	27			150	150
1953	2	59			150	149
1954	11	125			150	149
1955	2	0			129	150
1956	17	6			150	126
1957	47	117			126	150
1958	0	0			130	150
1959	0	0			93	150
1960	84	109			150	150
1961	1	0			150	150
1962	2	0			150	150
1963	2	1			150	150
1964	28	28			150	150
1965	15	4			148	150
1966	10	15			150	148
1967	89	155			150	150
1968	13	15			150	126
1969	0	7			120	90
1970	0	0			120	90
1971	7	0			90	90
1972	23	7			150	144
1973	0	0			150	98
1974	0	0			150	98
1975	0	117			150	150
1976	0	117			109	150
1977	0	0			109	150
1978	11	79			150	150
1979	11	35			150	150
1980	7	15			150	150
1981	5	5			150	150
1982	4	0			135	149
1983	0	1			150	135
1984	19	11			150	124
1985	99	2			108	111
1986	0	0			143	134
1987	15	11			150	112
1988	42	49			150	150
1989	5	9			140	150
1990	1	9			140	150
1991	4	7			150	140
1992	37	0			150	149
1993	37	17			150	150
1994	0	34			149	150
1995	23	50			150	150
1996	50	114			128	150
1997	94	98			150	150
1998	79	100			150	150
1999	0	0			150	150
2000	4	30			150	150
2001	4	30			150	150
2002	4	30			150	150
2003	0	0			150	150
2004	0	0			150	150
2005	0	0			150	150
2006	0	0			150	150
2007	0	0			150	150
2008	0	0			150	150
2009	0	0			150	150
2010	0	0			150	150
2011	0	0			150	150
2012	15	36			150	150
2013	32	16			150	140
2014	44	81			149	150
2015	0	0			150	134
2016	0	3			147	150
2017	1	1			150	150
2018	0	1			150	150
2019	51	1			150	87
2020	16	1			87	87
2021	6	15			138	150
2022	0	13			138	150
2023	7	13			150	150
2024	7	0			150	138
2025	9	3			150	138
2026	64	98			150	150
2027	161	144			150	150
2028	0	0			150	150
2029	0	32			150	150
2030	10	0			150	150
2031	7	0			150	150
2032	300	0			150	77
2033	0	0			150	150
2034	0	0			127	127
2035	2	1			150	150
2036	0	0			127	127
2037	0	0			127	127
2038	0	0			127	127
2039	3	75			150	150
2040	0	0			150	126
2041	27	46			150	150
2042	678	2256			150	150
2043	1	5			150	150
2044	10	11			147	150
2045	6	0			135	150
2046	5	3			150	150
2047	0	0			150	150
2048	10	44			116	150
2049	76	0			87	87
2050	76	1			87	150
2051	0	0			150	103
2052	0	0			150	150
2053	10	29			112	150
2054	6	12			150	116
2055	11	12			150	116
2056	6	33			150	150
2057	11	33			150	150
2058	210	122			150	150
2059	0	9			102	99
2060	8	0			150	150
2061	15	2			150	106
2062	17	6			129	141
2063	1	0			150	150
2064	3	0			150	150
2065	0	0			150	150
2066	11	0			150	150
2067	0	0			136	150
2068	0	0			150	150
2069	0	8			150	150
2070	1	414			111	121
2071	4	55			150	150
2072	99	65			141	150
2073	0	0			150	150
2074	0	0			99	99
2075	0	0			134	99
2076	5	0			150	134
2077	3	0			150	134
2078	64	130			150	150
2079	64	3			150	150
2080	0	0			150	150
2081	0	2			83	83
2082	0	0			83	110
2083	0	1			83	83
2084	0	1			110	83
2085	8	0			132	141
2086	0	20			99	99
2087	0	11			120	117
2088	11	1			150	150
2089	0	2			92	95
2090	48	728			150	150
2091	12	10			150	150
2092	77	27			150	92
2093	35	27			150	92
2094	0	0			111	150
2095	32	0			150	108
2096	0	0			147	150
2097	0	0			129	150
2098	0	0			129	150
2099	0	0			129	150
2100	0	0			129	150
2101	0	0			129	150
2102	0	0			150	150
2103	0	0			150	150
2104	0	0			150	150
2105	0	0			150	150
2106	0	0			150	150
2107	0	0			150	150
2108	0	0			150	150
2109	0	0			150	150
2110	0	0			150	150
2111	0	0			150	123
2112	3	5			150	150
2113	1	0			150	150
2114	0	2			150	150
2115	6	38			150	138
2116	0	0			150	146
2117	0	78			150	150
2118	16	22			109	143
2119	23	41			150	150
2120	0	92			139	148
2121	0	0			150	144
2122	0	1			150	150
2123	76	59			150	147
2124	43	37			150	150
2125	43	41			150	149
2126	80	136			150	150
2127	67	98			150	150
2128	0	1			150	111
2129	0	0			150	150
2130	0	0			150	150
2131	16	3			150	120
2132	1	2			150	150
2133	6	0			150	117
2134	20	75			150	150
2135	0	90			129	150
2136	13	0			150	150
2137	1	25			138	150
2138	0	1			150	109
2139	0	1			94	94
2140	48	114			150	150
2141	1	1			150	150
2142	1	1			150	150
2143	66	1			150	150
2144	66	1			150	150
2145	0	0			121	133
2146	22	9			145	150
2147	11	11			145	150
2148	0	0			126	150
2149	91	83			150	150
2150	0	0			119	150
2151	0	0			150	99
2152	0	0			116	99
2153	0	0			116	150
2154	0	0			150	150
2155	0	0			150	150
2156	19	1			150	150
2157	88	82			150	150
2158	5	1			150	150
2159	2	2			150	150
2160	0	53			150	150
2161	0	53			150	150
2162	115	96			150	150
2163	6	125			150	150
2164	16	25			138	150
2165	5	4			150	149
2166	0	2			150	150
2167	1	0			135	135
2168	3	9			150	150
2169	3	7			150	150
2170	3	11			150	150
2171	4	1			150	108
2172	0	0			150	150
2173	27	81			147	150
2174	56	81			111	150
2175	22	87			150	150
2176	0	0			150	150
2177	1	0			150	111
2178	0	3			150	138
2179	0	1			150	150
2180	7	7			150	150
2181	15	23			150	150
2182	0	0			123	150
2183	0	0			143	137
2184	0	0			150	150
2185	73	94			150	150
2186	1	16			78	78
2187	0	1			93	93
2188	0	0			150	150
2189	680	5			150	150
2190	0	0			90	78
2191	0	0			117	78
2192	0	1			150	150
2193	37	80			130	150
2194	39	52			150	150
2195	69	93			150	150
2196	17	1			150	150
2197	8	24			150	150
2198	40	35			150	150
2199	75	0			150	150
2200	22	4			150	150
2201	12	33			150	150
2202	21	17			150	150
2203	0	4			127	150
2204	8	0			150	150
2205	0	0			150	150
2206	1	2			150	150
2207	67	59			150	150
2208	2	0			150	150
2209	42	1			150	150
2210	35	26			150	150
2211	8	1			150	150
2212	12	4			150	137
2213	25	2			150	113
2214	37	2			150	113
2215	24	8			150	113
2216	2	0			150	150
2217	0	0			150	150
2218	0	0			150	150
2219	0	3			125	150
2220	3	6			150	150
2221	18	165			150	150
2222	15	41			150	150
2223	21	44			150	150
2224	12	54			150	150
2225	23	2			150	150
2226	23	2			150	150
2227	36	11			150	150
2228	0	15			150	150
2229	54	25			150	126
2230	12	11			150	150
2231	35	39			150	150
2232	14	8			124	117
2233	0	0			150	150
2234	1	1			132	120
2235	0	3			141	138
2236	0	6			93	93
2237	0	1			90	150
2238	47233	77749			150	150
2239	0	0			131	141
2240	1	2			150	96
2241	128	170			150	150
2242	112	144			150	150
2243	3	0			150	150
2244	5	6			150	150
2245	0	1			150	150
2246	0	0			150	150
2247	0	0			150	150
2248	0	0			150	150
2249	0	0			150	150
2250	4	12			81	150
2251	10	13			117	150
2252	24	13			147	150
2253	0	0			150	150
2254	1	2			150	150
2255	1	1			145	150
2256	0	3			130	150
2257	0	0			138	120
2258	23	7			150	127
2259	1	8			119	125
2260	10	16			112	150
2261	5	19			106	150
2262	0	0			150	150
2263	0	0			81	81
2264	0	0			150	150
2265	0	0			150	150
2266	85	109			150	150
2267	0	0			150	150
2268	0	1			150	150
2269	0	33			150	115
2270	115	122			150	150
2271	0	0			145	150
2272	160	90			150	150
2273	32	0			150	144
2274	0	2			123	150
2275	0	0			93	93
2276	2	0			150	137
2277	1	2			150	150
2278	0	0			150	135
2279	0	0			150	133
2280	0	0			133	150
2281	94	159			150	150
2282	36	15			150	121
2283	9	1			126	126
2284	6	11			126	138
2285	6	13			126	138
2286	2	72			149	150
2287	12	60			150	150
2288	31	51			138	150
2289	45	12			150	150
2290	0	0			150	150
2291	52	96			150	150
2292	52	29			150	150
2293	75	16			150	117
2294	46	15			150	117
2295	6	9			150	145
2296	56	73			145	150
2297	40	75			150	150
2298	85	101			146	149
2299	20	99			150	150
2300	0	0			150	150
2301	220	205			150	133
2302	96	131			150	150
2303	140	162			150	150
2304	0	0			150	150
2305	49	11			142	113
2306	56	38			150	150
2307	19	19			150	150
2308	97	114			136	127
2309	0	0			150	150
2310	15	11			150	150
2311	0	0			150	150
2312	68	36			127	125
2313	88	1			150	150
2314	2	0			150	125
2315	36	57			150	150
2316	1	0			150	150
2317	17	0			150	150
2318	17	1			150	150
2319	98	177			150	150
2320	30	96			147	150
2321	0	0			150	98
2322	0	0			150	98
2323	2	0			150	150
2324	2	0			150	150
2325	3	0			150	150
2326	3	0			150	150
2327	0	0			150	150
2328	0	0			150	114
2329	5	21			150	150
2330	27	34			150	150
2331	0	0			123	150
2332	79	68			137	150
2333	61	9			150	150
2334	0	0			96	99
2335	2	0			150	150
2336	2	0			150	125
2337	38	33			150	150
2338	20	39			150	150
2339	50	43			150	150
2340	2	2			147	147
2341	0	2			147	147
2342	0	0			150	150
2343	23	25			150	150
2344	9	2			150	150
2345	11	2			150	150
2346	0	5			94	94
2347	0	0			87	87
2348	0	0			87	87
2349	0	0			87	87
2350	0	0			150	150
2351	10	21			150	150
2352	99	0			150	150
2353	10	16			138	150
2354	9	0			150	150
2355	9	0			150	150
2356	0	0			150	150
2357	0	0			141	150
2358	0	0			141	150
2359	25	47			150	150
2360	16	16			150	144
2361	89	0			150	150
2362	3	5			150	150
2363	3	12			150	146
2364	3	10			150	137
2365	5	12			150	146
2366	5	10			150	137
2367	9	14			150	147
2368	0	0			123	150
2369	2	4			138	150
2370	871	950			150	150
2371	1	1			150	122
2372	5	8			150	150
2373	1	13			150	150
2374	1	4			150	150
2375	13	4			150	150
2376	26	46			150	150
2377	383	13			145	147
2378	320	387			145	150
2379	81	277			150	147
2380	81	46			150	150
2381	5	394			146	147
2382	0	0			150	150
2383	69	7			150	150
2384	14	0			150	150
2385	5	0			150	150
2386	9	0			150	150
2387	22	43			123	150
2388	43	53			150	150
2389	31	39			150	150
2390	28	42			150	150
2391	29	48			150	150
2392	3417	5620			150	150
2393	16	5620			144	150
2394	3417	5664			150	150
2395	14	5620			150	150
2396	16	5620			144	150
2397	2472	3650			131	150
2398	1	2085			125	122
2399	130	254			150	150
2400	1	1			150	150
2401	502	759			150	150
2402	1	757			150	150
2403	319	660			113	150
2404	0	0			109	143
2405	0	0			150	150
2406	12	19			142	150
2407	5	0			150	150
2408	5	0			150	150
2409	7	5			126	148
2410	10	4			126	148
2411	10	47			126	148
2412	4	47			148	148
2413	8	18			148	148
2414	111	198			128	150
2415	58	131			117	128
2416	26	16			150	104
2417	13	11			150	150
2418	97	56			123	150
2419	626	743			150	150
2420	455	777			150	150
2421	2	0			150	150
2422	28	0			150	150
2423	14	46			150	150
2424	48	359			120	117
2425	116	111			150	150
2426	0	0			150	150
2427	0	0			150	150
2428	2	5			150	150
2429	159	152			150	118
2430	11	29			150	127
2431	0	55			150	150
2432	18	19			150	150
2433	10	24			150	150
2434	13	45			150	147
2435	0	0			140	150
2436	0	0			123	140
2437	0	0			150	150
2438	21	34			150	150
2439	0	0			123	150
2440	20	5			150	150
2441	33	26			150	150
2442	46	54			150	150
2443	325	334			150	138
2444	291	361			150	150
2445	211	270			145	136
2446	0	970			147	150
2447	531	475			150	150
2448	271	857			134	150
2449	4	1			150	150
2450	3	1			150	150
2451	2	2			150	150
2452	3	2			130	150
2453	73	2			150	150
2454	73	2			150	150
2455	73	3			150	130
2456	58	100			150	150
2457	126	5			150	103
2458	3	55			150	150
2459	3	0			150	150
2460	0	2			142	116
2461	0	0			150	150
2462	4	34			110	150
2463	7	28			150	122
2464	0	0			150	148
2465	25	43			150	150
2466	17	0			150	150
2467	0	0			150	150
2468	63	70			150	150
2469	25	6			126	150
2470	310	286			144	150
2471	12	29			150	150
2472	34	58			150	150
2473	44	46			150	139
2474	124	121			150	149
2475	15	57			150	150
2476	0	0			96	102
2477	0	0			96	96
2478	617	64			150	150
2479	355	4			87	87
2480	1	1			150	150
2481	0	0			150	150
2482	0	1			132	150
2483	0	0			150	150
2484	26	26			150	150
2485	1	1			150	150
2486	4	35			150	150
2487	1	2			150	121
2488	0	2			109	150
2489	0	3			150	150
2490	1	3			150	150
2491	2	3			150	150
2492	0	3			150	150
2493	1	0			150	150
2494	2	0			150	150
2495	0	0			150	150
2496	2	1			150	150
2497	0	1			150	150
2498	0	2			150	150
2499	26	2139			111	150
2500	48	48			150	150
2501	0	0			123	150
2502	86	133			136	150
2503	0	0			90	150
2504	18	21			145	136
2505	0	0			129	129
2506	7	131			150	150
2507	0	0			78	78
2508	0	0			78	78
2509	0	0			78	78
2510	3	0			150	150
2511	0	2			150	150
2512	1	0			150	150
2513	45	60			150	150
2514	4	28			150	150
2515	0	0			96	150
2516	0	0			150	147
2517	49	14			150	150
2518	0	4			150	147
2519	5	6			141	135
2520	110	115			128	146
2521	0	1			150	150
2522	46	1			150	108
2523	1	1			150	150
2524	15	47			150	150
2525	4	26			150	150
2526	18	47			102	150
2527	50	57			150	150
2528	0	0			150	150
2529	70	20			150	105
2530	23	20			117	105
2531	3	8			150	148
2532	86	165			150	150
2533	288	320			150	150
2534	13	10			101	130
2535	8	35			150	133
2536	7	41			150	150
2537	1	41			150	150
2538	14	27			150	150
2539	38	0			150	150
2540	0	134			119	150
2541	0	1			150	150
2542	9	7			150	150
2543	0	0			123	150
2544	0	0			150	150
2545	170	136			150	150
2546	2	0			150	132
2547	13	60			150	150
2548	94	60			150	150
2549	45	116			119	150
2550	185	192			150	150
2551	1	0			138	150
2552	4	156			101	150
2553	0	0			150	150
2554	0	0			150	150
2555	0	0			150	150
2556	0	0			148	150
2557	0	0			150	150
2558	0	0			138	140
2559	0	0			150	150
2560	0	0			128	150
2561	0	0			150	150
2562	4	0			150	98
2563	5	1			150	98
2564	20	54			150	150
2565	58	76			150	150
2566	58	8			150	150
2567	49	96			150	150
2568	13	17			147	141
2569	39	66			150	150
2570	48	6			150	129
2571	0	0			96	96
2572	20	14			150	150
2573	13	1			150	150
2574	12	16			150	150
2575	0	88			150	128
2576	585	861			150	150
2577	7	7			150	150
2578	43	31			146	149
2579	13	44			123	146
2580	18	29			141	123
2581	2	8			129	149
2582	2	8			150	139
2583	1	3			150	150
2584	163	73			140	150
2585	21	10			150	150
2586	55	85			150	150
2587	0	0			147	141
2588	14	33			94	150
2589	39	33			150	150
2590	4	1			150	150
2591	11	2			150	150
2592	16	23			150	150
2593	0	0			150	130
2594	11	11			150	150
2595	4	8			150	150
2596	8	1			130	150
2597	0	0			150	150
2598	0	0			150	150
2599	0	0			110	150
2600	0	0			150	150
2601	0	0			150	114
2602	0	0			102	132
2603	2	16			150	150
2604	0	0			150	150
2605	4	13			150	150
2606	1	0			150	150
2607	1	6			150	150
2608	22	0			150	116
2609	16	0			132	116
2610	0	55			150	150
2611	10	6			120	144
2612	401	261			150	150
2613	1	79			81	150
2614	50	36			150	150
2615	35	62			150	150
2616	36	44			150	150
2617	2	10			150	135
2618	1	5			132	150
2619	1	1			150	147
2620	0	0			145	150
2621	161	185			150	150
2622	0	0			150	150
2623	0	6			150	150
2624	1	0			116	150
2625	21	0			87	150
2626	0	0			150	103
2627	0	0			150	150
2628	0	0			150	150
2629	38	126			101	150
2630	95	116			150	150
2631	0	0			150	150
2632	70	54			150	150
2633	0	0			150	128
2634	0	0			150	150
2635	0	0			150	148
2636	1	4			150	150
2637	1	3			150	112
2638	2	0			150	150
2639	24	0			145	150
2640	0	0			105	147
