ID	IJC_SAMPLE_1	SJC_SAMPLE_1	IJC_SAMPLE_2	SJC_SAMPLE_2	IncFormLen	SkipFormLen
0	0	0			247	137
1	0	0			367	137
2	0	0			367	247
3	0	0			168	98
4	0	0			168	98
5	0	0			138	255
6	0	0			138	255
7	0	0			153	255
8	0	0			153	138
9	0	0			153	138
10	0	0			247	137
11	0	0			367	137
12	0	0			367	247
13	0	0			138	255
14	0	0			138	255
15	0	0			153	255
16	0	0			153	138
17	0	0			153	138
18	0	0			123	165
19	0	0			247	137
20	0	0			367	137
21	0	0			367	247
22	0	0			138	255
23	0	0			138	255
24	0	0			153	255
25	0	0			153	138
26	0	0			153	138
27	0	0			174	214
28	0	0			224	108
29	0	0			192	111
30	0	0			123	165
31	0	0			247	137
32	0	0			367	137
33	0	0			367	247
34	0	0			138	255
35	0	0			138	255
36	0	0			153	255
37	0	0			153	138
38	0	0			153	138
39	0	0			123	165
40	0	0			247	137
41	0	0			367	137
42	0	0			367	247
43	0	0			168	98
44	0	0			168	98
45	0	0			192	111
46	0	0			179	259
47	0	0			259	333
48	0	0			193	192
49	0	0			147	141
50	0	0			218	103
51	0	0			360	151
52	0	0			193	192
53	0	0			111	153
54	0	0			218	103
55	0	0			360	151
56	0	0			147	141
57	0	0			218	103
58	0	0			360	151
59	0	0			193	192
60	0	0			147	141
61	0	0			111	153
62	0	0			193	192
63	0	0			147	141
64	0	0			372	372
65	0	0			218	103
66	0	0			360	151
67	0	0			84	102
68	0	0			148	226
69	0	0			165	238
70	0	0			231	174
71	0	0			141	312
72	0	0			138	297
73	0	0			1374	252
74	0	0			99	126
75	0	0			99	102
76	0	0			102	126
77	0	0			102	129
78	0	0			170	186
79	0	0			206	217
80	0	0			230	203
81	0	0			403	121
82	0	0			182	177
83	0	0			284	177
84	0	0			172	246
85	0	0			172	153
86	0	0			232	211
87	0	0			232	170
88	0	0			190	183
89	0	0			166	291
90	0	0			160	108
91	0	0			126	179
92	0	0			218	103
93	0	0			360	151
94	0	0			173	173
95	0	0			372	372
96	0	0			210	165
97	0	0			123	165
98	0	0			106	170
99	0	0			420	238
100	19	119			138	297
101	9	14			170	186
102	0	0			193	192
103	0	0			192	111
104	0	0			231	231
105	17	31			117	214
106	21	52			198	267
107	0	1			194	457
108	0	64			115	205
109	62	77			184	176
110	3	0			111	105
111	0	0			217	183
112	0	0			193	114
113	3	1			213	123
114	0	3			184	222
115	27	44			206	217
116	149	0			175	121
117	105	0			175	121
118	132	0			1266	192
119	2	0			93	90
120	401	578			143	183
121	32	18			210	231
122	11	10			144	111
123	0	0			93	93
124	255	153			211	161
125	0	0			206	126
126	0	1			206	235
127	0	1			126	235
128	11	21			159	177
129	159	178			167	168
130	317	18			153	210
131	90	131			200	249
132	0	0			175	160
133	23	52			123	140
134	7	1			211	172
135	0	0			420	238
136	55	37			155	173
137	170	176			181	172
138	80	23			252	146
139	0	166			188	185
140	68	415			262	738
141	19	23			156	124
142	32	61			163	207
143	0	5			136	168
144	0	1			182	221
145	109	25			392	178
146	270	193			255	210
147	0	8			167	212
148	14	48			142	227
149	138	3			2424	234
150	13	4			167	195
151	10	21			263	215
152	17	2			215	169
153	691	1009			217	236
154	4579	1035			573	156
155	15	2			115	118
156	50	10			154	146
157	29	69			162	239
158	55	0			223	434
159	36	0			223	113
160	55	0			223	113
161	25	0			282	254
162	8	7			166	143
163	18	9			267	146
164	18	80			267	229
165	35	9			190	146
166	35	80			190	229
167	9	80			146	229
168	67	36			327	204
169	5	9			146	153
170	3	0			153	119
171	3	10			153	130
172	13	0			153	119
173	0	10			119	130
174	0	32			154	255
175	22	15			255	130
176	8	140			121	204
177	5	147			121	204
178	46	147			175	204
179	40	147			180	204
180	46	5			175	121
181	40	5			180	121
182	2	17			147	144
183	0	18			175	215
184	0	0			185	133
185	11	3			129	148
186	5	5			1030	221
187	0	5			197	221
188	65	42			254	157
189	113	59			254	254
190	28	133			199	233
191	0	0			141	175
192	7	5			219	184
193	499	55			243	132
194	59	74			191	294
195	66	127			289	243
196	79	127			211	243
197	11	11			300	144
198	473	337			243	141
199	131	337			117	141
200	131	473			117	243
201	0	0			222	207
202	0	0			645	198
203	23	41			147	202
204	41	31			202	162
205	0	0			123	182
206	16	55			193	225
207	199	303			255	318
208	1	93			155	164
209	11	90			232	266
210	25	52			159	162
211	29	52			156	162
212	0	0			357	155
213	1200	493			213	141
214	437	250			148	230
215	61	159			218	204
216	123	99			220	197
217	81	107			201	200
218	80	101			201	217
219	12	33			166	217
220	0	13			151	192
221	33	141			148	123
222	48	107			113	166
223	0	0			141	139
224	0	0			163	118
225	0	0			183	168
226	0	0			150	222
227	0	0			319	319
228	12	3			192	122
229	159	189			186	197
230	6	6			193	193
231	19	8			106	226
232	14	28			202	205
233	0	0			97	97
234	0	0			111	153
235	230	363			239	241
236	0	0			218	103
237	0	0			360	151
238	4	2			247	177
239	24	1			194	147
240	80	8			294	108
241	59	57			171	183
242	0	0			249	373
243	0	1			136	229
244	0	1			147	229
245	30	51			133	243
246	134	91			207	143
247	90	13			451	197
248	178	301			220	205
249	0	0			148	198
250	369	460			163	162
251	207	250			246	231
252	489	38			161	161
253	786	12			156	141
254	1	5			268	366
255	1	5			314	366
256	17	27			240	240
257	56	36			164	136
258	107	0			213	120
259	35	132			260	454
260	19	73			163	188
261	21	189			197	159
262	0	5			200	195
263	0	5			200	250
264	0	3			124	121
265	7	2			153	157
266	74	36			204	151
267	1394	1378			192	207
268	809	1055			168	117
269	0	0			122	119
270	37	46			185	255
271	40	21			186	151
272	519	673			176	228
273	17	91			140	241
274	33	91			237	269
275	136	154			202	195
276	0	0			171	118
277	42	3			328	174
278	84	0			85	85
279	1	0			173	206
280	0	0			143	143
281	0	0			103	143
282	6	4			299	249
283	130	481			163	393
284	22	479			163	393
285	11	118			131	163
286	4	19			172	172
287	188	282			138	183
288	117	109			200	155
289	108	2			138	193
290	802	3			192	265
291	7	13			164	202
292	13	23			230	202
293	0	0			157	265
294	0	0			269	265
295	0	0			269	157
296	14	24			162	230
297	20	7			206	187
298	17	7			202	187
299	2	0			133	102
300	111	52			283	159
301	188	182			311	299
302	188	214			311	302
303	1	0			248	173
304	71	121			238	242
305	409	463			238	276
306	123	305			192	306
307	0	0			163	132
308	23	47			158	158
309	84	144			144	243
310	0	0			166	291
311	0	0			190	183
312	0	0			232	170
313	0	0			232	211
314	73	23			397	200
315	0	0			202	226
316	0	0			166	226
317	0	0			125	143
318	0	0			202	204
319	0	0			223	202
320	0	0			166	202
321	1	0			207	202
322	1	1			373	300
323	0	0			167	136
324	1	3			116	199
325	0	6			123	232
326	0	2			204	213
327	32	42			199	141
328	52	15			153	270
329	82	108			207	225
330	1	0			194	190
331	1	0			216	190
332	0	0			241	190
333	0	0			199	190
334	0	0			241	211
335	1	1			216	194
336	0	1			241	194
337	0	1			199	194
338	0	1			241	216
339	0	1			199	216
340	0	0			199	241
341	0	0			199	241
342	36	57			145	172
343	5	17			447	185
344	5	13			447	189
345	13	25			185	159
346	0	0			150	174
347	0	0			158	189
348	0	0			202	121
349	130	108			205	175
350	78	108			205	175
351	39	108			117	175
352	39	78			117	205
353	39	168			117	205
354	18	24			148	114
355	13	15			160	108
356	14	45			108	180
357	43	75			122	165
358	28	124			117	149
359	0	7			131	125
360	205	1			185	173
361	110	1			160	173
362	6	7			149	180
363	7	14			174	174
364	5	150			124	180
365	12	11			148	154
366	0	0			174	214
367	268	164			214	179
368	16	33			168	144
369	3	5			165	155
370	1535	1066			241	172
371	1	5			168	193
372	2	10			138	158
373	2	0			120	120
374	0	0			133	150
375	19	0			183	114
376	89	69			224	165
377	189	19			268	134
378	0	4			127	126
379	11	34			154	219
380	6	10			184	252
381	5	6			251	184
382	7	35			129	204
383	6	1			268	123
384	3	3			150	215
385	147	213			209	143
386	124	213			185	143
387	144	33			196	186
388	3	1			201	170
389	1	5			129	153
390	177	102			188	144
391	48	62			195	196
392	50	59			204	196
393	0	57			100	100
394	39	92			119	180
395	26	0			127	119
396	5	1			230	95
397	1	1			174	96
398	0	0			135	177
399	3	1			167	155
400	2	1			198	187
401	0	0			166	295
402	5	43			155	224
403	24	10			224	187
404	11	0			176	142
405	47	6			250	176
406	40	50			209	258
407	8	1			199	138
408	8	0			199	147
409	1	0			138	147
410	27	71			123	227
411	0	0			167	167
412	49	36			243	177
413	24	36			219	177
414	17	6			250	229
415	32	58			151	196
416	232	436			176	140
417	3	232			117	271
418	369	115			171	171
419	374	421			171	171
420	0	0			450	651
421	18	0			176	133
422	0	0			108	135
423	16	95			172	209
424	5	4			337	200
425	5	3			337	196
426	169	174			302	148
427	8	5			202	159
428	15	21			171	198
429	51	3			140	178
430	71	80			114	246
431	62	54			135	102
432	395	623			188	205
433	94	81			181	181
434	10	17			189	249
435	6	6			179	249
436	7	6			182	249
437	10	25			189	189
438	6	14			179	189
439	7	14			182	189
440	9	2			284	192
441	0	0			430	150
442	1	0			163	366
443	1	0			197	104
444	15	0			182	151
445	0	1			197	273
446	100	62			211	157
447	51	33			198	191
448	5	22			95	156
449	0	0			177	177
450	14	24			220	221
451	13	24			201	221
452	0	2			84	84
453	63	41			211	168
454	39	43			168	178
455	1	6			328	200
456	188	151			231	220
457	53	480			102	201
458	33	7			243	98
459	5	40			128	243
460	16	8			187	128
461	233	344			200	199
462	83	76			234	171
463	11	190			156	135
464	13	17			150	129
465	0	18			147	147
466	6	32			214	278
467	7	32			212	278
468	7	6			212	214
469	8	0			286	133
470	133	101			160	180
471	5	0			244	174
472	131	151			189	228
473	81	51			284	146
474	82	45			284	218
475	1345	1417			195	280
476	2345	135			215	159
477	2	0			226	197
478	17	25			197	207
479	6	120			166	166
480	103	123			162	184
481	2	2			168	168
482	111	2			363	168
483	111	2			363	168
484	874	7			127	229
485	100	1			207	161
486	29	3			197	200
487	110	150			147	155
488	146	152			172	155
489	0	0			260	258
490	4	0			207	161
491	13	48			162	255
492	39	52			234	168
493	1141	28			147	245
494	10	2			199	156
495	122	14			321	84
496	258	14			516	84
497	77	212			205	462
498	17	50			173	340
499	32	17			200	166
500	0	6			191	195
501	1	50			146	440
502	0	0			145	220
503	0	0			145	671
504	5	131			200	227
505	14	66			160	255
506	155	134			205	172
507	2	0			185	189
508	101	122			135	143
509	0	0			179	119
510	0	0			79	82
511	10	1			214	214
512	23	66			220	368
513	18	4			704	197
514	1	4			253	197
515	0	77			108	144
516	0	11			108	102
517	0	2			78	255
518	41	477			186	205
519	41	297			186	233
520	7	19			111	161
521	31	9			162	198
522	88	25			926	263
523	19	24			154	213
524	54	132			127	193
525	154	129			193	182
526	2	0			113	137
527	495	450			225	195
528	487	1265			164	210
529	82	350			118	238
530	383	271			238	153
531	167	278			250	239
532	254	213			175	188
533	996	470			267	150
534	3	0			216	192
535	434	265			265	182
536	0	3			158	125
537	125	437			148	259
538	1	0			249	246
539	0	0			246	81
540	5	0			138	236
541	0	0			159	168
542	0	0			159	162
543	0	0			168	162
544	0	0			192	196
545	0	0			354	354
546	19	29			198	203
547	731	157			201	201
548	474	901			151	151
549	55	6			163	140
550	30	0			149	137
551	50	81			161	164
552	0	0			98	98
553	0	0			81	81
554	28	0			128	132
555	64	119			139	256
556	0	0			168	105
557	0	0			117	105
558	0	26			196	193
559	0	0			171	171
560	108	271			157	187
561	6	12			198	292
562	2	2			163	215
563	45	54			147	144
564	5	16			147	261
565	178	130			272	214
566	604	1843			218	296
567	24	46			133	147
568	34	55			147	207
569	284	467			178	205
570	62	33			258	156
571	0	4			236	197
572	41	76			114	149
573	0	0			147	141
574	1	0			207	161
575	0	5			157	146
576	0	0			84	84
577	35	40			190	251
578	22	101			204	750
579	107	174			120	120
580	48	4			380	110
581	2	2			196	151
582	17	0			692	190
583	5	0			196	163
584	58	34			144	108
585	92	99			178	159
586	4	7			134	108
587	10	30			225	141
588	0	0			260	455
589	138	74			192	130
590	139	138			192	185
591	139	202			192	243
592	19	7			240	181
593	19	11			240	115
594	1	0			176	198
595	171	251			192	267
596	1	2			171	231
597	9	16			173	216
598	5	0			126	270
599	1	0			221	170
600	12	19			208	120
601	1	2			153	135
602	0	0			96	96
603	49	22			190	116
604	0	0			160	173
605	0	1			129	137
606	3	6			219	204
607	228	0			100	100
608	28	25			279	234
609	0	0			318	421
610	0	0			318	318
611	37	13			222	114
612	28	70			156	201
613	0	0			172	125
614	0	0			193	192
615	53	11			235	99
616	26	21			180	147
617	5	12			200	142
618	10	1			142	194
619	4	0			142	111
620	0	1			182	179
621	8	13			133	168
622	26	0			168	114
623	27	84			192	306
624	4	2			252	180
625	43	53			230	203
626	0	1			168	246
627	7	2			174	200
628	9	1			226	148
629	0	0			165	153
630	0	10			103	183
631	8	4			186	216
632	0	29			76	211
633	6	12			153	231
634	0	0			138	195
635	1	5			186	194
636	25	90			143	250
637	8	0			163	138
638	104	0			243	138
639	104	8			243	163
640	0	0			110	127
641	0	0			126	180
642	59	42			245	162
643	41	6			186	131
644	1	1			125	195
645	0	0			530	142
646	7	8			251	242
647	22	16			245	189
648	0	0			143	284
649	0	0			141	255
650	5	0			123	99
651	1	32			211	214
652	0	0			198	131
653	0	0			193	192
654	18	31			155	179
655	0	15			191	732
656	14	47			166	178
657	23	91			166	178
658	346	712			224	304
659	42	51			126	170
660	39	1			175	107
661	39	51			210	234
662	41	40			225	210
663	17	12			182	148
664	4	11			594	412
665	5	155			156	165
666	4	13			290	256
667	4	11			290	255
668	79	37			211	166
669	0	1			120	208
670	1	1			147	354
671	3	0			168	202
672	0	0			135	237
673	7	8			211	151
674	0	4			169	126
675	0	31			121	144
676	24	13			243	110
677	37	56			262	317
678	233	7			227	215
679	3643	12682			222	261
680	34	16			176	138
681	101	84			228	138
682	41	9			240	164
683	2	6			114	170
684	235	150			294	218
685	113	67			391	164
686	2	107			213	234
687	1	77			151	146
688	63	1			255	168
689	62	1			291	168
690	1	36			143	185
691	20	46			269	142
692	57	61			225	324
693	36	61			180	324
694	36	54			180	324
695	0	0			81	81
696	71	87			173	164
697	173	98			177	146
698	5	291			127	210
699	23	27			195	179
700	17	1			178	183
701	4	1			197	183
702	4	17			197	178
703	5	0			233	102
704	0	0			111	114
705	0	0			134	118
706	32	405			270	314
707	2	0			197	159
708	5	1			316	197
709	3	5			239	316
710	1	0			87	84
711	0	0			255	147
712	0	0			255	150
713	1	0			183	150
714	17	52			173	193
715	1	0			142	106
716	106	95			241	215
717	67	57			167	150
718	69	0			83	83
719	1230	1097			289	189
720	646	1225			188	289
721	0	0			200	196
722	1	0			84	84
723	60	91			243	252
724	39	0			92	92
725	0	0			99	99
726	0	0			208	211
727	1	0			206	144
728	1	0			206	167
729	0	0			144	167
730	65	73			214	286
731	1	5			262	299
732	1	4			262	133
733	1	0			262	236
734	5	0			299	236
735	4	0			133	236
736	10	3			278	195
737	10	3			274	191
738	79	150			132	216
739	237	54			216	219
740	2	0			178	109
741	191	69			266	136
742	0	0			186	358
743	0	0			186	186
744	37	49			274	197
745	474	8			185	197
746	133	97			183	141
747	7	10			158	238
748	235	200			227	198
749	38	6			125	136
750	159	0			286	128
751	49	33			207	195
752	69	7			185	249
753	168	46			147	185
754	6	2			279	132
755	2	2			173	132
756	2	6			173	279
757	10	74			112	225
758	1764	51			178	173
759	1721	4			107	113
760	17	24			198	279
761	1	9			207	290
762	0	2			255	206
763	35	83			201	296
764	56	36			191	158
765	56	28			191	124
766	64	82			191	177
767	12	167			158	262
768	12	20			158	110
769	0	2			138	149
770	133	0			185	150
771	100	0			214	150
772	0	0			217	230
773	77	5			267	120
774	18	0			204	114
775	45	46			252	243
776	0	1			114	200
777	11	13			122	147
778	28	101			162	238
779	28	24			153	108
780	1	4			216	143
781	40	29			256	165
782	0	0			97	99
783	5	1			171	158
784	0	1			120	120
785	0	1			135	195
786	100	68			274	191
787	5	4			192	174
788	0	0			164	279
789	13	3			160	108
790	96	400			113	254
791	353	994			155	373
792	309	46			183	101
793	0	0			87	87
794	0	0			102	229
795	35	40			200	223
796	103	99			245	185
797	66	118			201	219
798	391	321			220	231
799	203	814			209	249
800	11	30			136	171
801	1	2			297	195
802	29	76			124	153
803	0	1			99	100
804	0	0			231	150
805	73	159			216	203
806	16	23			177	209
807	117	107			192	206
808	0	1			153	169
809	6	1			250	169
810	16	96			114	195
811	45	68			387	366
812	88	31			366	207
813	0	0			90	90
814	1	7			90	78
815	0	0			117	78
816	29	23			211	163
817	0	437			113	142
818	142	437			142	142
819	142	0			142	113
820	303	648			171	251
821	0	0			167	167
822	2	0			192	381
823	7	7			148	198
824	6	7			223	198
825	1	4			148	198
826	39	76			201	270
827	802	608			216	155
828	3	9			109	141
829	5	145			147	247
830	13	145			206	247
831	2	0			175	121
832	11	0			136	128
833	0	12			170	244
834	3	15			157	138
835	41	7			219	198
836	146	104			282	168
837	1	1			234	195
838	1	5			209	174
839	1	5			209	174
840	1	5			273	174
841	1	5			273	174
842	0	1			87	90
843	12	3			128	199
844	2150	11897			103	263
845	6219	11897			170	263
846	16	3			293	169
847	11	74			113	164
848	10	2			200	133
849	41	73			164	245
850	4	3			213	225
851	1	3			190	190
852	5	1			192	105
853	1	63			87	87
854	31	209			129	189
855	7	0			399	224
856	1	1			245	205
857	1	7			245	314
858	1	7			205	314
859	219	78			236	215
860	342	60			223	212
861	0	0			154	124
862	4	0			178	106
863	0	0			184	282
864	0	1			332	306
865	1	124			102	120
866	33	63			132	155
867	5	11			189	216
868	0	0			162	152
869	3	4			207	300
870	0	2			200	300
871	27	10			141	149
872	27	20			141	152
873	3	9			173	262
874	2	0			245	231
875	70	53			114	102
876	15	53			126	102
877	169	41			160	102
878	326	27			244	102
879	14	8			194	150
880	81	142			266	152
881	302	100			219	203
882	15	9			145	174
883	198	453			138	213
884	0	0			180	167
885	0	0			180	131
886	0	0			167	131
887	3	63			98	239
888	0	2			217	252
889	60	7			164	235
890	16	10			198	165
891	0	75			188	171
892	1	0			117	161
893	2	91			165	189
894	0	0			162	207
895	2	0			199	168
896	14	0			198	180
897	2	9			186	273
898	34	39			222	228
899	0	0			127	129
900	4	5			216	269
901	4	11			194	223
902	32	49			228	222
903	1	0			474	474
904	0	0			474	474
905	4	16			141	239
906	0	0			110	198
907	0	0			110	229
908	0	0			215	146
909	4	97			124	128
910	136	1			242	184
911	179	1			149	125
912	0	40			151	136
913	20	70			195	251
914	0	0			98	95
915	0	10			130	201
916	8	19			233	179
917	14	12			280	238
918	2	52			106	155
919	1	151			79	247
920	5	37			98	176
921	60	96			185	254
922	59	10			250	203
923	47	138			250	328
924	9	1			258	160
925	0	4			132	132
926	1	0			93	93
927	0	0			96	90
928	0	0			96	90
929	0	0			87	99
930	0	3			116	116
931	0	0			345	360
932	21	59			146	164
933	56	62			166	163
934	56	1			98	101
935	160	199			168	177
936	492	678			193	249
937	146	57			301	162
938	347	271			274	209
939	24	477			283	274
940	180	36			166	137
941	26	121			180	222
942	0	10			173	173
943	0	1			282	211
944	1	1			108	108
945	10	19			204	204
946	11	13			138	179
947	59	51			266	278
948	62	4			223	220
949	35	45			188	160
950	4	140			167	235
951	5	0			250	220
952	7	63			136	193
953	0	0			181	171
954	0	0			181	136
955	0	0			171	136
956	5	7			146	183
957	1	90			134	222
958	15	337			158	473
959	105	112			273	262
960	105	83			273	262
961	107	35			273	146
962	21	91			207	122
963	38	62			109	126
964	51	11			150	164
965	11	3			360	135
966	23	3			849	135
967	0	4			141	177
968	29	4			159	177
969	0	1			138	204
970	1	1			150	138
971	305	355			236	252
972	28	0			87	87
973	0	0			165	155
974	58	9			220	220
975	14	31			164	202
976	30	0			443	98
977	0	0			146	135
978	0	3			249	162
979	18	130			130	270
980	18	23			130	121
981	108	103			270	179
982	8	8			204	264
983	36	16			237	177
984	17	98			107	134
985	58	37			268	204
986	0	469			173	236
987	1	0			81	81
988	16	18			225	243
989	66	92			232	240
990	0	0			281	172
991	0	0			281	187
992	0	0			281	237
993	0	0			213	281
994	0	0			84	84
995	0	0			123	219
996	11	0			203	162
997	0	0			173	172
998	0	0			205	131
999	13	14			143	119
1000	26	14			212	119
1001	0	1			220	190
1002	0	0			138	169
1003	21	40			128	220
1004	33	17			169	137
1005	0	0			211	163
1006	2	0			251	190
1007	1	2			108	180
1008	0	0			254	174
1009	0	1			204	156
1010	367	418			384	321
1011	36	138			137	194
1012	1	2			194	162
1013	0	3			174	279
1014	0	1			174	127
1015	3	1			279	127
1016	0	0			96	90
1017	1	8			157	210
1018	6	8			157	210
1019	8	6			254	157
1020	6	12			254	157
1021	9	10			194	157
1022	14	3			194	254
1023	14	0			209	95
1024	14	0			209	137
1025	0	0			95	137
1026	1	3			147	141
1027	2	3			152	141
1028	2	1			152	147
1029	0	0			108	245
1030	127	133			147	259
1031	8	0			148	167
1032	0	3			188	244
1033	0	7			188	319
1034	0	3			188	244
1035	0	3			162	244
1036	0	7			162	319
1037	6	11			174	147
1038	0	0			81	81
1039	0	1			172	172
1040	3	72			81	144
1041	0	72			81	144
1042	0	3			81	81
1043	0	4			177	180
1044	312	223			211	157
1045	0	0			241	183
1046	223	6			150	135
1047	0	0			175	154
1048	3	4			148	172
1049	0	0			166	137
1050	1	0			153	343
1051	2	1			132	176
1052	17	21			148	165
1053	17	13			148	161
1054	83	14			138	97
1055	5	4			286	255
1056	61	148			167	252
1057	0	0			195	161
1058	1	0			161	211
1059	58	176			183	216
1060	2	2			218	177
1061	40	0			262	213
1062	0	0			351	348
1063	0	0			211	172
1064	39	32			190	174
1065	121	28			334	115
1066	9	4			364	153
1067	367	193			191	134
1068	1	0			173	199
1069	247	185			167	131
1070	4	3			135	131
1071	6	4			160	206
1072	120	295			191	260
1073	0	0			197	197
1074	139	36			249	162
1075	158	36			252	162
1076	11	0			90	93
1077	9	2			147	202
1078	62	103			181	226
1079	0	0			218	103
1080	2	0			360	151
1081	0	0			120	160
1082	0	0			168	160
1083	0	0			168	120
1084	0	0			160	120
1085	0	0			202	189
1086	2	64			165	1290
1087	6	0			111	114
1088	138	66			223	147
1089	1	3			292	215
1090	0	3			159	215
1091	14	0			163	220
1092	2	28			121	135
1093	0	72			119	112
1094	0	53			102	263
1095	0	0			90	87
1096	10	4			174	191
1097	9	5			372	372
1098	8	0			96	96
1099	0	0			280	196
1100	149	125			357	276
1101	10	17			114	144
1102	0	0			147	141
1103	40	42			230	214
1104	1760	124			151	151
1105	0	1			214	169
1106	57	5			438	208
1107	25	128			136	245
1108	39	25			126	123
1109	38	84			126	123
1110	38	78			126	186
1111	14	28			129	135
1112	8	30			129	135
1113	14	30			111	135
1114	12	25			129	262
1115	15	25			111	262
1116	19	13			129	231
1117	14	8			111	129
1118	75	7			126	129
1119	15	12			111	129
1120	41	10			126	129
1121	3	7			193	199
1122	0	0			110	93
1123	4	0			267	270
1124	0	1			270	190
1125	0	1			270	187
1126	1	0			211	182
1127	290	295			182	172
1128	7	9			296	173
1129	4	9			183	173
1130	49	31			251	190
1131	1	8			205	114
1132	28	15			206	126
1133	17	6			213	124
1134	1	2			132	226
1135	0	0			201	184
1136	110	216			172	246
1137	203	0			172	153
1138	1	200			248	308
1139	60	0			241	169
1140	66	47			168	206
1141	6	49			286	135
1142	1	0			140	234
1143	9	6			142	161
1144	1	1			90	105
1145	55	60			160	176
1146	145	79			269	269
1147	0	0			256	242
1148	4	1			151	136
1149	20	58			120	140
1150	25	55			197	181
1151	5	3			158	268
1152	1	3			153	268
1153	1	3			258	268
1154	1	3			181	268
1155	1	5			153	158
1156	1	5			258	158
1157	1	5			181	158
1158	1	1			258	153
1159	1	1			181	153
1160	1	14			121	162
1161	0	0			121	133
1162	0	0			177	133
1163	0	0			177	121
1164	1	0			141	163
1165	6	45			195	270
1166	411	375			226	221
1167	324	387			221	227
1168	0	0			217	208
1169	6	59			160	254
1170	63	23			254	144
1171	48	15			144	196
1172	0	0			153	298
1173	2	2			170	205
1174	5	10			205	193
1175	17	5			193	154
1176	1	54			102	177
1177	1	2			246	220
1178	48	42			149	159
1179	1	2			164	100
1180	172	122			226	185
1181	1	0			209	114
1182	62	82			219	263
1183	63	69			219	302
1184	0	0			222	98
1185	97	316			177	163
1186	8	8			213	219
1187	0	8			159	342
1188	0	7			159	264
1189	131	71			285	177
1190	0	0			186	196
1191	0	12			155	213
1192	0	0			151	175
1193	0	0			84	96
1194	0	0			144	93
1195	2	7			102	117
1196	429	326			197	171
1197	2	0			133	117
1198	4	2			168	109
1199	4	4			231	109
1200	0	0			708	168
1201	31	21			144	132
1202	0	0			135	168
1203	173	279			159	171
1204	132	94			230	153
1205	47	38			265	192
1206	5	0			221	106
1207	73	8			120	117
1208	30	17			226	159
1209	0	0			195	171
1210	0	0			176	171
1211	0	24			111	194
1212	137	115			239	326
1213	137	66			239	176
1214	115	66			326	176
1215	103	145			169	190
1216	0	0			423	189
1217	0	0			123	192
1218	65	67			198	170
1219	1	0			246	210
1220	0	1			198	246
1221	0	0			176	130
1222	0	0			176	149
1223	71	408			197	427
1224	71	17			197	275
1225	71	17			197	121
1226	393	17			427	121
1227	408	17			427	275
1228	408	17			427	121
1229	408	17			427	121
1230	9	91			226	220
1231	0	0			353	330
1232	9	0			147	137
1233	0	0			114	170
1234	0	0			133	199
1235	25	0			198	87
1236	86	72			181	164
1237	69	6			674	262
1238	0	1			182	184
1239	0	3			184	215
1240	0	4			249	461
1241	0	4			249	461
1242	0	0			84	93
1243	0	193			173	3082
1244	0	0			110	223
1245	12	0			459	193
1246	1	0			137	173
1247	1	1			209	158
1248	24	1			163	158
1249	19	33			146	156
1250	79	8			186	166
1251	18	0			202	156
1252	0	0			153	163
1253	0	0			78	78
1254	0	1			154	207
1255	135	427			166	219
1256	44	92			179	215
1257	272	104			213	153
1258	55	34			275	288
1259	111	83			187	139
1260	264	145			404	216
1261	23	145			139	216
1262	71	147			139	216
1263	56	1			238	192
1264	1	0			294	99
1265	0	10			155	81
1266	0	0			128	278
1267	287	262			208	197
1268	287	240			208	161
1269	273	239			222	194
1270	2	2			172	183
1271	4	7			153	180
1272	0	0			134	302
1273	0	7			114	180
1274	35	0			152	92
1275	0	4			178	125
1276	5	4			266	127
1277	0	0			185	156
1278	58	219			162	280
1279	10	271			226	280
1280	0	1			148	226
1281	0	0			163	220
1282	4	0			198	159
1283	4	0			198	292
1284	2	0			166	291
1285	0	0			190	183
1286	0	0			232	170
1287	0	0			232	211
1288	0	0			218	103
1289	0	0			360	151
1290	2	1			173	224
1291	6	187			144	252
1292	14	0			210	133
1293	18	11			159	210
1294	0	2			166	287
1295	8	0			149	149
1296	2	7			186	245
1297	4	5			105	133
1298	166	18			188	123
1299	6	4			173	193
1300	15	4			197	193
1301	6	4			214	193
1302	6	6			214	173
1303	6	15			214	197
1304	0	0			121	147
1305	210	80			636	154
1306	0	0			165	173
1307	10	10			195	140
1308	0	1			194	227
1309	138	185			198	252
1310	26	16			161	169
1311	33	14			189	114
1312	67	267			153	263
1313	0	0			144	131
1314	247	763			165	250
1315	223	353			175	165
1316	413	139			175	166
1317	1	0			126	179
1318	346	117			190	131
1319	99	287			120	226
1320	94	118			120	131
1321	45	79			139	165
1322	78	11			153	153
1323	255	303			214	217
1324	11	9			243	182
1325	4	4			182	121
1326	59	98			212	255
1327	1	0			166	198
1328	663	16			151	151
1329	0	2			180	201
1330	5	0			99	99
1331	16	13			134	154
1332	26	13			160	154
1333	13	0			226	169
1334	34	111			129	237
1335	67	5			125	115
1336	13	9			160	138
1337	11	18			180	330
1338	1	1			258	438
1339	1	1			258	438
1340	0	0			141	259
1341	0	0			152	130
1342	0	0			150	130
1343	0	0			152	156
1344	0	0			150	156
1345	0	0			150	152
1346	0	0			150	152
1347	87	11			246	182
1348	0	0			186	136
1349	1	0			174	206
1350	66	65			141	143
1351	49	63			143	146
1352	80	51			146	133
1353	61	194			239	284
1354	60	194			236	284
1355	81	123			156	199
1356	14	135			146	183
1357	0	2			134	581
1358	0	0			96	96
1359	312	168			273	174
1360	37	80			247	334
1361	0	0			147	141
1362	667	720			231	254
1363	84	340			173	164
1364	124	556			173	164
1365	36	44			187	140
1366	0	0			123	284
1367	0	0			123	273
1368	0	0			123	78
1369	0	0			284	78
1370	0	0			273	78
1371	84	0			79	79
1372	55	41			304	291
1373	0	0			179	169
1374	4	6			243	252
1375	8	0			309	205
1376	7	0			275	205
1377	77	37			256	211
1378	216	19			113	136
1379	0	0			194	457
1380	0	0			115	205
1381	0	0			139	128
1382	0	0			108	123
1383	80	86			222	188
1384	53	0			128	79
1385	1	11			164	184
1386	1	24			164	216
1387	11	24			184	216
1388	71	123			242	144
1389	117	0			178	76
1390	0	7			238	136
1391	7	0			173	270
1392	6	4			185	173
1393	0	0			201	219
1394	0	31			191	131
1395	0	31			173	131
1396	0	0			170	212
1397	0	0			456	122
1398	135	43			240	231
1399	0	0			195	153
1400	189	329			114	132
1401	1	28			223	122
1402	0	0			215	267
1403	0	0			196	267
1404	58	288			227	603
1405	261	108			603	304
1406	287	108			603	304
1407	0	0			81	81
1408	20	88			130	288
1409	231	120			193	129
1410	0	16			96	96
1411	0	12			96	93
1412	55	261			118	174
1413	121	205			155	174
1414	55	68			133	155
1415	32	73			129	210
1416	2	0			395	168
1417	0	2			154	395
1418	1	1			142	150
1419	0	6			114	145
1420	0	11			166	193
1421	0	8			166	188
1422	0	2			166	212
1423	0	6			166	145
1424	11	8			193	188
1425	11	2			193	212
1426	11	6			193	145
1427	8	6			188	145
1428	2	6			212	145
1429	0	0			123	192
1430	172	123			247	233
1431	0	0			151	108
1432	11	0			126	99
1433	37	47			210	235
1434	1	1			159	177
1435	4	1			156	177
1436	2	0			209	155
1437	1	0			245	155
1438	6	64			272	407
1439	4	41			272	407
1440	49	99			407	334
1441	0	0			96	90
1442	28	20			265	222
1443	10	26			172	247
1444	369	9			210	172
1445	151	173			269	230
1446	27	8			1374	252
1447	105	104			243	201
1448	5	28			174	174
1449	8	51			223	345
1450	3	11			214	269
1451	0	0			144	162
1452	9	4			199	183
1453	3	0			322	199
1454	350	25			248	306
1455	50	9			349	178
1456	52	47			173	173
1457	0	0			87	87
1458	0	0			165	147
1459	0	0			159	147
1460	0	30			79	260
1461	18	44			278	234
1462	8	44			188	234
1463	219	311			176	271
1464	2	8			139	194
1465	67	134			195	183
1466	0	364			84	309
1467	0	0			165	337
1468	31	50			123	165
1469	185	548			282	645
1470	11	4			172	191
1471	31	27			165	135
1472	204	83			186	136
1473	0	25			98	98
1474	3598	1974			351	192
1475	3598	785			351	210
1476	135	214			191	267
1477	76	114			216	210
1478	4	0			140	125
1479	0	0			438	107
1480	0	5			150	187
1481	10	50			106	202
1482	51	205			138	230
1483	10	2			180	90
1484	19	37			339	351
1485	0	5			111	169
1486	0	0			194	237
1487	8	73			207	161
1488	0	26			120	171
1489	1	1			153	153
1490	0	434			132	290
1491	0	4			152	194
1492	0	4			105	194
1493	0	0			105	152
1494	0	0			354	354
1495	285	228			239	213
1496	61	226			126	245
1497	187	128			245	175
1498	0	164			82	163
1499	2	0			210	231
1500	14	8			309	240
1501	155	212			216	213
1502	7	1			198	292
1503	7	4			198	159
1504	25	0			163	220
1505	4	9			141	154
1506	78	3412			200	183
1507	1689	3412			111	183
1508	38	30			110	125
1509	137	30			158	125
1510	86	215			152	268
1511	187	11			147	209
1512	66	89			152	202
1513	2	74			147	147
1514	0	0			208	237
1515	68	138			202	182
1516	3	0			241	214
1517	2468	698			275	132
1518	0	5			193	215
1519	0	2			193	295
1520	5	2			215	295
1521	3	104			215	226
1522	3	80			215	364
1523	2	6			106	106
1524	0	3			100	100
1525	361	1			177	174
1526	624	1			156	174
1527	2	10			219	157
1528	377	683			214	240
1529	167	190			269	237
1530	374	4			267	175
1531	21	63			232	156
1532	21	99			232	191
1533	21	97			232	236
1534	0	2			159	239
1535	0	2			159	305
1536	0	0			131	159
1537	166	168			172	172
1538	30	40			156	213
1539	68	6			163	182
1540	38	15			180	126
1541	123	0			84	87
1542	2440	252			163	119
1543	1145	7			132	428
1544	0	0			138	115
1545	0	32			230	193
1546	0	0			258	240
1547	54	112			162	268
1548	0	0			361	108
1549	1	18			124	192
1550	0	4			164	229
1551	4	0			215	164
1552	22	0			141	192
1553	10	0			247	137
1554	4	0			367	137
1555	4	10			367	247
1556	52	61			258	233
1557	0	0			123	192
1558	0	39			118	187
1559	194	76			197	135
1560	0	0			93	126
1561	2	57			168	168
1562	0	4			193	251
1563	3	0			167	193
1564	3	18			218	292
1565	101	70			247	179
1566	33	7			183	129
1567	2	1			165	205
1568	131	5			490	143
1569	0	0			168	98
1570	0	0			168	98
1571	6	3			219	128
1572	262	89			248	150
1573	1	10			293	359
1574	35	94			150	194
1575	114	53			200	139
1576	0	125			3036	5337
1577	576	270			266	156
1578	97	104			176	177
1579	16	6			207	161
1580	0	5			164	145
1581	43	8			235	176
1582	64	81			228	237
1583	5	9			247	255
1584	0	6			129	114
1585	116	375			400	235
1586	20	114			135	193
1587	51	123			142	252
1588	0	0			144	197
1589	0	0			144	157
1590	3	16			159	243
1591	14	5			150	132
1592	393	206			207	200
1593	5	2			142	217
1594	0	19			96	93
1595	0	0			168	98
1596	0	0			168	98
1597	15	5			120	247
1598	5	28			120	203
1599	27	25			203	200
1600	54	1637			200	197
1601	136	1637			304	197
1602	0	1			156	207
1603	16	9			222	208
1604	7	8			188	231
1605	35	9			205	157
1606	10	17			141	182
1607	0	0			99	132
1608	14	198			150	234
1609	16	143			150	234
1610	16	71			150	135
1611	143	71			234	135
1612	63	98			203	226
1613	0	21			149	364
1614	0	1			149	152
1615	21	170			220	758
1616	14	12			168	217
1617	198	387			244	227
1618	2	387			145	227
1619	2	387			134	227
1620	55	51			159	200
1621	58	92			198	241
1622	3	154			153	294
1623	0	0			77	401
1624	1	554			148	198
1625	35	20			146	146
1626	10	23			167	207
1627	24	1			167	80
1628	27	53			227	286
1629	24	45			144	158
1630	31	73			230	215
1631	12	50			153	653
1632	94	0			187	135
1633	76	29			155	155
1634	310	261			272	210
1635	439	261			257	210
1636	54	17			144	144
1637	0	0			111	153
1638	72	212			561	841
1639	30	69			236	236
1640	22	56			180	270
1641	53	54			316	270
1642	0	33			325	180
1643	0	0			167	167
1644	0	0			235	79
1645	24	0			234	159
1646	0	13			125	168
1647	4	13			125	168
1648	0	13			127	168
1649	1	13			125	168
1650	1	14			131	125
1651	72	26			161	195
1652	500	2			682	154
1653	103	2			202	154
1654	0	0			116	158
1655	1	2			180	180
1656	1	1			180	180
1657	13	13			217	250
1658	15	415			144	1116
1659	63	64			173	189
1660	2	11			153	225
1661	1	4			177	156
1662	0	0			175	205
1663	0	0			159	152
1664	125	166			156	141
1665	132	199			231	238
1666	122	93			204	231
1667	0	0			127	195
1668	3	38			133	178
1669	1	1			104	155
1670	0	0			132	169
1671	110	1			207	192
1672	0	0			93	93
1673	0	2			93	228
1674	4	12			167	141
1675	18	13			167	220
1676	19	7			167	220
1677	19	34			167	149
1678	7	34			220	149
1679	30	127			166	166
1680	0	0			171	114
1681	0	0			174	114
1682	3	0			194	173
1683	3	0			194	197
1684	0	5			194	196
1685	0	16			194	303
1686	4	0			134	173
1687	4	0			134	197
1688	1	8			134	196
1689	0	0			173	197
1690	5	16			196	303
1691	0	0			195	174
1692	0	0			247	137
1693	0	0			367	137
1694	0	0			367	247
1695	1	66			154	189
1696	74	43			189	205
1697	44	233			205	219
1698	44	223			205	216
1699	104	167			173	207
1700	1	0			171	228
1701	13	0			196	122
1702	2	83			161	248
1703	42	125			188	170
1704	15	21			220	131
1705	33	29			189	220
1706	22	20			114	153
1707	0	0			135	117
1708	0	0			108	117
1709	0	0			108	135
1710	0	0			108	135
1711	47	4			148	148
1712	16	715			180	2209
1713	7	20			142	163
1714	7	20			120	163
1715	6	8			161	142
1716	0	6			120	142
1717	1	8			117	161
1718	9	8			120	161
1719	1	8			117	161
1720	1	8			120	161
1721	3	53			179	259
1722	39	71			259	333
1723	1	0			162	153
1724	0	0			135	147
1725	0	13			115	130
1726	1	22			115	130
1727	26	1			199	153
1728	8	45			159	159
1729	0	0			237	237
1730	0	2			133	122
1731	0	10			133	250
1732	2	10			122	250
1733	27	13			198	201
1734	0	1			93	93
1735	6	13			121	156
1736	29	1			199	121
1737	1	31			123	243
1738	4	0			156	117
1739	0	1			121	190
1740	3	1			190	199
1741	0	2			121	190
1742	1	0			84	84
1743	0	0			156	84
1744	0	1			156	84
1745	81	0			228	171
1746	5	2			147	147
1747	115	133			159	133
1748	0	5			249	244
1749	0	0			150	164
1750	249	217			163	170
1751	9	13			139	231
1752	0	21			251	525
1753	20	9			165	179
1754	255	260			154	146
1755	218	288			146	161
1756	28	814			195	1474
1757	28	95			195	420
1758	218	152			251	247
1759	0	2			151	172
1760	1	4			165	129
1761	202	156			224	167
1762	127	194			227	224
1763	0	5			109	204
1764	6	28			196	392
1765	29	57			126	150
1766	20	58			105	150
1767	32	55			159	176
1768	4	0			152	187
1769	4	0			152	267
1770	0	0			187	267
1771	3	14			123	167
1772	0	0			93	93
1773	0	0			158	228
1774	16	33			142	136
1775	1	2			211	198
1776	0	0			115	118
1777	10	5			197	123
1778	24	18			207	213
1779	39	22			207	213
1780	5	14			160	166
1781	13	14			143	166
1782	13	29			143	210
1783	0	2			190	169
1784	7	0			99	126
1785	0	0			99	102
1786	0	0			102	126
1787	0	0			102	129
1788	71	20			204	102
1789	3	0			180	201
1790	67	189			154	313
1791	0	0			168	98
1792	0	0			168	98
1793	16	19			139	171
1794	9	17			186	199
1795	5	0			198	247
1796	1	1			153	169
1797	0	3			157	156
1798	571	132			271	114
1799	136	27			135	141
1800	5	7			261	261
1801	13	7			261	261
1802	1	0			147	127
1803	70	19			175	109
1804	60	19			142	175
1805	2	0			102	99
1806	40	60			160	162
1807	1	68			97	200
1808	358	365			186	193
1809	0	0			93	90
1810	0	49			102	245
1811	0	39			102	197
1812	127	171			162	201
1813	4	0			206	99
1814	1	13			148	78
1815	9	0			123	99
1816	24	53			216	259
1817	30	31			240	216
1818	251	144			159	135
1819	21	15			209	142
1820	44	70			207	279
1821	82	69			177	165
1822	8	13			237	195
1823	2	0			144	81
1824	0	0			120	150
1825	35	24			147	195
1826	107	75			171	144
1827	185	2			171	156
1828	17	99			101	171
1829	15	25			101	171
1830	18	380			184	915
1831	1	0			108	96
1832	11	0			189	96
1833	11	1			189	108
1834	0	0			192	111
1835	3	49			158	182
1836	3	102			158	208
1837	29	64			167	175
1838	12	22			150	209
1839	0	1			162	168
1840	0	18			125	231
1841	39	40			172	236
1842	1	2			327	185
1843	313	72			263	114
1844	0	0			338	200
1845	51	0			151	97
1846	402	935			212	284
1847	2	0			210	156
1848	0	1			189	117
1849	3	8			336	192
1850	0	8			192	192
1851	1	8			243	192
1852	1	1			243	192
1853	3	1			336	192
1854	3	0			336	243
1855	3	3			177	336
1856	4	2			215	212
1857	0	0			193	192
1858	5	50			111	170
1859	108	202			165	238
1860	20	45			169	207
1861	1	5			198	207
1862	0	0			87	87
1863	11	2			197	157
1864	46	67			162	208
1865	97	73			218	151
1866	110	2			173	179
1867	119	123			219	201
1868	3	2			198	229
1869	32	47			249	159
1870	72	122			259	212
1871	108	0			120	162
1872	28	1			167	131
1873	87	58			247	153
1874	0	1			176	231
1875	5	1			232	292
1876	2	5			165	146
1877	1	5			164	146
1878	1	2			164	165
1879	192	80			263	191
1880	0	2			233	265
1881	1	1			210	247
1882	0	1			268	223
1883	32	16			226	147
1884	84	22			231	174
1885	1	0			234	213
1886	87	1			263	183
1887	4	180			168	180
1888	0	0			138	255
1889	0	0			138	255
1890	0	0			153	255
1891	0	0			153	138
1892	0	0			153	138
1893	147	155			156	163
1894	20	8			291	170
1895	221	320			181	217
1896	0	1			139	164
1897	19	40			273	270
1898	0	0			182	300
1899	213	155			279	198
1900	135	104			198	152
1901	0	7			108	194
1902	0	0			144	147
1903	0	0			660	304
1904	241	73			193	177
1905	71	46			226	220
1906	77	66			179	151
1907	3	2			145	184
1908	0	0			83	77
1909	11	55			138	180
1910	4	0			176	133
1911	0	0			157	196
1912	0	0			164	87
1913	0	0			87	222
1914	0	0			190	190
1915	61	83			149	191
1916	13	35			161	236
1917	51	18			205	150
1918	27	5			212	114
1919	10	38			299	229
1920	120	55			268	138
1921	6	41			137	253
1922	0	22			118	169
1923	71	49			192	198
1924	109	160			234	300
1925	0	0			262	183
1926	7	0			225	163
1927	42	56			178	236
1928	171	76			173	204
1929	297	224			220	136
1930	250	244			189	168
1931	44	37			189	135
1932	65	62			229	189
1933	23	36			167	197
1934	167	270			180	222
1935	3	14			168	191
1936	3	33			168	291
1937	4	1			168	183
1938	25	33			184	153
1939	25	52			184	196
1940	0	0			159	141
1941	4	4			163	164
1942	0	0			123	165
1943	15	0			219	213
1944	0	0			167	167
1945	1	0			164	129
1946	3	6			169	170
1947	0	0			125	212
1948	6	78			293	231
1949	1	4			190	129
1950	115	50			243	243
1951	2	0			177	133
1952	40	34			246	166
1953	4	59			184	149
1954	13	125			184	149
1955	2	0			129	156
1956	24	6			180	126
1957	47	135			126	158
1958	0	0			130	159
1959	0	0			93	159
1960	90	218			156	221
1961	3	0			199	169
1962	2	0			193	169
1963	2	3			193	199
1964	44	42			211	181
1965	15	4			148	153
1966	11	15			156	148
1967	469	438			415	286
1968	14	15			153	126
1969	0	7			120	90
1970	0	0			120	90
1971	7	0			90	90
1972	50	7			239	144
1973	0	0			168	98
1974	0	0			168	98
1975	63	149			490	166
1976	0	149			109	166
1977	0	63			109	490
1978	14	190			170	329
1979	14	81			170	227
1980	11	29			216	207
1981	9	6			216	183
1982	4	0			135	149
1983	1	1			187	135
1984	21	11			158	124
1985	99	2			108	111
1986	0	0			143	134
1987	21	11			182	112
1988	73	81			208	183
1989	5	12			140	168
1990	1	12			140	168
1991	9	7			172	140
1992	47	0			176	149
1993	47	66			176	280
1994	0	63			149	249
1995	65	185			239	335
1996	50	218			128	218
1997	198	126			218	163
1998	79	131			151	164
1999	0	0			223	168
2000	11	67			165	208
2001	14	67			193	208
2002	14	67			198	208
2003	0	0			1325	189
2004	0	0			234	169
2005	0	0			234	189
2006	0	0			169	189
2007	0	0			189	213
2008	0	0			213	186
2009	0	0			213	274
2010	0	0			187	186
2011	0	0			186	274
2012	51	52			285	198
2013	35	16			156	140
2014	44	158			149	220
2015	0	0			174	134
2016	0	4			147	175
2017	2	1			221	255
2018	0	1			190	192
2019	51	1			150	87
2020	16	1			87	87
2021	6	27			138	255
2022	0	25			138	255
2023	9	25			153	255
2024	9	0			153	138
2025	11	3			153	138
2026	108	130			198	177
2027	175	244			165	193
2028	0	0			220	664
2029	6	56			221	235
2030	15	0			206	210
2031	13	0			221	210
2032	491	0			206	77
2033	0	0			248	248
2034	0	0			127	127
2035	2	1			248	248
2036	0	0			127	127
2037	0	0			127	127
2038	0	0			127	127
2039	5	119			167	221
2040	0	0			169	126
2041	32	69			167	183
2042	2387	6284			233	283
2043	1	5			156	150
2044	10	33			147	260
2045	6	0			135	154
2046	47	7			440	210
2047	0	0			198	230
2048	10	66			116	200
2049	76	0			87	87
2050	76	3			87	193
2051	0	0			218	103
2052	0	0			360	151
2053	10	42			112	184
2054	6	12			157	116
2055	18	12			181	116
2056	6	43			157	169
2057	18	43			181	169
2058	838	674			231	219
2059	0	9			102	99
2060	11	0			191	214
2061	18	2			197	106
2062	17	6			129	141
2063	1	2			230	204
2064	3	2			217	204
2065	0	0			200	175
2066	11	0			150	178
2067	0	0			136	167
2068	1	1			207	218
2069	0	24			193	192
2070	1	414			111	121
2071	61	71			282	192
2072	99	238			141	312
2073	0	0			166	224
2074	0	0			99	99
2075	0	0			134	99
2076	5	0			152	134
2077	3	0			152	134
2078	117	225			194	196
2079	117	100			194	215
2080	1	0			167	167
2081	0	2			83	83
2082	0	0			83	110
2083	0	1			83	83
2084	0	1			110	83
2085	8	0			132	141
2086	0	20			99	99
2087	0	11			120	117
2088	11	1			162	153
2089	0	2			92	95
2090	122	1272			242	242
2091	38	144			259	583
2092	117	27			194	92
2093	84	27			245	92
2094	0	0			111	274
2095	37	0			158	108
2096	0	0			147	207
2097	0	0			129	163
2098	0	0			129	213
2099	0	0			129	173
2100	0	0			129	209
2101	0	0			129	178
2102	0	0			213	173
2103	0	0			213	209
2104	0	0			213	178
2105	0	0			153	215
2106	0	0			173	209
2107	0	0			173	178
2108	0	0			173	215
2109	0	0			209	178
2110	0	0			181	178
2111	0	0			178	123
2112	4	5			166	152
2113	2	1			278	473
2114	0	5			166	234
2115	9	38			166	138
2116	0	0			163	146
2117	5	87			232	166
2118	16	22			109	143
2119	35	64			186	194
2120	0	92			139	148
2121	0	0			154	144
2122	1	4			200	274
2123	121	59			191	147
2124	63	258			195	813
2125	63	41			195	149
2126	134	337			186	233
2127	116	99			190	153
2128	0	1			163	111
2129	0	0			169	203
2130	0	0			196	203
2131	23	3			176	120
2132	1	3			196	220
2133	6	0			177	117
2134	203	124			390	198
2135	0	558			129	639
2136	14	6			177	243
2137	1	57			138	222
2138	0	1			150	109
2139	0	1			94	94
2140	78	134			204	165
2141	6	5			183	183
2142	6	5			183	183
2143	96	5			204	183
2144	96	6			204	183
2145	0	0			121	133
2146	22	11			145	164
2147	11	29			145	208
2148	0	0			126	193
2149	136	154			197	213
2150	0	0			119	326
2151	0	0			202	99
2152	0	0			116	99
2153	0	0			116	202
2154	0	0			173	205
2155	0	0			210	173
2156	28	3			237	306
2157	204	92			242	155
2158	5	3			227	217
2159	5	6			285	278
2160	3	243			186	358
2161	3	99			186	186
2162	167	164			189	252
2163	27	235			258	258
2164	16	54			138	228
2165	8	4			165	149
2166	0	3			179	179
2167	1	0			135	135
2168	3	11			159	159
2169	3	8			159	153
2170	3	13			159	159
2171	6	1			159	108
2172	1	0			288	180
2173	27	95			147	159
2174	56	95			111	159
2175	80	99			229	177
2176	0	0			193	192
2177	5	0			264	111
2178	0	3			174	138
2179	0	18			174	297
2180	33	27			423	357
2181	19	37			180	168
2182	0	0			123	192
2183	0	0			143	137
2184	0	0			151	220
2185	140	189			201	240
2186	1	16			78	78
2187	0	1			93	93
2188	12	20			195	195
2189	727	7			163	198
2190	0	0			90	78
2191	0	0			117	78
2192	0	12			168	177
2193	37	121			130	186
2194	79	233			198	456
2195	102	159			194	215
2196	22	1			169	215
2197	19	47			240	231
2198	74	118			213	286
2199	109	2			213	210
2200	30	7			210	210
2201	48	73			270	258
2202	30	53			210	270
2203	0	21			127	340
2204	10	4			172	163
2205	0	1			204	162
2206	1	5			179	225
2207	113	81			189	171
2208	5	24			202	366
2209	64	18			171	169
2210	51	38			186	186
2211	16	3			198	192
2212	22	4			272	137
2213	55	2			256	113
2214	66	2			225	113
2215	54	8			256	113
2216	5	0			321	167
2217	0	0			464	228
2218	0	0			182	163
2219	0	9			125	411
2220	11	22			182	311
2221	74	233			181	176
2222	19	41			164	151
2223	25	44			164	151
2224	13	58			155	164
2225	24	4			155	170
2226	24	6			155	257
2227	59	63			177	170
2228	0	17			157	203
2229	68	25			169	126
2230	22	11			202	172
2231	61	94			261	273
2232	14	8			124	117
2233	0	0			161	161
2234	1	1			132	120
2235	0	3			141	138
2236	0	6			93	93
2237	0	8			90	228
2238	66578	95040			195	174
2239	0	0			131	141
2240	1	2			179	96
2241	242	313			204	221
2242	255	168			221	159
2243	9	3			816	211
2244	11	39			337	536
2245	6	5			261	213
2246	0	0			160	245
2247	0	0			160	188
2248	0	0			175	208
2249	0	0			158	175
2250	4	18			81	170
2251	10	19			117	170
2252	24	29			147	249
2253	0	0			163	390
2254	4	18			194	397
2255	1	2			145	226
2256	0	6			130	178
2257	0	0			138	120
2258	40	7			208	127
2259	1	8			119	125
2260	10	21			112	159
2261	5	19			106	153
2262	3	0			368	152
2263	0	0			81	81
2264	0	0			172	172
2265	1	0			264	264
2266	105	177			165	184
2267	0	1			173	192
2268	0	2			307	192
2269	55	33			315	115
2270	236	160			225	164
2271	0	0			145	160
2272	210	112			189	189
2273	35	0			160	144
2274	0	2			123	173
2275	0	0			93	93
2276	2	0			187	137
2277	2	4			240	240
2278	0	0			251	135
2279	0	0			191	133
2280	0	0			133	332
2281	249	341			232	204
2282	42	15			180	121
2283	9	1			126	126
2284	6	11			126	138
2285	6	13			126	138
2286	2	88			149	173
2287	15	76			184	173
2288	31	71			138	188
2289	62	25			201	224
2290	0	1			355	269
2291	62	105			165	156
2292	62	34			165	153
2293	84	16			156	117
2294	55	15			156	117
2295	6	9			171	145
2296	56	97			145	210
2297	89	99			197	210
2298	85	101			146	149
2299	28	190			171	247
2300	0	0			161	161
2301	245	205			156	133
2302	164	131			188	150
2303	140	338			150	222
2304	0	0			198	152
2305	49	11			142	113
2306	177	84			327	204
2307	23	28			162	196
2308	97	114			136	127
2309	0	0			189	199
2310	16	17			156	177
2311	13	4			947	255
2312	68	36			127	125
2313	199	16			257	158
2314	3	0			193	125
2315	104	114			267	221
2316	3	0			178	308
2317	67	0			325	308
2318	67	3			325	178
2319	113	186			152	152
2320	30	150			147	172
2321	0	0			168	98
2322	0	0			168	98
2323	20	2			224	157
2324	17	2			218	157
2325	3	0			190	160
2326	3	0			190	168
2327	0	0			160	168
2328	0	0			157	114
2329	13	28			171	197
2330	39	45			172	188
2331	0	0			123	192
2332	79	121			137	185
2333	87	17			214	172
2334	0	0			96	99
2335	3	2			248	171
2336	4	0			184	125
2337	39	57			153	185
2338	38	40			188	153
2339	73	79			220	231
2340	2	2			147	147
2341	0	2			147	147
2342	0	4			155	192
2343	66	60			277	271
2344	11	2			218	180
2345	11	2			173	180
2346	0	5			94	94
2347	0	0			87	87
2348	0	0			87	87
2349	0	0			87	87
2350	0	0			172	172
2351	11	38			182	312
2352	157	4			234	196
2353	10	183			138	729
2354	17	3			268	297
2355	14	3			199	297
2356	0	0			219	210
2357	0	0			141	243
2358	0	0			141	243
2359	31	78			186	182
2360	42	16			273	144
2361	246	29			263	236
2362	4	9			154	187
2363	4	12			154	146
2364	4	10			154	137
2365	9	12			187	146
2366	9	10			187	137
2367	9	14			165	147
2368	0	0			123	192
2369	2	6			138	168
2370	2602	950			282	150
2371	1	1			161	122
2372	6	15			174	214
2373	2	29			218	306
2374	2	6			218	226
2375	29	6			306	226
2376	78	85			226	199
2377	383	13			145	147
2378	320	727			145	200
2379	81	277			150	147
2380	81	244			150	289
2381	5	394			146	147
2382	0	0			194	181
2383	105	7			207	161
2384	15	0			173	247
2385	6	0			186	247
2386	10	0			166	247
2387	22	90			123	227
2388	54	107			159	221
2389	42	50			168	159
2390	36	53			184	168
2391	34	57			177	173
2392	6369	6360			212	165
2393	16	6360			144	165
2394	6369	8067			212	197
2395	4008	8023			198	197
2396	16	8023			144	197
2397	2472	6602			131	212
2398	1	2085			125	122
2399	257	501			199	237
2400	33	15			621	795
2401	681	817			158	155
2402	382	815			305	155
2403	319	839			113	158
2404	0	0			109	143
2405	0	0			186	194
2406	12	70			142	272
2407	13	0			219	189
2408	13	0			216	189
2409	7	5			126	148
2410	10	4			126	148
2411	10	47			126	148
2412	4	47			148	148
2413	8	18			148	148
2414	111	230			128	166
2415	58	131			117	128
2416	26	16			159	104
2417	19	19			173	204
2418	97	56			123	154
2419	1725	1854			258	254
2420	868	1721			188	261
2421	3	0			189	177
2422	33	0			196	160
2423	87	297			299	759
2424	48	359			120	117
2425	263	497			275	428
2426	0	0			387	366
2427	0	0			366	207
2428	11	8			276	202
2429	176	152			154	118
2430	22	29			201	127
2431	0	89			197	277
2432	21	52			160	248
2433	30	27			204	160
2434	45	45			216	147
2435	0	0			140	213
2436	0	0			123	140
2437	3	9			232	460
2438	28	50			159	190
2439	0	0			123	192
2440	38	9			258	178
2441	172	56			561	206
2442	57	155			165	291
2443	353	334			165	138
2444	438	389			174	165
2445	211	270			145	136
2446	0	970			147	150
2447	998	1012			209	244
2448	271	1100			134	170
2449	19	1			352	180
2450	8	1			223	180
2451	17	2			352	180
2452	3	2			130	180
2453	79	2			156	180
2454	79	17			156	352
2455	79	3			156	130
2456	123	232			215	253
2457	191	5			215	103
2458	4	130			186	320
2459	3	4			208	219
2460	0	2			142	116
2461	0	2			195	386
2462	4	123			110	348
2463	96	28			348	122
2464	0	0			226	148
2465	41	149			180	279
2466	35	0			203	338
2467	0	0			192	228
2468	128	170			245	245
2469	25	8			126	212
2470	310	383			144	175
2471	27	43			195	219
2472	43	102			169	202
2473	88	46			202	139
2474	134	121			156	149
2475	49	82			204	177
2476	0	0			96	102
2477	0	0			96	96
2478	976	115			214	214
2479	355	4			87	87
2480	1	3			177	162
2481	0	0			205	177
2482	0	1			132	205
2483	0	2			241	273
2484	46	126			225	362
2485	1	6			152	225
2486	4	39			172	164
2487	2	2			403	121
2488	0	2			109	165
2489	0	3			247	196
2490	1	3			173	196
2491	5	3			228	196
2492	1	3			197	196
2493	1	0			173	247
2494	5	0			228	247
2495	1	0			197	247
2496	5	1			228	173
2497	1	1			197	173
2498	1	5			197	228
2499	26	2682			111	182
2500	90	116			202	245
2501	0	0			123	192
2502	86	188			136	178
2503	0	2			90	198
2504	18	21			145	136
2505	0	0			129	129
2506	118	266			184	192
2507	0	0			78	78
2508	0	0			78	78
2509	0	0			78	78
2510	4	0			220	220
2511	0	2			179	179
2512	1	0			159	159
2513	65	66			190	155
2514	17	86			223	351
2515	0	0			96	213
2516	0	0			208	147
2517	100	41			206	203
2518	0	4			159	147
2519	5	6			141	135
2520	110	115			128	146
2521	1	1			198	171
2522	51	1			158	108
2523	3	1			209	155
2524	92	65			278	168
2525	17	56			387	327
2526	18	57			102	161
2527	587	107			745	210
2528	3	0			220	173
2529	84	20			168	105
2530	23	20			117	105
2531	6	8			155	148
2532	141	174			186	156
2533	298	561			153	204
2534	13	10			101	130
2535	33	35			189	133
2536	19	56			182	177
2537	13	56			284	177
2538	55	40			315	192
2539	57	0			228	261
2540	0	186			119	218
2541	0	1			159	159
2542	10	7			159	159
2543	0	0			123	181
2544	0	0			190	152
2545	171	411			151	246
2546	7	0			237	132
2547	103	329			204	274
2548	588	329			463	274
2549	45	218			119	217
2550	481	316			281	219
2551	1	1			138	195
2552	4	223			101	196
2553	0	0			192	221
2554	0	0			177	221
2555	0	0			177	192
2556	0	0			148	214
2557	0	0			187	214
2558	0	0			138	140
2559	0	0			261	386
2560	0	0			128	261
2561	0	0			246	261
2562	4	0			168	98
2563	5	1			168	98
2564	86	56			267	158
2565	118	161			224	192
2566	118	143			224	338
2567	134	314			192	311
2568	13	17			147	141
2569	43	135			154	225
2570	53	6			165	129
2571	0	0			96	96
2572	24	35			161	230
2573	43	5			289	161
2574	42	20			289	161
2575	4	88			168	128
2576	765	1473			169	202
2577	20	13			262	169
2578	43	31			146	149
2579	13	44			123	146
2580	18	29			141	123
2581	2	8			129	149
2582	2	8			221	139
2583	1	3			212	221
2584	163	152			140	177
2585	40	50			197	249
2586	85	134			183	180
2587	0	0			147	141
2588	14	35			94	151
2589	53	35			184	151
2590	5	1			249	248
2591	15	6			233	173
2592	21	32			166	191
2593	0	0			173	130
2594	26	13			226	168
2595	4	16			154	230
2596	8	4			130	191
2597	0	0			184	219
2598	0	0			168	153
2599	0	9			110	241
2600	0	0			168	184
2601	0	0			155	114
2602	0	0			102	132
2603	12	20			198	180
2604	0	0			223	168
2605	8	27			178	250
2606	4	6			693	678
2607	12	108			173	339
2608	195	0			538	116
2609	16	0			132	116
2610	74	71			271	161
2611	10	6			120	144
2612	539	820			171	246
2613	1	106			81	165
2614	81	56			192	177
2615	55	87			177	190
2616	61	72			190	183
2617	2	10			159	135
2618	1	5			132	159
2619	1	1			150	147
2620	0	0			145	159
2621	408	338			255	215
2622	0	1			190	190
2623	1	7			208	164
2624	1	1			116	208
2625	21	0			87	151
2626	0	0			218	103
2627	0	0			360	151
2628	0	0			150	275
2629	38	150			101	165
2630	113	238			162	234
2631	0	0			197	156
2632	83	95			173	205
2633	0	0			194	128
2634	0	0			169	174
2635	0	0			152	148
2636	7	17			162	178
2637	7	3			162	112
2638	4	1			203	191
2639	24	0			145	214
2640	0	0			105	147
