ID	IJC_SAMPLE_1	SJC_SAMPLE_1	IJC_SAMPLE_2	SJC_SAMPLE_2	IncFormLen	SkipFormLen
0	0	0			150	137
1	0	0			150	137
2	0	0			150	150
3	0	0			150	98
4	0	0			150	98
5	0	0			138	150
6	0	0			138	150
7	0	0			150	150
8	0	0			150	138
9	0	0			150	138
10	0	0			150	137
11	0	0			150	137
12	0	0			150	150
13	0	0			138	150
14	0	0			138	150
15	0	0			150	150
16	0	0			150	138
17	0	0			150	138
18	0	0			123	150
19	0	0			150	137
20	0	0			150	137
21	0	0			150	150
22	0	0			138	150
23	0	0			138	150
24	0	0			150	150
25	0	0			150	138
26	0	0			150	138
27	0	0			150	150
28	0	0			150	108
29	0	0			150	111
30	0	0			123	150
31	0	0			150	137
32	0	0			150	137
33	0	0			150	150
34	0	0			138	150
35	0	0			138	150
36	0	0			150	150
37	0	0			150	138
38	0	0			150	138
39	0	0			123	150
40	0	0			150	137
41	0	0			150	137
42	0	0			150	150
43	0	0			150	98
44	0	0			150	98
45	0	0			150	111
46	0	0			150	150
47	0	0			150	150
48	0	0			150	150
49	0	0			147	141
50	0	0			150	103
51	0	0			150	150
52	0	0			150	150
53	0	0			111	150
54	0	0			150	103
55	0	0			150	150
56	0	0			147	141
57	0	0			150	103
58	0	0			150	150
59	0	0			150	150
60	0	0			147	141
61	0	0			111	150
62	0	0			150	150
63	0	0			147	141
64	0	0			150	150
65	0	0			150	103
66	0	0			150	150
67	0	0			84	102
68	0	0			148	150
69	0	0			150	150
70	0	0			150	150
71	0	0			141	150
72	0	0			138	150
73	0	0			150	150
74	0	0			99	126
75	0	0			99	102
76	0	0			102	126
77	0	0			102	129
78	0	0			150	150
79	0	0			150	150
80	0	0			150	150
81	0	0			150	121
82	0	0			150	150
83	0	0			150	150
84	0	0			150	150
85	0	0			150	150
86	0	0			150	150
87	0	0			150	150
88	0	0			150	150
89	0	0			150	150
90	0	0			150	108
91	0	0			126	150
92	0	0			150	103
93	0	0			150	150
94	0	0			150	150
95	0	0			150	150
96	0	0			150	150
97	0	0			123	150
98	0	0			106	150
99	0	0			150	150
100	115	128			136	150
101	144	98			150	136
102	71	104			138	150
103	14	20			150	150
104	2	222			150	150
105	0	0			150	150
106	0	0			150	111
107	0	0			150	150
108	4	2			150	150
109	0	429			115	150
110	3	0			111	105
111	0	0			150	150
112	0	0			150	114
113	0	6			150	123
114	0	7			150	150
115	17	30			150	150
116	46	0			150	121
117	25	2			150	121
118	8	0			150	150
119	58	77			150	150
120	8	0			93	90
121	12	14			150	150
122	8	22			144	111
123	0	0			93	93
124	0	0			150	126
125	0	0			150	150
126	0	0			126	150
127	16	7			150	150
128	81	107			150	150
129	257	8			150	150
130	0	0			150	150
131	24	45			123	140
132	31	28			150	150
133	1	2			150	150
134	100	118			150	150
135	1	23			150	104
136	34	23			150	104
137	29	35			150	146
138	0	108			150	150
139	13	38			150	150
140	2	8			150	150
141	0	3			136	150
142	0	1			150	150
143	79	59			150	150
144	2	3			150	150
145	14	28			142	150
146	6	4			150	150
147	10	12			150	150
148	3	17			150	150
149	13	0			150	150
150	41	0			115	118
151	40	173			150	150
152	169	222			150	150
153	57	52			150	150
154	64	39			150	146
155	25	0			150	150
156	18	0			150	113
157	25	1			150	113
158	4	0			150	150
159	1	5			150	143
160	11	50			146	150
161	13	21			150	150
162	650	592			111	121
163	59	74			102	111
164	5	10			146	150
165	1	0			150	119
166	1	7			150	130
167	15	0			150	119
168	0	7			119	130
169	0	5			150	150
170	4	14			150	130
171	7	85			121	150
172	1	93			121	150
173	4	93			150	150
174	15	93			150	150
175	4	1			150	121
176	15	1			150	121
177	25	79			147	144
178	0	4			150	150
179	0	0			150	133
180	22	9			129	148
181	5	34			150	150
182	1	2			150	150
183	1	2			150	150
184	13	5			150	150
185	54	57			150	150
186	1	47			150	150
187	48	75			150	143
188	251	553			150	145
189	0	1			141	150
190	3	12			150	150
191	750	312			150	132
192	23	12			150	150
193	4	60			150	150
194	64	60			150	150
195	0	16			150	144
196	0	0			117	150
197	47	39			142	150
198	463	637			139	150
199	0	0			150	150
200	0	0			150	150
201	0	1			123	150
202	4	27			150	150
203	1329	1230			150	150
204	4	213			150	150
205	0	13			150	150
206	1	1			150	150
207	278	221			141	129
208	203	3			148	150
209	25	110			150	150
210	100	89			150	150
211	66	84			150	150
212	2	98			150	150
213	75	66			150	150
214	0	10			150	150
215	259	163			150	124
216	83	142			148	123
217	382	143			148	123
218	7	0			141	139
219	0	0			150	118
220	0	0			150	150
221	0	0			150	150
222	0	0			150	150
223	11	21			150	150
224	4	5			150	122
225	10	0			150	150
226	8	0			106	150
227	2	2			97	97
228	21	0			111	150
229	0	0			150	103
230	0	0			150	150
231	19	36			150	150
232	10	7			150	150
233	18	27			150	150
234	34	17			150	150
235	0	0			150	150
236	1	0			136	150
237	2	0			147	150
238	37	2			133	150
239	36	52			150	143
240	18	0			150	150
241	0	0			148	150
242	283	427			150	150
243	66	136			138	150
244	753	17			150	150
245	1013	13			150	141
246	0	1			150	150
247	0	1			150	150
248	0	0			150	150
249	30	29			150	136
250	29	0			150	120
251	9	65			150	150
252	2372	1063			150	108
253	3	33			150	150
254	0	0			150	150
255	0	0			150	150
256	3	4			124	121
257	6	8			150	150
258	811	705			150	150
259	651	997			150	117
260	0	0			122	119
261	25	35			150	150
262	76	82			141	150
263	11	43			150	150
264	99	116			150	150
265	0	0			150	118
266	22	2			150	150
267	57	0			85	85
268	0	61			103	150
269	2	0			150	150
270	55	309			150	150
271	0	0			143	143
272	0	0			103	143
273	12	23			150	150
274	6	13			150	150
275	19	208			150	150
276	5	208			131	150
277	5	19			131	150
278	1	0			150	150
279	101	1			138	150
280	284	324			150	150
281	524	0			150	150
282	4	11			150	150
283	0	0			150	150
284	1	40			150	131
285	0	0			150	150
286	0	0			150	150
287	0	0			150	150
288	9	4			150	150
289	13	3			150	150
290	3	3			150	150
291	5	0			133	102
292	49	42			150	150
293	49	54			150	150
294	0	2			150	150
295	35	63			150	150
296	206	204			150	150
297	76	91			150	150
298	0	0			150	132
299	39	44			150	150
300	95	55			144	150
301	0	0			150	150
302	0	0			150	150
303	0	0			150	150
304	0	0			150	150
305	17	14			150	150
306	0	0			150	150
307	0	0			150	150
308	0	0			125	143
309	0	0			150	150
310	0	0			150	150
311	0	0			150	150
312	1	0			150	150
313	0	7			150	150
314	0	0			150	136
315	0	3			116	150
316	0	0			123	150
317	0	0			150	150
318	1	29			150	141
319	83	0			150	150
320	1	0			150	150
321	0	0			150	150
322	2	0			150	150
323	1	0			150	150
324	1	0			150	150
325	0	1			150	150
326	2	1			150	150
327	1	1			150	150
328	2	0			150	150
329	1	0			150	150
330	1	2			150	150
331	1	1			150	150
332	115	124			150	150
333	77	55			150	150
334	40	47			145	150
335	44	22			150	150
336	9	27			150	150
337	5	1			150	150
338	3	0			150	150
339	0	0			150	150
340	0	0			150	121
341	47	48			150	143
342	38	79			117	150
343	16	21			148	114
344	18	21			150	108
345	21	34			108	150
346	36	78			122	150
347	56	128			117	149
348	0	20			131	125
349	92	0			150	150
350	51	0			150	150
351	2	2			150	150
352	6	22			149	150
353	158	148			150	150
354	33	36			150	150
355	4	4			148	150
356	0	0			150	150
357	41	113			139	150
358	19	8			150	150
359	20	23			150	144
360	9	6			150	150
361	1105	1405			150	150
362	0	2			150	150
363	100	96			150	150
364	33	73			138	150
365	1	0			120	120
366	0	0			133	150
367	8	0			150	114
368	113	184			150	150
369	10	5			150	150
370	31	7			150	134
371	11	6			127	126
372	5	4			150	150
373	8	18			129	150
374	192	243			150	150
375	0	3			150	123
376	20	0			150	150
377	0	0			150	150
378	1	0			129	150
379	153	153			150	144
380	28	30			150	150
381	27	29			150	150
382	0	355			100	100
383	41	104			119	150
384	57	0			127	119
385	2	1			150	95
386	0	1			150	96
387	37	55			124	150
388	0	0			135	150
389	21	16			150	150
390	0	1			150	150
391	51	76			147	140
392	8	76			150	140
393	7	76			150	140
394	51	72			147	150
395	8	72			150	150
396	7	72			150	150
397	60	67			150	150
398	99	118			150	141
399	0	0			150	150
400	28	28			150	150
401	23	8			150	150
402	4	0			150	142
403	8	1			150	150
404	51	47			136	150
405	3	0			150	138
406	3	1			150	147
407	0	1			138	147
408	14	26			123	150
409	0	0			150	150
410	29	30			150	150
411	3	30			150	150
412	29	28			150	150
413	11	3			150	150
414	61	85			150	150
415	67	47			150	150
416	6	175			117	150
417	334	385			150	150
418	0	0			150	150
419	2	3			150	133
420	0	0			108	135
421	8	64			150	150
422	71	64			150	150
423	6	68			150	150
424	0	0			150	150
425	0	0			150	150
426	1	65			150	148
427	1	6			150	150
428	27	46			150	150
429	108	2			140	150
430	370	516			114	150
431	410	386			135	102
432	169	115			150	150
433	14	8			150	150
434	5	0			150	150
435	5	0			150	150
436	14	18			150	150
437	5	10			150	150
438	5	10			150	150
439	33	23			150	150
440	6	7			135	150
441	0	0			150	150
442	2	0			150	150
443	2	0			150	104
444	5	3			150	150
445	10	0			150	150
446	135	139			150	150
447	0	1			150	150
448	60	25			150	150
449	55	20			150	150
450	26	21			150	150
451	5	31			95	150
452	251	133			150	150
453	9	9			150	150
454	9	9			150	150
455	0	4			84	84
456	42	45			150	150
457	39	49			150	150
458	2	6			150	150
459	22	28			150	150
460	16	108			102	150
461	41	66			150	150
462	165	192			150	150
463	4	17			128	150
464	11	11			150	128
465	21	58			150	150
466	65	129			150	150
467	2	109			150	135
468	17	35			150	129
469	1	30			147	147
470	7	15			150	150
471	11	15			150	150
472	11	7			150	150
473	13	0			150	133
474	0	0			150	150
475	0	0			150	150
476	16	42			150	146
477	259	36			150	150
478	440	71			150	150
479	0	0			150	150
480	12	15			150	150
481	5	117			150	150
482	1	0			150	150
483	19	0			150	150
484	19	1			150	150
485	700	6			127	150
486	47	4			150	150
487	16	1			150	150
488	127	115			147	150
489	74	116			150	150
490	0	0			150	150
491	2	2			150	150
492	9	22			150	150
493	939	0			147	150
494	1	1			150	84
495	3	1			150	84
496	2	1			150	150
497	16	16			150	150
498	14	23			150	150
499	8	11			150	150
500	0	4			150	150
501	1	41			146	150
502	1	2			145	150
503	1	1			145	150
504	25	13			150	134
505	1	13			150	134
506	1	58			150	150
507	79	87			130	127
508	8	21			150	150
509	54	86			150	150
510	0	0			150	150
511	37	22			150	133
512	356	236			150	150
513	119	125			150	150
514	0	0			150	119
515	0	0			79	82
516	13	0			150	150
517	9	15			150	150
518	0	0			150	150
519	0	0			150	150
520	0	63			108	144
521	0	9			108	102
522	0	0			78	150
523	16	392			150	150
524	16	171			150	150
525	30	42			111	150
526	36	2			150	150
527	15	18			150	150
528	7	0			113	137
529	310	350			150	150
530	107	177			118	150
531	167	269			150	150
532	19	39			150	150
533	48	37			150	150
534	287	501			150	150
535	28	29			150	150
536	1	1			150	150
537	155	121			150	150
538	110	116			150	150
539	166	10			150	150
540	0	0			150	125
541	234	324			148	150
542	2	7			150	150
543	4	0			150	81
544	5	0			138	150
545	0	1			150	150
546	0	0			150	150
547	1	0			150	150
548	29	1			150	150
549	29	65			150	150
550	0	0			150	150
551	0	0			150	150
552	55	67			150	150
553	37	44			150	150
554	254	374			150	150
555	439	612			150	150
556	14	751			150	138
557	56	1			149	137
558	69	85			150	150
559	0	0			98	98
560	0	0			81	81
561	23	5			128	132
562	28	16			139	150
563	0	0			150	105
564	0	0			117	105
565	0	3			150	150
566	0	0			150	150
567	3	1			150	150
568	8	0			150	150
569	33	172			147	144
570	10	11			147	150
571	10	12			150	150
572	145	68			150	137
573	25	39			133	147
574	58	43			147	150
575	186	249			150	150
576	1	25			150	150
577	29	46			114	149
578	221	306			135	150
579	0	0			147	141
580	0	0			150	150
581	89	67			150	142
582	0	3			150	146
583	45	63			132	150
584	18	0			84	84
585	19	5			150	150
586	69	68			150	150
587	465	655			120	120
588	1	0			150	150
589	2	0			150	150
590	5	0			150	150
591	58	30			144	108
592	69	75			150	150
593	0	1			150	141
594	0	0			150	150
595	2	1030			150	150
596	70	44			150	130
597	72	75			150	150
598	72	75			150	150
599	0	13			150	150
600	0	25			150	115
601	13	2			150	150
602	31	46			150	150
603	1	0			150	150
604	502	468			150	150
605	3	0			126	150
606	0	0			150	150
607	17	15			150	120
608	1	1			150	135
609	0	0			96	96
610	19	31			150	116
611	0	0			150	150
612	0	2			129	137
613	3	3			150	150
614	168	0			100	100
615	9	17			150	150
616	0	0			150	150
617	0	0			150	150
618	34	13			150	114
619	20	40			150	150
620	0	0			150	125
621	0	0			150	150
622	12	15			150	147
623	1	2			150	142
624	1	0			142	150
625	0	0			142	111
626	0	0			150	150
627	10	13			133	150
628	31	0			150	114
629	89	114			150	150
630	17	27			137	150
631	0	0			150	150
632	11	38			150	150
633	0	0			150	150
634	105	282			150	150
635	1	0			150	150
636	1	7			150	148
637	0	1			150	150
638	7	34			103	150
639	6	7			150	150
640	0	63			76	150
641	1	0			138	150
642	0	1			150	150
643	29	44			143	150
644	11	0			150	138
645	20	0			150	138
646	20	11			150	150
647	0	0			110	127
648	0	2			126	150
649	111	118			150	150
650	6	15			150	131
651	522	647			150	150
652	7	0			125	150
653	0	1			150	142
654	6	47			150	150
655	10	6			150	150
656	78	46			150	134
657	10	24			150	150
658	5	11			150	150
659	0	0			143	150
660	0	0			141	150
661	89	76			135	135
662	56	86			150	150
663	43	87			150	150
664	1	2			123	99
665	0	28			150	150
666	0	0			150	131
667	0	0			150	150
668	37	102			142	150
669	28	31			150	150
670	0	5			150	150
671	0	83			150	150
672	5	213			150	150
673	100	184			150	150
674	34	47			126	150
675	27	43			150	150
676	28	43			150	150
677	28	49			150	150
678	7	14			150	148
679	1	0			150	150
680	20	349			150	150
681	2	1			150	150
682	2	1			150	150
683	40	48			150	150
684	0	0			120	150
685	1	0			147	150
686	0	0			150	150
687	0	0			135	150
688	0	5			150	150
689	0	0			150	126
690	1	7			126	150
691	1	4			126	150
692	39	27			150	150
693	3	51			121	144
694	113	159			150	150
695	0	15			150	110
696	24	13			150	123
697	0	0			150	150
698	61	0			150	150
699	100	188			150	150
700	2540	5506			150	150
701	14	11			150	138
702	27	46			150	138
703	0	5			114	150
704	1	20			150	150
705	2	17			150	150
706	5	107			150	146
707	23	1			150	150
708	11	1			150	150
709	4	45			143	150
710	1	83			150	142
711	36	22			150	150
712	36	22			150	150
713	36	42			150	150
714	0	0			81	81
715	65	38			150	146
716	111	69			150	150
717	1	69			127	150
718	19	21			150	150
719	20	0			150	150
720	6	0			150	150
721	6	20			150	150
722	7	139			134	150
723	0	0			150	102
724	0	0			111	114
725	0	6			134	118
726	4	81			150	150
727	2	3			150	150
728	2	2			150	150
729	0	2			150	150
730	1	0			87	84
731	4	0			150	147
732	4	0			150	150
733	1	0			150	150
734	6	18			150	150
735	2	0			142	106
736	50	36			150	150
737	38	33			150	150
738	94	0			83	83
739	0	0			150	150
740	0	0			84	84
741	34	55			150	150
742	35	0			92	92
743	0	6			99	99
744	0	0			150	150
745	2	0			150	144
746	2	0			150	150
747	0	0			144	150
748	51	46			150	150
749	1	6			150	150
750	1	6			150	133
751	1	0			150	150
752	6	0			150	150
753	6	0			133	150
754	13	0			150	150
755	9	0			150	150
756	106	62			132	150
757	209	42			150	150
758	32	5			150	150
759	2	0			150	109
760	134	152			150	132
761	1	152			150	132
762	1	5			127	150
763	1	10			150	150
764	2	10			150	150
765	1	10			150	150
766	0	0			150	150
767	0	0			150	150
768	7	22			150	150
769	560	0			150	150
770	225	317			150	150
771	83	108			150	141
772	12	2			150	150
773	128	192			150	150
774	69	13			125	136
775	0	1			150	128
776	46	11			150	150
777	30	6			150	150
778	123	12			147	150
779	3	0			150	132
780	2	0			150	132
781	2	3			150	150
782	74	122			150	150
783	8	30			112	150
784	954	10			150	150
785	1372	2			107	113
786	2	5			150	150
787	0	11			150	150
788	1	399			150	150
789	0	0			150	150
790	14	32			150	150
791	14	24			150	124
792	14	42			150	150
793	10	55			150	150
794	10	27			150	110
795	0	1			138	149
796	147	0			150	150
797	75	0			150	150
798	55	53			150	150
799	2	0			150	150
800	0	0			150	150
801	5	0			150	114
802	25	39			150	150
803	0	0			114	150
804	24	25			122	147
805	26	53			150	150
806	33	33			150	108
807	17	23			150	143
808	159	7			150	150
809	1	0			150	113
810	98	115			150	150
811	0	0			97	99
812	8	0			150	150
813	1	1			120	120
814	0	0			135	150
815	10	11			150	150
816	12	28			150	150
817	0	0			150	150
818	24	3			150	108
819	1578	1309			150	150
820	1581	716			150	150
821	1636	356			150	150
822	66	87			113	150
823	46	61			150	150
824	242	300			150	150
825	0	0			87	87
826	1	1			102	150
827	37	47			150	150
828	35	43			150	150
829	93	139			136	150
830	0	0			150	150
831	31	81			124	150
832	2	1			99	100
833	0	0			150	150
834	38	58			150	150
835	8	58			150	150
836	54	54			150	150
837	32	2			150	150
838	1	0			150	150
839	0	0			150	150
840	25	63			114	150
841	12	9			150	150
842	28	22			150	150
843	0	0			90	90
844	0	1			90	78
845	0	0			117	78
846	17	16			150	150
847	0	428			113	142
848	115	428			142	142
849	115	0			142	113
850	347	390			150	150
851	560	680			150	150
852	175	155			150	130
853	0	0			150	150
854	2	0			150	150
855	7	9			148	150
856	6	9			150	150
857	1	7			148	150
858	25	27			150	150
859	32	91			111	123
860	348	429			150	150
861	1	8			109	141
862	1	112			147	150
863	2	112			150	150
864	5	0			150	121
865	18	0			136	128
866	5	17			150	150
867	3	7			150	138
868	3	10			150	150
869	16	73			150	150
870	0	0			150	150
871	0	2			150	150
872	0	0			150	150
873	0	2			150	150
874	0	0			150	150
875	0	0			87	90
876	36	2			128	150
877	1622	3622			103	150
878	3423	3622			150	150
879	10	1			150	150
880	6	18			150	150
881	11	36			113	150
882	2	1			150	133
883	28	2			150	150
884	67	1			150	150
885	0	0			150	150
886	0	1			150	150
887	5	4			150	105
888	0	21			87	87
889	27	67			129	150
890	0	0			150	150
891	2	1			150	150
892	2	0			150	150
893	1	0			150	150
894	466	322			150	150
895	60	61			150	150
896	85	86			150	150
897	70	60			150	150
898	0	183			80	150
899	72	0			150	80
900	0	0			150	124
901	1	0			150	106
902	0	0			150	150
903	0	0			150	150
904	558	652			150	150
905	7	69			102	120
906	55	53			132	150
907	1	0			150	150
908	88	129			150	150
909	120	105			150	150
910	0	0			150	150
911	0	0			150	150
912	0	2			150	150
913	100	98			150	150
914	102	2			150	150
915	14	4			141	149
916	14	4			141	150
917	3	2			150	150
918	1	1			150	150
919	7	6			114	102
920	1	6			126	102
921	5	2			150	102
922	23	2			150	102
923	15	211			150	150
924	215	1			150	150
925	25	16			145	150
926	268	261			138	150
927	0	0			150	150
928	0	1			150	131
929	0	1			150	131
930	1	90			98	150
931	1	1			150	150
932	71	0			150	150
933	104	130			150	150
934	19	31			150	150
935	0	74			150	150
936	0	1			117	150
937	1	113			150	150
938	0	0			150	150
939	0	0			150	150
940	0	0			150	150
941	14	10			150	150
942	0	0			127	129
943	0	0			150	150
944	4	19			150	150
945	4	0			150	150
946	10	1			150	150
947	348	1828			150	150
948	15	14			141	150
949	0	0			110	150
950	0	0			110	150
951	0	0			150	146
952	6	89			124	128
953	15	9			150	150
954	61	2			150	150
955	20	7			138	150
956	0	47			150	136
957	18	30			150	150
958	0	1			98	95
959	46	40			150	150
960	4	73			130	150
961	4	28			150	150
962	1	62			106	150
963	114	108			150	145
964	145	121			150	150
965	1	171			79	150
966	32	51			150	150
967	12	28			98	150
968	18	32			150	150
969	24	30			150	150
970	17	0			150	150
971	7	22			150	150
972	3	4			150	150
973	4	1			132	132
974	314	389			150	150
975	3	0			93	93
976	0	0			96	90
977	0	3			96	90
978	1	0			87	99
979	2	8			116	116
980	0	0			150	150
981	31	65			146	150
982	60	64			150	150
983	65	0			98	101
984	111	130			150	150
985	874	782			150	150
986	24	47			150	150
987	71	88			150	150
988	0	148			150	150
989	13	27			150	150
990	0	12			150	150
991	0	3			150	150
992	8	114			108	108
993	5	26			150	150
994	8	17			138	150
995	21	20			150	150
996	41	2			150	150
997	42	69			150	150
998	707	587			150	150
999	100	165			150	150
1000	0	75			150	150
1001	0	0			150	150
1002	7	79			136	150
1003	0	0			150	150
1004	0	0			150	136
1005	0	0			150	136
1006	4	2			146	150
1007	2	25			117	150
1008	7	1252			124	150
1009	1	1252			118	150
1010	1165	1334			150	150
1011	2	40			150	150
1012	14	15			150	150
1013	3	55			150	122
1014	183	350			114	150
1015	4	8			150	135
1016	4	8			150	135
1017	0	1			141	150
1018	24	3			150	150
1019	2	0			138	150
1020	7	2			150	138
1021	11	15			150	150
1022	159	0			87	87
1023	0	0			150	150
1024	48	3			150	150
1025	16	15			150	150
1026	5	3			150	98
1027	5	4			150	150
1028	1	36			115	150
1029	680	834			146	135
1030	5754	7			150	150
1031	0	2			150	150
1032	22	44			130	150
1033	22	32			130	121
1034	21	67			150	150
1035	1	2			150	150
1036	33	87			107	134
1037	29	34			150	150
1038	0	57			150	150
1039	11	0			81	81
1040	13	4			150	150
1041	1	63			150	150
1042	21	17			120	108
1043	21	41			120	150
1044	21	41			120	150
1045	0	2			150	150
1046	0	1			150	150
1047	0	0			150	150
1048	1	0			150	150
1049	0	3			81	146
1050	0	2			84	84
1051	0	0			123	150
1052	3	1			150	150
1053	0	0			150	150
1054	0	1			150	131
1055	25	155			143	119
1056	50	155			150	119
1057	2	0			150	150
1058	0	0			138	150
1059	83	146			127	150
1060	98	77			150	137
1061	0	0			150	150
1062	72	64			150	110
1063	39	102			110	150
1064	0	0			150	150
1065	3	3			108	150
1066	0	6			150	150
1067	3	1			150	150
1068	54	119			137	150
1069	59	53			150	110
1070	0	4			150	150
1071	1	6			150	150
1072	1	0			150	127
1073	6	0			150	127
1074	0	0			96	90
1075	2	16			150	150
1076	4	16			150	150
1077	6	17			150	150
1078	7	17			150	150
1079	0	4			150	150
1080	0	13			150	150
1081	6	15			150	150
1082	1	9			137	150
1083	10	2			150	150
1084	10	0			150	95
1085	10	0			150	137
1086	0	0			95	137
1087	1	3			147	141
1088	1	3			150	141
1089	1	1			150	147
1090	0	0			108	150
1091	125	41			147	150
1092	13	6			148	150
1093	3	1			150	150
1094	3	0			150	150
1095	0	0			150	150
1096	3	1			150	150
1097	3	0			150	150
1098	4	11			150	147
1099	0	0			81	81
1100	0	0			150	150
1101	1	98			81	144
1102	3	98			81	144
1103	3	1			81	81
1104	0	15			150	150
1105	0	0			150	150
1106	234	318			150	148
1107	119	24			150	135
1108	2	0			150	150
1109	189	145			150	150
1110	172	135			150	150
1111	4	11			148	150
1112	0	0			150	137
1113	0	0			150	150
1114	1	0			132	150
1115	20	23			148	150
1116	20	14			148	150
1117	121	30			138	97
1118	112	69			138	150
1119	26	81			150	150
1120	15	81			150	150
1121	32	58			150	150
1122	0	0			150	150
1123	0	0			150	150
1124	82	129			150	150
1125	3	0			150	150
1126	517	481			150	150
1127	7	19			150	150
1128	31	0			150	150
1129	3	27			150	150
1130	0	0			150	150
1131	28	20			150	150
1132	10	35			150	150
1133	0	0			150	150
1134	221	175			150	131
1135	0	1			150	150
1136	173	213			150	150
1137	0	0			150	150
1138	60	34			150	150
1139	67	34			150	150
1140	65	0			90	93
1141	13	1			147	150
1142	50	52			150	150
1143	2	0			150	103
1144	3	0			150	150
1145	0	0			120	150
1146	0	0			150	150
1147	0	0			150	120
1148	0	0			150	120
1149	0	0			150	150
1150	0	7			150	150
1151	2	0			111	114
1152	151	123			150	150
1153	0	3			150	150
1154	0	3			150	150
1155	10	0			150	150
1156	0	9			121	135
1157	1	117			119	112
1158	0	244			102	150
1159	0	0			90	87
1160	14	15			146	150
1161	23	25			150	150
1162	4306	5010			133	150
1163	7	0			96	96
1164	0	0			150	150
1165	32	79			150	150
1166	15	34			114	144
1167	0	0			147	141
1168	0	5			150	150
1169	1031	115			150	150
1170	0	1			150	150
1171	0	1			150	150
1172	20	42			136	150
1173	48	55			126	123
1174	48	54			126	150
1175	31	49			129	135
1176	11	55			129	135
1177	20	55			111	135
1178	18	2			129	150
1179	25	2			111	150
1180	39	1			129	150
1181	20	11			111	129
1182	80	7			126	129
1183	25	18			111	129
1184	61	13			126	129
1185	55	50			150	150
1186	0	0			150	150
1187	93	106			150	150
1188	0	1			110	93
1189	0	0			150	150
1190	0	0			150	150
1191	0	0			150	150
1192	1	0			150	150
1193	1	3			150	150
1194	1	3			150	150
1195	11	21			150	150
1196	0	14			150	114
1197	16	19			150	126
1198	1	1			150	132
1199	1	0			150	150
1200	1	0			132	150
1201	0	0			150	150
1202	87	119			150	150
1203	170	0			150	150
1204	0	33			150	150
1205	692	983			147	150
1206	692	52			147	118
1207	461	820			150	150
1208	83	7			150	150
1209	84	69			150	150
1210	3	111			150	135
1211	0	0			140	150
1212	4	5			142	150
1213	6	0			90	105
1214	40	65			150	150
1215	53	42			150	150
1216	276	110			150	150
1217	155	311			111	150
1218	129	145			150	111
1219	0	0			150	150
1220	6	6			150	136
1221	10	52			150	150
1222	26	53			150	150
1223	4	52			150	150
1224	28	56			120	140
1225	88	84			150	150
1226	9	88			150	150
1227	0	0			150	150
1228	0	0			150	150
1229	2	0			150	150
1230	1	0			150	150
1231	0	0			150	150
1232	2	0			150	150
1233	1	0			150	150
1234	2	0			150	150
1235	1	0			150	150
1236	0	38			121	150
1237	1	0			121	133
1238	1	0			150	133
1239	1	1			150	121
1240	4	2			141	150
1241	0	44			150	150
1242	162	223			150	150
1243	430	1275			108	150
1244	0	0			150	150
1245	4	27			150	150
1246	0	0			150	150
1247	0	3			150	150
1248	7	17			150	150
1249	5	2			150	150
1250	11	11			150	150
1251	2	4			102	150
1252	2	0			150	150
1253	60	107			150	150
1254	22	30			149	150
1255	24	15			150	125
1256	1	5			150	100
1257	25	26			150	150
1258	0	0			150	114
1259	26	23			150	150
1260	0	0			150	98
1261	2	4			150	150
1262	0	2			150	150
1263	0	0			150	150
1264	0	0			150	150
1265	1	7			150	150
1266	6	6			150	150
1267	0	0			150	150
1268	0	0			84	96
1269	0	0			144	93
1270	0	1			102	117
1271	1	0			133	117
1272	1	0			150	109
1273	0	0			150	109
1274	8	0			150	150
1275	34	27			144	132
1276	0	0			135	150
1277	198	263			150	150
1278	17	30			150	150
1279	0	0			150	106
1280	79	18			120	117
1281	0	0			150	150
1282	0	0			150	150
1283	96	90			150	150
1284	3	7			111	150
1285	85	2			150	111
1286	47	0			150	111
1287	46	2			150	150
1288	46	53			150	150
1289	2	53			150	150
1290	0	0			150	150
1291	0	0			123	150
1292	19335	13149			150	150
1293	19351	8770			150	150
1294	16026	3209			150	150
1295	16061	15282			150	150
1296	17357	14752			150	150
1297	16990	15070			150	150
1298	12350	14749			147	150
1299	16995	16111			150	150
1300	16	36			150	150
1301	0	0			150	150
1302	0	0			150	150
1303	0	0			150	130
1304	0	0			150	149
1305	20	45			150	150
1306	20	11			150	150
1307	20	13			150	121
1308	24	11			150	121
1309	45	11			150	150
1310	45	13			150	121
1311	46	11			150	121
1312	1	65			150	143
1313	2	65			121	143
1314	16	88			121	143
1315	5	222			150	150
1316	0	0			150	150
1317	3	0			147	137
1318	0	0			114	150
1319	0	0			133	150
1320	18	0			150	87
1321	71	108			150	150
1322	8	13			150	150
1323	14	30			150	150
1324	25	29			150	150
1325	0	11			150	150
1326	0	8			150	150
1327	0	0			84	93
1328	0	5			150	150
1329	0	0			110	150
1330	2	20			150	150
1331	2	0			150	150
1332	1	4			137	150
1333	14	17			150	150
1334	4	8			150	150
1335	269	11			150	150
1336	2	26			123	150
1337	13	27			123	150
1338	46	27			146	150
1339	43	1			150	150
1340	11	1			150	150
1341	1	0			150	150
1342	0	0			78	78
1343	0	0			150	150
1344	207	392			150	150
1345	61	67			150	150
1346	91	49			150	139
1347	104	49			150	150
1348	14	49			139	150
1349	86	49			139	150
1350	2	1			133	150
1351	143	0			150	150
1352	0	0			150	99
1353	0	25			150	81
1354	0	0			128	150
1355	66	42			150	150
1356	106	141			150	150
1357	143	102			150	150
1358	1	1			150	150
1359	14	11			150	150
1360	0	0			134	150
1361	0	8			114	150
1362	1	8			123	150
1363	35	0			150	92
1364	1	0			123	114
1365	0	6			150	127
1366	1	0			150	150
1367	181	164			150	150
1368	1	20			150	150
1369	1	3			148	150
1370	58	64			150	150
1371	43	54			150	150
1372	67	30			150	138
1373	3	0			150	150
1374	3	0			150	150
1375	3	0			150	150
1376	0	0			150	150
1377	0	0			150	150
1378	0	0			150	150
1379	0	0			150	150
1380	0	0			150	103
1381	0	0			150	150
1382	4	2			150	150
1383	4	80			144	150
1384	0	1			150	133
1385	0	0			150	150
1386	0	0			150	150
1387	13	2			149	149
1388	10	0			150	121
1389	8	11			150	150
1390	92	43			150	109
1391	0	19			105	133
1392	105	13			150	99
1393	59	59			150	132
1394	81	21			150	123
1395	2	0			150	150
1396	2	0			150	150
1397	1	0			150	150
1398	1	2			150	150
1399	1	2			150	150
1400	59	99			150	150
1401	0	0			121	147
1402	18	66			150	150
1403	0	0			150	150
1404	3	4			150	140
1405	22	28			150	150
1406	2	0			150	150
1407	0	6			150	150
1408	132	100			150	150
1409	11	0			150	150
1410	17	28			150	150
1411	63	64			150	150
1412	0	0			144	131
1413	27	21			150	150
1414	322	281			150	150
1415	0	0			126	150
1416	223	137			150	131
1417	105	179			120	150
1418	92	138			120	131
1419	460	50			150	150
1420	123	133			150	150
1421	7	2			150	150
1422	6	9			150	121
1423	0	0			150	150
1424	938	51			150	150
1425	0	0			150	150
1426	3	0			99	99
1427	7	21			134	150
1428	12	21			150	150
1429	4	0			150	150
1430	16	23			129	150
1431	22	1			125	115
1432	11	13			150	138
1433	19	9			131	150
1434	2	5			150	150
1435	0	0			150	150
1436	0	0			150	150
1437	0	0			141	150
1438	0	0			150	130
1439	0	0			150	130
1440	0	0			150	150
1441	0	0			150	150
1442	0	0			150	150
1443	0	0			150	150
1444	0	0			150	136
1445	87	47			133	150
1446	159	19			150	132
1447	2	2			150	150
1448	32	87			105	143
1449	97	87			141	143
1450	0	4			143	146
1451	65	127			143	146
1452	93	97			146	133
1453	48	71			150	150
1454	6	24			146	150
1455	7	24			150	150
1456	0	0			134	150
1457	0	0			96	96
1458	140	193			150	150
1459	54	28			150	150
1460	56	39			150	150
1461	54	68			150	150
1462	68	39			150	150
1463	2	16			150	150
1464	19	14			150	150
1465	0	0			147	141
1466	1	42			150	150
1467	31	44			150	150
1468	23	34			119	150
1469	2	33			150	140
1470	0	0			123	150
1471	0	0			123	150
1472	0	0			123	78
1473	0	0			150	78
1474	0	0			150	78
1475	120	0			79	79
1476	0	5			150	150
1477	203	342			150	150
1478	0	0			150	150
1479	354	233			150	132
1480	14	10			150	150
1481	6	2			150	150
1482	6	2			150	150
1483	1	117			107	150
1484	28	21			150	150
1485	259	23			113	136
1486	0	0			150	150
1487	0	0			115	150
1488	56	78			150	150
1489	0	0			139	128
1490	0	0			108	123
1491	57	59			150	150
1492	107	0			128	79
1493	5	16			150	150
1494	5	4			150	150
1495	16	4			150	150
1496	85	208			150	144
1497	155	1			150	76
1498	0	0			150	136
1499	3	0			150	150
1500	0	2			150	150
1501	0	0			150	150
1502	0	29			150	131
1503	0	29			150	131
1504	0	1			150	150
1505	0	0			150	122
1506	234	132			150	150
1507	0	0			150	150
1508	200	184			114	132
1509	26025	6793			150	150
1510	20	78			150	150
1511	1	78			150	122
1512	0	0			150	150
1513	0	0			150	150
1514	41	59			150	150
1515	0	0			81	81
1516	37	48			130	150
1517	215	238			150	129
1518	0	13			96	96
1519	0	16			96	93
1520	122	202			150	150
1521	69	173			118	150
1522	54	20			133	150
1523	82	117			129	150
1524	0	0			150	150
1525	0	0			150	150
1526	0	1			142	150
1527	0	2			114	145
1528	0	2			150	150
1529	0	2			150	150
1530	0	0			150	150
1531	0	5			150	145
1532	2	2			150	150
1533	2	0			150	150
1534	2	5			150	145
1535	2	5			150	145
1536	0	5			150	145
1537	0	0			123	150
1538	0	0			150	108
1539	12	1			126	99
1540	18	27			150	150
1541	2	7			150	150
1542	1	7			150	150
1543	0	0			150	150
1544	0	0			150	150
1545	0	0			96	90
1546	35	49			150	150
1547	3	49			150	150
1548	13	16			150	150
1549	13	21			150	150
1550	152	12			150	150
1551	41	63			150	150
1552	26	56			150	150
1553	27	139			108	150
1554	4	0			150	150
1555	15	23			150	150
1556	25	65			150	150
1557	6	32			150	150
1558	7	5			150	150
1559	1	0			150	150
1560	12	35			141	150
1561	0	0			144	150
1562	0	0			150	150
1563	115	1			150	150
1564	24	28			150	150
1565	19	25			150	150
1566	0	0			87	87
1567	0	1			150	147
1568	0	2			150	147
1569	0	14			79	150
1570	6	18			150	150
1571	0	18			150	150
1572	122	10			150	150
1573	2	0			139	150
1574	47	99			150	150
1575	0	95			84	150
1576	177	162			150	150
1577	0	0			150	150
1578	315	323			150	150
1579	282	358			147	150
1580	10	12			123	150
1581	7	3			150	150
1582	46	47			150	135
1583	259	227			150	136
1584	0	0			98	98
1585	1644	2613			150	150
1586	1644	1			150	150
1587	31	32			150	136
1588	27	81			150	150
1589	21	0			140	125
1590	72	60			150	150
1591	45	73			150	150
1592	62	51			150	150
1593	0	0			150	107
1594	0	5			150	150
1595	3	24			106	150
1596	18	24			150	150
1597	10	6			150	90
1598	2	4			150	150
1599	1	3			111	150
1600	0	0			150	150
1601	5	121			150	150
1602	0	37			120	150
1603	25	40			150	150
1604	2	1			150	150
1605	0	89			132	150
1606	31	19			150	143
1607	0	0			150	150
1608	0	0			105	150
1609	0	0			105	150
1610	0	0			150	150
1611	123	121			150	150
1612	7	21			126	150
1613	0	293			82	150
1614	0	0			150	150
1615	0	0			150	150
1616	5	4			150	150
1617	5	4			150	150
1618	22	0			150	150
1619	52	3585			150	150
1620	2152	3585			111	150
1621	28	34			110	125
1622	87	34			150	125
1623	4733	3521			150	108
1624	10	0			147	150
1625	85	49			150	150
1626	43	34			150	126
1627	1	74			147	147
1628	0	0			150	150
1629	1	15			150	149
1630	0	0			150	150
1631	1	0			150	150
1632	1	0			150	150
1633	0	0			150	150
1634	0	56			150	150
1635	0	29			150	150
1636	0	0			106	106
1637	1	0			100	100
1638	4	0			150	135
1639	1007	0			150	150
1640	2104	0			150	150
1641	0	0			150	150
1642	2563	3085			150	150
1643	126	166			150	150
1644	216	0			150	150
1645	52	124			108	128
1646	147	60			150	108
1647	7	119			150	150
1648	7	168			150	150
1649	48	117			150	150
1650	7	117			150	150
1651	0	1			150	150
1652	0	1			150	150
1653	0	0			131	150
1654	193	167			150	150
1655	67	41			150	150
1656	24	42			150	150
1657	54	5			150	150
1658	117	0			84	87
1659	618	191			150	119
1660	639	1			132	150
1661	12	0			138	115
1662	18	26			150	150
1663	12	19			150	150
1664	18	20			150	150
1665	95	110			150	150
1666	0	13			150	150
1667	0	0			150	150
1668	0	0			150	108
1669	0	3			124	150
1670	1	8			150	150
1671	6	4			150	150
1672	43	78			150	150
1673	17	2			141	150
1674	2	0			150	137
1675	0	0			150	137
1676	0	2			150	150
1677	16	33			150	150
1678	0	0			123	150
1679	0	40			118	150
1680	89	44			150	135
1681	0	0			93	126
1682	0	40			150	150
1683	0	0			150	150
1684	0	0			150	150
1685	1	7			150	150
1686	26	36			150	150
1687	32	3			150	129
1688	1	1			150	150
1689	460	468			150	150
1690	14	12			150	143
1691	0	0			150	98
1692	0	0			150	98
1693	19	4			150	128
1694	0	1			150	150
1695	40	98			150	150
1696	26	56			150	139
1697	0	142			150	150
1698	197	283			150	150
1699	7	2			150	150
1700	0	4			150	145
1701	31	0			150	150
1702	74	174			150	150
1703	55	128			140	150
1704	0	1			150	150
1705	0	4			129	114
1706	21	419			150	150
1707	61	58			142	150
1708	0	0			144	150
1709	0	0			144	150
1710	0	0			150	150
1711	8	4			150	132
1712	437	256			150	150
1713	12	0			142	150
1714	0	16			96	93
1715	0	0			150	98
1716	0	0			150	98
1717	290	0			120	150
1718	182	60			150	117
1719	109	182			150	150
1720	21	1266			150	150
1721	9	1266			150	150
1722	164	162			150	125
1723	164	177			150	150
1724	140	2			150	150
1725	0	0			150	150
1726	92	86			150	150
1727	12	11			150	150
1728	7	11			150	150
1729	4	3			150	150
1730	4	3			141	150
1731	6	6			150	150
1732	1	0			99	132
1733	30	107			150	150
1734	35	47			150	150
1735	35	85			150	135
1736	47	85			150	135
1737	72	80			150	150
1738	39	1			150	150
1739	39	64			150	150
1740	0	46			149	150
1741	0	19			149	150
1742	17	24			150	150
1743	41	67			150	150
1744	9	12			150	150
1745	9	1			150	150
1746	12	19			150	150
1747	323	529			137	150
1748	27	21			150	150
1749	57	43			150	150
1750	0	75			150	150
1751	0	1			77	150
1752	33	52			146	146
1753	19	26			150	150
1754	28	0			150	80
1755	3599	4478			150	150
1756	28	39			150	150
1757	128	133			150	150
1758	96	111			150	150
1759	123	0			150	135
1760	85	29			150	150
1761	2	113			150	150
1762	112	113			150	150
1763	3	17			127	150
1764	194	116			144	144
1765	0	0			111	150
1766	129	121			145	150
1767	131	172			150	150
1768	10	34			150	150
1769	11	17			150	150
1770	5	13			150	150
1771	0	23			150	150
1772	1	0			150	150
1773	12	0			150	79
1774	3	3			150	132
1775	2	0			150	150
1776	2	3			125	150
1777	6	3			125	150
1778	0	3			127	150
1779	1	3			125	150
1780	0	4			131	125
1781	49	0			150	150
1782	0	0			116	150
1783	1	3			150	150
1784	0	1			150	150
1785	0	2			150	150
1786	5	11			150	150
1787	4	7			150	150
1788	185	139			131	127
1789	0	0			150	150
1790	0	0			150	150
1791	339	179			150	141
1792	49	56			150	150
1793	5	0			127	150
1794	3	40			133	150
1795	2	0			104	150
1796	11	24			150	150
1797	4	9			150	150
1798	0	0			132	150
1799	41	0			150	150
1800	0	0			93	93
1801	0	0			93	150
1802	10	11			150	141
1803	4	5			150	150
1804	4	0			150	150
1805	4	17			150	149
1806	0	17			150	149
1807	9	192			150	150
1808	0	0			150	114
1809	0	0			150	114
1810	2	0			150	150
1811	2	1			150	150
1812	0	5			150	150
1813	0	9			150	150
1814	4	0			134	150
1815	4	1			134	150
1816	6	10			134	150
1817	0	1			150	150
1818	5	9			150	150
1819	0	0			150	150
1820	0	0			150	137
1821	0	0			150	137
1822	0	0			150	150
1823	1	1			150	150
1824	2	8			150	150
1825	8	19			150	150
1826	8	19			150	150
1827	0	0			150	150
1828	3	0			150	122
1829	0	43			150	150
1830	17	17			150	150
1831	14	20			150	139
1832	25	21			139	150
1833	223	19			150	114
1834	160	19			150	114
1835	81	53			114	150
1836	0	1			135	117
1837	0	1			108	117
1838	0	0			108	135
1839	0	0			108	135
1840	62	3			148	148
1841	11	17			142	150
1842	9	17			120	150
1843	9	20			150	142
1844	2	19			120	142
1845	2	11			117	150
1846	10	11			120	150
1847	1	11			117	150
1848	3	11			120	150
1849	0	26			150	150
1850	10	22			150	150
1851	0	0			150	150
1852	2	0			135	147
1853	2	22			115	130
1854	2	39			115	130
1855	26	4			150	150
1856	26	14			150	150
1857	23	67			150	150
1858	0	0			150	150
1859	1	0			133	122
1860	1	2			133	150
1861	0	2			122	150
1862	18	10			150	150
1863	0	6			93	93
1864	15	63			121	150
1865	30	24			150	121
1866	0	20			123	150
1867	65	75			150	150
1868	44	10			150	117
1869	3	904			132	140
1870	1	0			121	150
1871	0	0			150	150
1872	1	0			121	150
1873	0	0			84	84
1874	0	0			150	84
1875	0	0			150	84
1876	43	1			150	150
1877	11	2			147	147
1878	106	134			150	133
1879	15	7			150	150
1880	0	0			150	150
1881	142	167			150	150
1882	183	202			150	150
1883	1	3			139	150
1884	50	66			150	150
1885	0	0			150	150
1886	4	5			150	150
1887	13	27			150	150
1888	129	80			150	150
1889	3	8			150	150
1890	1	8			150	129
1891	139	145			150	150
1892	55	119			150	150
1893	1	2			109	150
1894	3	10			150	150
1895	0	2			126	150
1896	0	2			105	150
1897	50	76			150	150
1898	1	13			150	150
1899	1	1			150	150
1900	13	1			150	150
1901	8	3			123	150
1902	0	3			93	93
1903	0	0			150	150
1904	21	31			142	136
1905	0	0			150	150
1906	0	0			115	118
1907	13	16			150	123
1908	63	19			150	150
1909	40	23			150	150
1910	10	12			143	150
1911	0	0			150	150
1912	8	0			99	126
1913	0	0			99	102
1914	0	0			102	126
1915	0	0			102	129
1916	78	43			150	102
1917	42	0			150	150
1918	0	0			150	98
1919	0	0			150	98
1920	39	17			150	106
1921	12	8			139	150
1922	1	4			150	150
1923	67	84			150	150
1924	0	0			150	150
1925	0	2			150	150
1926	32	25			150	150
1927	0	8			150	150
1928	153	65			135	141
1929	28	20			150	150
1930	0	0			147	127
1931	104	59			150	150
1932	75	6			150	109
1933	48	6			142	150
1934	0	0			102	99
1935	37	29			150	150
1936	0	5			97	150
1937	205	150			150	150
1938	48	19			121	150
1939	122	76			150	150
1940	0	0			93	90
1941	0	35			102	150
1942	0	29			102	150
1943	93	117			150	150
1944	0	1			150	99
1945	6	14			148	78
1946	3	0			123	99
1947	28	21			150	142
1948	7	20			150	150
1949	2	7			150	150
1950	300	606			150	150
1951	300	2			150	150
1952	3	0			144	81
1953	0	0			120	150
1954	204	2			150	150
1955	9	33			150	150
1956	2	0			108	96
1957	10	0			150	96
1958	10	2			150	108
1959	0	0			150	111
1960	2	38			150	150
1961	2	90			150	150
1962	12	10			136	150
1963	2	91			150	150
1964	7	48			150	150
1965	136	137			150	150
1966	26	18			150	150
1967	1	2			150	150
1968	0	1			125	150
1969	25	0			150	150
1970	0	0			150	150
1971	0	0			150	150
1972	150	0			150	97
1973	109	135			150	150
1974	207	313			150	150
1975	2	1			150	150
1976	2	0			150	117
1977	0	1			150	150
1978	0	20			150	150
1979	4	20			150	150
1980	4	20			150	150
1981	4	5			150	150
1982	0	5			150	150
1983	0	4			150	150
1984	1	4			150	150
1985	23	0			150	150
1986	0	0			150	150
1987	31	114			111	150
1988	54	73			150	150
1989	70	99			133	150
1990	1	288			150	150
1991	1	4			150	150
1992	0	0			87	87
1993	3	1			150	150
1994	26	47			150	150
1995	39	52			150	150
1996	307	1			150	150
1997	2177	3095			150	150
1998	54	49			150	150
1999	0	0			150	150
2000	7	77			150	150
2001	4	123			150	150
2002	2	152			150	150
2003	96	153			150	150
2004	2	97			150	133
2005	123	97			150	133
2006	122	0			120	150
2007	53	3			150	131
2008	51	49			150	150
2009	0	1			150	150
2010	20	10			150	131
2011	0	0			150	150
2012	1	4			150	146
2013	0	4			150	146
2014	0	1			150	150
2015	7	22			150	150
2016	53	47			150	150
2017	13	88			150	150
2018	13	88			150	150
2019	0	0			150	150
2020	0	1			150	150
2021	1	1			150	150
2022	14	10			150	147
2023	13	9			150	136
2024	11	7			150	150
2025	0	0			150	150
2026	69	1			150	150
2027	3	171			150	150
2028	0	0			138	150
2029	0	0			138	150
2030	0	0			150	150
2031	0	0			150	138
2032	0	0			150	138
2033	6833	1933			150	150
2034	87	87			150	150
2035	0	12			150	150
2036	161	220			150	150
2037	0	0			139	150
2038	13	13			150	150
2039	6	5			150	150
2040	84	90			150	150
2041	73	76			150	150
2042	0	2			108	150
2043	0	0			144	147
2044	0	0			150	150
2045	6	4			150	150
2046	210	0			150	150
2047	6	9			150	150
2048	66	71			150	150
2049	0	0			83	77
2050	136	600			138	150
2051	1	0			150	133
2052	0	0			150	150
2053	0	0			150	87
2054	0	0			87	150
2055	1	22			150	150
2056	105	91			149	150
2057	774	761			150	150
2058	1996	2566			150	150
2059	60	68			150	150
2060	60	99			150	150
2061	43	32			150	150
2062	24	32			150	150
2063	3	4			150	114
2064	4	21			150	150
2065	1	10			137	150
2066	0	11			118	150
2067	63	65			150	150
2068	0	0			150	150
2069	57	24			150	150
2070	183	229			150	150
2071	13	67			150	150
2072	346	648			150	150
2073	0	8			150	150
2074	0	13			150	150
2075	0	0			150	150
2076	334	116			150	117
2077	50	42			150	150
2078	50	40			150	150
2079	7	6			150	150
2080	7	20			150	150
2081	0	0			150	141
2082	0	0			150	150
2083	0	0			123	150
2084	34	6			150	150
2085	0	0			150	150
2086	0	0			150	129
2087	0	4			150	150
2088	0	0			125	150
2089	0	44			150	150
2090	3	0			150	129
2091	340	162			150	150
2092	0	0			150	133
2093	5	43			150	149
2094	9	88			150	149
2095	0	0			129	150
2096	199	201			150	150
2097	44	113			126	150
2098	0	0			130	150
2099	0	0			93	150
2100	141	180			150	150
2101	3	0			150	150
2102	3	0			150	150
2103	3	3			150	150
2104	21	18			150	150
2105	29	2			148	150
2106	33	20			148	150
2107	18	19			150	148
2108	12	15			150	126
2109	2	10			120	90
2110	2	0			120	90
2111	10	0			90	90
2112	8	13			150	144
2113	44	41			150	150
2114	1735	582			150	102
2115	0	0			150	98
2116	0	0			150	98
2117	42	72			150	150
2118	2	146			150	150
2119	49	131			150	150
2120	0	72			150	150
2121	0	72			109	150
2122	0	0			109	150
2123	18	70			150	150
2124	18	48			150	150
2125	5	8			150	150
2126	6	7			150	150
2127	2	0			135	149
2128	1	0			150	149
2129	1	2			150	135
2130	0	0			150	135
2131	96	1			108	111
2132	4	3			143	134
2133	15	3			150	150
2134	2	2			150	140
2135	57	0			150	149
2136	57	22			150	150
2137	0	29			149	150
2138	45	64			150	150
2139	75	224			128	150
2140	147	213			150	150
2141	45	59			150	150
2142	0	0			150	150
2143	282	1880			150	149
2144	2258	1880			150	149
2145	2	87			150	150
2146	2	87			150	150
2147	2	87			150	150
2148	0	0			150	150
2149	0	0			150	150
2150	0	0			150	150
2151	0	0			150	150
2152	0	0			150	150
2153	0	0			150	150
2154	0	0			150	150
2155	0	0			150	150
2156	0	0			150	150
2157	40	60			150	150
2158	50	61			149	150
2159	123	106			150	150
2160	51	76			144	150
2161	2	0			150	134
2162	5	3			147	150
2163	1	1			150	150
2164	0	4			150	150
2165	12	17			150	150
2166	35	0			150	87
2167	4	0			87	87
2168	0	0			138	150
2169	0	0			138	150
2170	0	0			150	150
2171	0	0			150	138
2172	0	0			150	138
2173	70	140			150	150
2174	63	72			105	103
2175	190	151			150	150
2176	78	102			150	150
2177	0	3			150	150
2178	1	27			150	150
2179	1	36			150	150
2180	7	0			150	150
2181	4	0			150	150
2182	494	0			150	77
2183	4	0			150	150
2184	5	0			127	127
2185	0	12			150	150
2186	0	7			127	127
2187	2	7			127	127
2188	2	0			127	127
2189	2	70			150	150
2190	0	0			150	126
2191	23	50			150	150
2192	5	10			150	150
2193	4	6			147	150
2194	4	0			135	150
2195	4	8			150	150
2196	0	0			150	150
2197	21	42			116	150
2198	48	63			128	150
2199	32	0			87	87
2200	32	0			87	150
2201	0	0			150	103
2202	0	0			150	150
2203	4	22			112	150
2204	3	15			150	116
2205	8	15			150	116
2206	3	44			150	150
2207	8	44			150	150
2208	223	183			150	150
2209	17	13			150	134
2210	0	6			102	99
2211	6	20			150	150
2212	5	0			150	150
2213	93	20			150	106
2214	68	17			129	141
2215	2	2			150	150
2216	4	2			150	150
2217	0	0			150	150
2218	12	0			150	150
2219	1	0			136	150
2220	0	0			150	150
2221	0	1			150	150
2222	83	56			150	134
2223	21	21			150	114
2224	0	125			111	121
2225	100	123			141	150
2226	5	6			150	150
2227	9	8			150	150
2228	7	29			132	150
2229	0	0			150	150
2230	24	72			150	150
2231	0	0			99	99
2232	0	0			134	99
2233	2	0			150	134
2234	2	0			150	134
2235	0	0			150	150
2236	0	15			83	83
2237	1	0			83	110
2238	1	1			83	83
2239	0	1			110	83
2240	29	1			132	141
2241	1	30			99	99
2242	1	17			120	117
2243	29	3			150	150
2244	0	5			92	95
2245	185	1403			150	150
2246	10	15			150	150
2247	207	32			150	92
2248	120	32			150	92
2249	63	119			106	150
2250	91	15			106	150
2251	0	0			111	150
2252	30	2			150	108
2253	0	0			147	150
2254	0	0			129	150
2255	0	0			129	150
2256	0	0			129	150
2257	0	2			129	150
2258	0	0			129	150
2259	0	0			150	150
2260	0	2			150	150
2261	0	0			150	150
2262	0	0			150	150
2263	0	2			150	150
2264	0	0			150	150
2265	0	0			150	150
2266	2	0			150	150
2267	0	0			150	150
2268	0	0			150	123
2269	156	100			150	147
2270	40	45			150	150
2271	1	0			150	150
2272	0	14			150	150
2273	65	115			147	150
2274	4	29			150	138
2275	10	6			150	146
2276	0	189			150	150
2277	155	39			150	150
2278	10	24			109	143
2279	14	1			109	143
2280	19	33			143	144
2281	21	48			144	150
2282	37	45			150	150
2283	0	119			139	148
2284	0	0			150	144
2285	0	0			150	150
2286	48	77			150	147
2287	1	7			150	150
2288	129	136			150	150
2289	0	0			150	111
2290	0	0			150	150
2291	0	0			150	150
2292	144	218			150	150
2293	233	227			150	150
2294	14	2			150	120
2295	0	0			150	150
2296	0	1			150	117
2297	16	180			150	150
2298	1	230			129	150
2299	36	0			150	150
2300	9	17			150	150
2301	0	0			150	109
2302	0	1			94	94
2303	61	1			150	150
2304	0	0			121	133
2305	20	10			145	150
2306	14	18			145	150
2307	0	0			126	150
2308	0	0			119	150
2309	0	0			150	99
2310	0	0			116	99
2311	0	0			116	150
2312	0	0			150	150
2313	0	0			150	150
2314	14	4			150	150
2315	5	4			150	150
2316	1	1			150	150
2317	30	43			150	150
2318	59	32			150	150
2319	0	66			150	150
2320	0	66			150	150
2321	158	158			150	150
2322	1	8			150	150
2323	11	16			150	149
2324	0	12			150	150
2325	21	0			135	135
2326	10	17			150	150
2327	1	13			150	108
2328	0	0			150	150
2329	28	79			150	150
2330	0	0			150	150
2331	7	1			150	111
2332	0	7			150	138
2333	0	0			150	150
2334	6	18			150	150
2335	87	4			150	150
2336	0	0			123	150
2337	0	0			143	137
2338	0	0			150	150
2339	1	2			150	150
2340	0	14			78	78
2341	0	0			93	93
2342	0	5			150	150
2343	400	2			150	150
2344	0	0			90	78
2345	0	0			117	78
2346	0	6			150	150
2347	176	273			130	150
2348	68	78			150	150
2349	117	169			150	150
2350	18	0			150	150
2351	8	22			150	150
2352	87	86			150	150
2353	170	0			150	150
2354	20	0			150	150
2355	39	34			150	150
2356	11	10			150	150
2357	8	5			150	150
2358	4	7			150	150
2359	0	3			127	150
2360	3	0			150	150
2361	0	1			150	150
2362	0	2			150	150
2363	55	56			150	150
2364	0	0			150	150
2365	47	0			150	150
2366	34	40			150	150
2367	5	5			150	150
2368	5	7			150	137
2369	17	6			150	113
2370	19	6			150	113
2371	15	6			150	113
2372	1	0			150	150
2373	21	34			130	150
2374	0	0			150	150
2375	0	0			150	150
2376	72	97			150	150
2377	16	30			125	150
2378	0	6			150	150
2379	3	120			150	150
2380	10	29			150	150
2381	4	2			150	150
2382	4	2			150	150
2383	0	21			150	150
2384	25	30			150	150
2385	7	18			150	150
2386	122	235			150	150
2387	36	56			150	150
2388	4	5			124	117
2389	1	0			150	150
2390	0	2			150	150
2391	3	2			132	120
2392	3	3			141	120
2393	2	4			141	138
2394	0	4			93	93
2395	2	1			90	150
2396	1784	1949			150	150
2397	0	0			131	141
2398	9	0			150	96
2399	2	3			150	150
2400	0	8			150	150
2401	0	0			150	150
2402	0	4			150	150
2403	0	0			150	150
2404	0	0			150	150
2405	0	0			150	150
2406	134	66			150	123
2407	1	4			81	150
2408	22	26			147	150
2409	0	0			150	150
2410	2	7			150	150
2411	1	6			145	150
2412	0	6			130	150
2413	136	157			150	150
2414	1	0			138	120
2415	24	22			150	150
2416	39	7			150	127
2417	7	9			119	125
2418	0	0			150	150
2419	0	0			81	81
2420	161	181			138	150
2421	0	0			150	150
2422	53	33			150	150
2423	196	186			150	134
2424	0	1			150	150
2425	156	203			150	150
2426	0	0			150	150
2427	84	77			150	150
2428	144	143			150	150
2429	0	0			150	150
2430	0	8			150	115
2431	0	3			150	150
2432	33	29			137	150
2433	0	0			145	150
2434	155	75			150	150
2435	46	0			150	144
2436	0	4			123	150
2437	5	4			150	150
2438	0	0			93	93
2439	3	0			150	137
2440	1	1			150	150
2441	0	1			150	135
2442	0	0			150	133
2443	0	0			133	150
2444	85	115			150	150
2445	33	22			150	121
2446	8	0			126	126
2447	3	11			126	138
2448	1	39			149	150
2449	19	34			150	150
2450	31	46			138	150
2451	19	16			150	150
2452	19	21			150	150
2453	26	60			150	150
2454	26	29			150	150
2455	44	20			150	117
2456	11	13			150	145
2457	37	58			150	150
2458	54	85			146	149
2459	15	71			150	150
2460	1	1			150	150
2461	95	177			150	150
2462	176	196			150	150
2463	0	2			150	150
2464	39	8			142	113
2465	14	21			150	150
2466	0	0			150	150
2467	20	19			150	150
2468	7	3			150	150
2469	651	495			150	150
2470	327	652			150	150
2471	60	5			150	150
2472	2	0			150	125
2473	76	88			150	150
2474	0	0			150	150
2475	36	0			150	150
2476	36	0			150	150
2477	124	149			150	150
2478	35	52			129	150
2479	47	52			147	150
2480	66	86			150	150
2481	0	0			150	98
2482	0	0			150	98
2483	0	0			150	150
2484	1	0			150	150
2485	4	0			150	150
2486	4	0			150	150
2487	0	0			150	150
2488	15	25			150	150
2489	2	25			150	150
2490	9	25			150	150
2491	0	10			150	114
2492	7	26			150	150
2493	8	25			150	150
2494	0	0			123	150
2495	38	38			150	142
2496	561	270			145	122
2497	0	0			96	99
2498	13	1			150	150
2499	5	1			150	125
2500	22	35			150	150
2501	10	27			150	150
2502	48	51			150	150
2503	6	10			147	147
2504	1	10			147	147
2505	0	3			150	150
2506	76	99			150	150
2507	2	0			150	150
2508	3	0			150	150
2509	0	8			94	94
2510	0	0			87	87
2511	0	0			87	87
2512	0	0			87	87
2513	0	0			150	150
2514	9	14			150	150
2515	211	41			149	111
2516	89	10			150	150
2517	140	179			150	150
2518	155	6			138	150
2519	160	145			138	150
2520	9	0			150	150
2521	12	0			150	150
2522	0	0			150	150
2523	84	81			150	150
2524	1	56			150	150
2525	0	0			141	150
2526	4	3			141	150
2527	16	18			150	150
2528	22	26			150	144
2529	98	0			150	150
2530	0	11			150	150
2531	0	47			150	146
2532	0	38			150	137
2533	11	47			150	146
2534	11	38			150	137
2535	11	47			150	147
2536	173	198			150	150
2537	0	0			123	150
2538	5	2			138	150
2539	1	13			150	150
2540	166	215			150	150
2541	3	4			150	150
2542	3	4			150	150
2543	4	4			150	150
2544	1	2			150	150
2545	273	17			145	147
2546	40	61			150	147
2547	40	30			150	150
2548	3	67			146	147
2549	0	0			150	150
2550	26	6			150	150
2551	4	0			150	150
2552	4	0			150	150
2553	0	0			150	150
2554	32	34			150	150
2555	31	43			150	150
2556	70	87			150	150
2557	52	69			150	150
2558	27	43			150	150
2559	48	128			129	150
2560	52	78			150	150
2561	52	1			150	150
2562	1047	1306			150	150
2563	57	1304			144	150
2564	1047	1318			150	150
2565	853	991			131	150
2566	9	610			125	122
2567	71	165			150	150
2568	0	9			150	150
2569	101	89			150	150
2570	51	1			150	150
2571	51	90			150	150
2572	0	0			109	143
2573	0	0			150	150
2574	1	0			150	150
2575	2	0			150	150
2576	5	5			126	148
2577	13	4			126	148
2578	13	1			126	148
2579	4	1			148	148
2580	3	2			148	148
2581	8	309			149	150
2582	108	149			128	150
2583	113	161			150	150
2584	50	13			150	104
2585	26	26			150	150
2586	70	71			123	150
2587	186	296			150	150
2588	192	244			150	150
2589	3	4			150	150
2590	120	2			150	150
2591	30	40			150	150
2592	98	263			120	117
2593	116	77			150	150
2594	70	54			146	131
2595	16	13			150	150
2596	0	0			150	150
2597	0	0			150	150
2598	3	5			150	150
2599	222	171			150	123
2600	177	136			150	123
2601	177	118			150	118
2602	2	11			150	127
2603	0	86			150	150
2604	5	10			150	150
2605	5	13			150	150
2606	0	0			140	150
2607	0	0			123	140
2608	0	0			150	150
2609	30	52			150	150
2610	0	0			123	150
2611	15	14			150	150
2612	23	26			150	150
2613	136	141			150	150
2614	341	422			150	138
2615	333	389			150	150
2616	257	288			145	136
2617	0	91			147	150
2618	982	2706			134	150
2619	21	6			150	150
2620	14	6			150	150
2621	19	10			150	150
2622	10	10			130	150
2623	246	10			150	150
2624	246	19			150	150
2625	246	10			150	130
2626	103	2			150	103
2627	0	43			150	150
2628	8	17			150	150
2629	0	12			142	116
2630	0	0			150	150
2631	6	45			110	150
2632	14	19			150	122
2633	0	0			150	148
2634	99	107			150	150
2635	87	97			150	150
2636	221	289			150	144
2637	23	68			150	150
2638	81	66			150	150
2639	41	0			150	150
2640	397	123			150	137
2641	6	0			150	150
2642	13	124			150	150
2643	31	19			126	150
2644	1	3			150	150
2645	28	21			150	150
2646	13	23			150	139
2647	23	45			150	150
2648	18	34			150	150
2649	0	1			96	102
2650	0	0			96	96
2651	203	304			150	150
2652	435	135			150	150
2653	311	7			87	87
2654	57	42			150	150
2655	0	0			150	150
2656	0	1			150	150
2657	0	0			132	150
2658	0	0			150	150
2659	1	6			150	121
2660	26	32			150	150
2661	0	0			109	150
2662	0	6			150	150
2663	0	6			150	150
2664	0	6			150	150
2665	1	6			150	150
2666	0	0			150	150
2667	0	0			150	150
2668	1	0			150	150
2669	0	0			150	150
2670	1	0			150	150
2671	1	0			150	150
2672	7	40			134	143
2673	0	0			123	150
2674	85	132			136	150
2675	0	0			90	150
2676	0	0			129	129
2677	9	87			150	150
2678	0	0			78	78
2679	0	0			78	78
2680	0	0			78	78
2681	0	1			150	150
2682	0	4			150	150
2683	6	0			150	150
2684	17	33			100	141
2685	59	58			150	150
2686	13	69			85	150
2687	15	14			150	150
2688	0	0			96	150
2689	0	0			150	147
2690	30	9			150	150
2691	0	8			150	147
2692	5	9			141	135
2693	26	26			128	146
2694	1	0			150	150
2695	36	0			150	108
2696	0	2			150	150
2697	0	1			150	150
2698	2	0			150	150
2699	24	0			150	110
2700	1	3			150	150
2701	5	5			150	150
2702	150	188			150	150
2703	284	620			111	150
2704	611	199			150	105
2705	352	199			117	105
2706	288	1167			129	120
2707	4	19			150	148
2708	96	132			150	150
2709	244	175			150	150
2710	8	16			150	150
2711	93	85			150	150
2712	30	25			150	150
2713	15	18			101	130
2714	25	48			150	150
2715	3	48			150	150
2716	54	66			150	150
2717	75	1			150	150
2718	0	172			119	150
2719	0	0			150	150
2720	8	6			150	150
2721	0	1			123	150
2722	0	0			150	150
2723	6	0			150	132
2724	0	0			138	150
2725	1	2			150	150
2726	15	267			101	150
2727	0	0			150	150
2728	0	0			150	150
2729	0	0			150	150
2730	0	0			148	150
2731	0	0			150	150
2732	0	0			138	140
2733	0	0			150	150
2734	0	0			128	150
2735	0	0			150	150
2736	27	22			150	117
2737	28	9			150	98
2738	37	32			150	98
2739	24	22			150	150
2740	88	93			150	150
2741	88	4			150	150
2742	91	107			150	150
2743	18	14			147	141
2744	365	328			150	150
2745	12	32			150	150
2746	27	5			150	129
2747	1	0			96	96
2748	15	16			150	150
2749	1	47			150	128
2750	412	817			150	150
2751	66	41			149	150
2752	37	34			146	149
2753	23	63			123	146
2754	23	22			141	123
2755	0	9			129	149
2756	0	2			150	139
2757	2	5			150	150
2758	79	83			150	150
2759	42	39			150	150
2760	0	0			147	141
2761	3	0			150	150
2762	15	1			150	150
2763	54	6			150	150
2764	52	40			150	150
2765	0	2			150	130
2766	11	9			150	109
2767	18	23			150	150
2768	0	0			150	150
2769	0	0			150	150
2770	2	320			150	150
2771	3	2			110	150
2772	0	0			150	150
2773	63	88			150	150
2774	1	4			150	114
2775	0	0			102	132
2776	7	15			150	150
2777	0	0			150	150
2778	1	28			131	150
2779	17	4			150	150
2780	33	54			150	150
2781	2	20			150	150
2782	17	54			106	150
2783	21	75			150	150
2784	6	2			150	150
2785	26	0			150	116
2786	33	0			132	116
2787	2	24			150	150
2788	5	13			120	144
2789	22	152			150	144
2790	0	39			81	150
2791	56	38			150	150
2792	6	46			150	132
2793	16	25			135	135
2794	25	43			150	135
2795	7	43			132	150
2796	24	10			150	147
2797	0	0			145	150
2798	43	52			150	150
2799	63	39			150	150
2800	0	2			150	150
2801	2	20			150	150
2802	6	4			116	150
2803	45	0			87	150
2804	0	0			150	103
2805	0	0			150	150
2806	0	0			150	150
2807	66	72			150	150
2808	117	151			150	150
2809	1	2			150	150
2810	0	2			150	128
2811	6	5			150	150
2812	0	1			150	148
2813	6	11			150	150
2814	6	7			150	112
2815	2	0			150	150
2816	63	1			145	150
2817	0	0			105	147
