ID	IJC_SAMPLE_1	SJC_SAMPLE_1	IJC_SAMPLE_2	SJC_SAMPLE_2	IncFormLen	SkipFormLen
0	0	0			247	137
1	0	0			367	137
2	0	0			367	247
3	0	0			168	98
4	0	0			168	98
5	0	0			138	255
6	0	0			138	255
7	0	0			153	255
8	0	0			153	138
9	0	0			153	138
10	0	0			247	137
11	0	0			367	137
12	0	0			367	247
13	0	0			138	255
14	0	0			138	255
15	0	0			153	255
16	0	0			153	138
17	0	0			153	138
18	0	0			123	165
19	0	0			247	137
20	0	0			367	137
21	0	0			367	247
22	0	0			138	255
23	0	0			138	255
24	0	0			153	255
25	0	0			153	138
26	0	0			153	138
27	0	0			174	214
28	0	0			224	108
29	0	0			192	111
30	0	0			123	165
31	0	0			247	137
32	0	0			367	137
33	0	0			367	247
34	0	0			138	255
35	0	0			138	255
36	0	0			153	255
37	0	0			153	138
38	0	0			153	138
39	0	0			123	165
40	0	0			247	137
41	0	0			367	137
42	0	0			367	247
43	0	0			168	98
44	0	0			168	98
45	0	0			192	111
46	0	0			179	259
47	0	0			259	333
48	0	0			193	192
49	0	0			147	141
50	0	0			218	103
51	0	0			360	151
52	0	0			193	192
53	0	0			111	153
54	0	0			218	103
55	0	0			360	151
56	0	0			147	141
57	0	0			218	103
58	0	0			360	151
59	0	0			193	192
60	0	0			147	141
61	0	0			111	153
62	0	0			193	192
63	0	0			147	141
64	0	0			372	372
65	0	0			218	103
66	0	0			360	151
67	0	0			84	102
68	0	0			148	226
69	0	0			165	238
70	0	0			231	174
71	0	0			141	312
72	0	0			138	297
73	0	0			1374	252
74	0	0			99	126
75	0	0			99	102
76	0	0			102	126
77	0	0			102	129
78	0	0			170	186
79	0	0			206	217
80	0	0			230	203
81	0	0			403	121
82	0	0			182	177
83	0	0			284	177
84	0	0			172	246
85	0	0			172	153
86	0	0			232	211
87	0	0			232	170
88	0	0			190	183
89	0	0			166	291
90	0	0			160	108
91	0	0			126	179
92	0	0			218	103
93	0	0			360	151
94	0	0			173	173
95	0	0			372	372
96	0	0			210	165
97	0	0			123	165
98	0	0			106	170
99	0	0			420	238
100	115	137			136	153
101	191	98			178	136
102	71	332			138	297
103	18	27			170	186
104	203	323			228	190
105	0	0			193	192
106	0	0			192	111
107	0	0			231	231
108	4	7			194	457
109	0	557			115	205
110	3	0			111	105
111	0	0			217	183
112	0	0			193	114
113	2	6			213	123
114	0	7			184	222
115	38	62			206	217
116	50	0			175	121
117	29	2			175	121
118	137	2			1266	192
119	108	171			226	252
120	8	0			93	90
121	18	21			210	231
122	8	22			144	111
123	0	0			93	93
124	0	0			206	126
125	0	0			206	235
126	0	0			126	235
127	18	9			169	159
128	109	121			167	168
129	271	11			153	210
130	0	0			175	160
131	24	45			123	140
132	58	40			211	172
133	1	2			420	238
134	138	166			181	172
135	212	23			414	104
136	214	23			329	104
137	79	35			252	146
138	0	140			188	185
139	45	309			262	738
140	7	14			163	207
141	0	3			136	168
142	0	1			182	221
143	175	136			255	210
144	3	8			167	212
145	14	47			142	227
146	179	14			2424	234
147	11	21			167	195
148	5	31			263	215
149	27	1			215	169
150	41	0			115	118
151	366	482			370	303
152	428	345			241	191
153	103	84			199	189
154	70	39			154	146
155	34	0			223	434
156	27	0			223	113
157	34	1			223	113
158	13	0			282	254
159	3	5			166	143
160	11	96			146	229
161	45	37			327	207
162	650	592			111	121
163	59	74			102	111
164	5	10			146	153
165	1	0			153	119
166	1	7			153	130
167	15	0			153	119
168	0	7			119	130
169	0	10			154	255
170	9	14			255	130
171	7	161			121	204
172	1	169			121	204
173	18	169			175	204
174	34	169			180	204
175	18	1			175	121
176	34	1			180	121
177	25	79			147	144
178	0	20			175	215
179	0	0			185	133
180	22	9			129	148
181	13	58			241	194
182	15	2			1030	221
183	3	2			197	221
184	36	22			254	254
185	88	125			213	206
186	33	110			199	233
187	132	75			243	143
188	349	553			172	145
189	0	3			141	175
190	5	16			219	184
191	1305	312			243	132
192	30	52			191	294
193	52	154			289	243
194	96	154			211	243
195	4	16			300	144
196	0	0			117	243
197	47	42			142	159
198	463	682			139	152
199	0	1			222	207
200	4	0			645	198
201	0	3			123	182
202	9	51			193	225
203	2662	4151			255	318
204	4	231			155	164
205	4	29			232	266
206	2	1			357	155
207	278	221			141	129
208	203	77			148	230
209	51	161			218	204
210	186	149			220	197
211	123	170			200	220
212	75	155			217	200
213	136	139			201	217
214	0	16			151	192
215	1192	163			340	124
216	83	142			148	123
217	382	143			148	123
218	7	0			141	139
219	0	0			163	118
220	0	0			183	168
221	0	0			150	222
222	1	0			319	319
223	46	217			359	1122
224	9	5			192	122
225	12	1			193	193
226	8	2			106	226
227	2	2			97	97
228	21	0			111	153
229	0	0			218	103
230	0	0			360	151
231	31	305			218	832
232	12	9			247	177
233	40	67			214	254
234	103	55			257	228
235	0	2			249	373
236	1	0			136	229
237	2	0			147	229
238	37	44			133	243
239	80	52			207	143
240	77	26			451	197
241	0	0			148	198
242	381	478			163	162
243	66	301			138	230
244	826	19			161	161
245	1036	13			156	141
246	3	9			268	366
247	4	9			314	366
248	3	10			240	240
249	33	29			164	136
250	42	0			213	120
251	43	293			260	454
252	3635	1063			192	108
253	3	40			197	159
254	0	2			200	195
255	0	2			200	250
256	3	4			124	121
257	6	10			153	157
258	1333	1399			192	207
259	821	997			168	117
260	0	0			122	119
261	41	86			185	255
262	76	123			141	176
263	27	113			237	269
264	170	160			202	195
265	0	0			171	118
266	81	2			328	174
267	57	0			85	85
268	0	131			103	250
269	2	2			173	206
270	328	309			244	150
271	0	0			143	143
272	0	0			103	143
273	21	55			183	273
274	30	27			299	249
275	26	611			163	393
276	5	611			131	393
277	5	26			131	163
278	1	0			172	172
279	101	4			138	193
280	334	608			165	204
281	670	1			192	265
282	9	20			164	202
283	4	2			230	202
284	1	40			157	131
285	0	0			157	265
286	1	0			269	265
287	1	0			269	157
288	10	8			162	230
289	17	3			206	187
290	5	3			202	187
291	5	0			133	102
292	116	117			311	299
293	116	132			311	302
294	0	2			248	173
295	92	139			238	242
296	435	569			238	276
297	110	304			192	306
298	0	0			163	132
299	40	46			158	158
300	95	100			144	243
301	0	0			166	291
302	0	0			190	183
303	0	0			232	170
304	0	0			232	211
305	62	20			397	200
306	0	0			202	226
307	0	0			166	226
308	0	0			125	143
309	0	0			202	204
310	0	0			223	202
311	0	0			166	202
312	1	0			207	202
313	2	12			373	300
314	0	0			167	136
315	0	4			116	199
316	0	0			123	232
317	0	0			204	213
318	27	29			199	141
319	84	2			153	270
320	2	1			194	190
321	0	1			216	190
322	6	1			241	190
323	4	1			199	190
324	5	2			241	211
325	0	2			216	194
326	6	2			241	194
327	4	2			199	194
328	6	0			241	216
329	4	0			199	216
330	4	6			199	241
331	4	5			199	241
332	170	294			189	238
333	99	88			176	178
334	40	65			145	172
335	62	63			172	217
336	11	27			185	159
337	5	1			150	198
338	3	2			150	174
339	0	0			158	189
340	0	0			202	121
341	51	48			162	143
342	38	127			117	205
343	16	21			148	114
344	23	21			160	108
345	21	57			108	180
346	36	83			122	161
347	56	128			117	149
348	0	20			131	125
349	112	4			185	173
350	63	4			160	173
351	2	2			174	165
352	6	38			149	180
353	179	217			160	183
354	40	51			166	180
355	4	5			148	154
356	0	0			174	214
357	41	177			139	169
358	28	13			214	179
359	24	23			168	144
360	10	7			165	155
361	2692	1863			241	172
362	0	2			168	193
363	140	147			174	198
364	33	74			138	158
365	1	0			120	120
366	0	0			133	150
367	11	0			183	114
368	205	219			224	165
369	17	7			223	158
370	80	7			268	134
371	11	6			127	126
372	7	8			184	252
373	8	42			129	204
374	643	581			303	255
375	4	3			268	123
376	20	2			150	215
377	4	4			201	170
378	1	0			129	153
379	246	153			188	144
380	56	44			195	196
381	50	43			204	196
382	0	355			100	100
383	41	148			119	180
384	57	0			127	119
385	12	1			230	95
386	0	1			174	96
387	37	112			124	225
388	0	0			135	177
389	24	17			167	155
390	2	1			198	187
391	51	76			147	140
392	10	76			162	140
393	23	76			214	140
394	51	153			147	229
395	10	153			162	229
396	23	153			214	229
397	98	79			174	158
398	150	118			167	141
399	0	0			166	295
400	28	51			155	224
401	46	13			224	187
402	6	0			176	142
403	17	3			250	176
404	51	60			136	166
405	10	0			199	138
406	10	1			199	147
407	0	1			138	147
408	14	50			123	227
409	0	0			167	167
410	69	42			243	177
411	36	42			219	177
412	81	54			250	229
413	11	77			151	206
414	61	119			151	196
415	68	53			165	167
416	6	341			117	271
417	489	519			171	171
418	0	0			450	651
419	3	3			176	133
420	0	0			108	135
421	26	102			177	192
422	93	102			184	192
423	14	119			172	209
424	6	6			337	200
425	6	4			337	196
426	26	65			302	148
427	6	7			202	159
428	35	64			171	198
429	108	2			140	178
430	370	585			114	246
431	410	386			135	102
432	206	129			181	181
433	20	9			189	249
434	9	1			179	249
435	9	1			182	249
436	20	19			189	189
437	9	11			179	189
438	9	11			182	189
439	99	42			284	192
440	6	9			135	152
441	0	0			430	150
442	2	0			163	366
443	2	0			197	104
444	7	4			272	188
445	20	0			182	151
446	314	202			241	169
447	0	2			197	273
448	105	27			211	157
449	100	22			211	157
450	42	33			198	191
451	5	34			95	156
452	324	209			177	177
453	19	24			220	221
454	19	24			201	221
455	0	4			84	84
456	73	118			185	231
457	72	54			211	168
458	20	9			328	200
459	71	68			231	220
460	16	166			102	201
461	71	88			175	176
462	326	435			224	235
463	4	34			128	243
464	17	11			187	128
465	58	105			200	199
466	167	163			234	171
467	2	109			156	135
468	17	35			150	129
469	1	30			147	147
470	20	45			214	278
471	14	45			212	278
472	14	20			212	214
473	24	0			286	133
474	0	0			244	174
475	0	1			189	228
476	52	42			284	146
477	414	494			195	280
478	669	76			215	159
479	0	1			226	197
480	18	26			197	207
481	6	130			166	166
482	1	0			168	168
483	59	0			363	168
484	59	1			363	168
485	700	11			127	229
486	56	4			207	161
487	22	1			197	200
488	127	119			147	155
489	113	120			172	155
490	1	3			260	258
491	4	3			207	161
492	15	53			162	255
493	939	7			147	245
494	5	1			321	84
495	14	1			516	84
496	9	10			205	462
497	24	22			173	340
498	20	24			200	166
499	19	19			210	207
500	0	4			191	195
501	1	68			146	440
502	1	6			145	220
503	1	5			145	671
504	56	13			241	134
505	36	13			272	134
506	1	80			200	227
507	79	87			130	127
508	12	42			160	255
509	120	126			205	172
510	1	0			185	189
511	127	22			293	133
512	592	754			196	249
513	163	330			175	289
514	0	0			179	119
515	0	0			79	82
516	17	1			214	214
517	16	74			220	368
518	20	4			704	197
519	0	4			253	197
520	0	63			108	144
521	0	9			108	102
522	0	0			78	255
523	38	561			186	205
524	38	342			186	233
525	30	51			111	161
526	36	9			162	198
527	17	31			154	213
528	7	0			113	137
529	567	541			225	195
530	107	456			118	238
531	446	277			238	153
532	57	98			250	239
533	70	57			175	188
534	1196	501			267	150
535	37	36			206	166
536	2	1			216	192
537	320	289			232	219
538	294	161			265	182
539	350	14			265	156
540	0	0			158	125
541	234	793			148	259
542	11	12			249	246
543	10	0			246	81
544	5	0			138	236
545	0	1			159	168
546	0	0			159	162
547	1	0			168	162
548	44	103			174	290
549	44	164			174	264
550	0	0			192	196
551	0	0			354	354
552	116	111			214	205
553	64	82			198	203
554	329	545			201	201
555	448	622			151	151
556	24	751			151	138
557	56	1			149	137
558	92	104			161	164
559	0	0			98	98
560	0	0			81	81
561	23	5			128	132
562	28	51			139	256
563	0	0			168	105
564	0	0			117	105
565	0	7			196	193
566	0	0			171	171
567	3	4			198	292
568	8	1			163	215
569	33	172			147	144
570	10	30			147	261
571	21	25			233	192
572	246	68			203	137
573	25	39			133	147
574	58	83			147	207
575	228	431			178	205
576	1	37			236	197
577	29	46			114	149
578	221	643			135	433
579	0	0			147	141
580	0	1			207	161
581	178	67			218	142
582	0	3			157	146
583	45	89			132	166
584	18	0			84	84
585	23	32			190	251
586	127	315			204	750
587	465	655			120	120
588	4	0			196	151
589	10	0			692	190
590	5	0			196	163
591	58	30			144	108
592	89	87			178	159
593	0	1			225	141
594	0	1			260	455
595	55	1191			267	179
596	101	44			192	130
597	103	104			192	185
598	103	163			192	243
599	13	13			240	181
600	13	25			240	115
601	15	4			176	198
602	49	121			192	267
603	1	0			171	231
604	654	980			180	219
605	3	1			126	270
606	0	0			221	170
607	18	15			208	120
608	1	1			153	135
609	0	0			96	96
610	27	31			190	116
611	0	0			160	173
612	0	2			129	137
613	8	4			219	204
614	168	0			100	100
615	27	28			279	234
616	0	0			318	421
617	0	0			318	318
618	58	13			222	114
619	25	55			156	201
620	0	0			172	125
621	0	0			193	192
622	17	15			180	147
623	2	2			200	142
624	1	0			142	194
625	0	0			142	111
626	0	0			182	179
627	10	20			133	168
628	38	0			168	114
629	216	156			253	183
630	17	34			137	183
631	2	1			252	180
632	47	68			230	203
633	0	0			168	246
634	116	318			162	165
635	1	0			174	200
636	2	7			226	148
637	0	1			165	153
638	7	42			103	183
639	11	9			186	216
640	0	102			76	211
641	1	2			138	195
642	0	4			186	194
643	29	116			143	250
644	12	0			163	138
645	42	0			243	138
646	42	12			243	163
647	0	0			110	127
648	0	2			126	180
649	242	140			245	162
650	26	15			186	131
651	1103	1353			265	240
652	7	0			125	195
653	2	1			530	142
654	13	85			251	242
655	24	9			245	189
656	107	46			188	134
657	12	69			160	258
658	11	31			196	300
659	0	0			143	284
660	0	1			141	255
661	89	76			135	135
662	149	134			245	200
663	198	180			294	245
664	1	2			123	99
665	0	30			211	214
666	0	0			198	131
667	0	0			193	192
668	37	228			142	246
669	29	51			155	179
670	0	43			191	732
671	3	135			166	178
672	8	265			166	178
673	282	702			224	304
674	34	56			126	170
675	67	76			210	234
676	72	76			225	234
677	72	89			225	210
678	9	14			182	148
679	16	14			594	412
680	21	397			156	165
681	7	11			290	256
682	7	11			290	255
683	92	67			211	166
684	0	0			120	208
685	1	0			147	354
686	0	0			168	202
687	0	0			135	237
688	2	5			211	151
689	0	0			169	126
690	1	7			126	185
691	1	4			126	185
692	65	64			200	201
693	3	51			121	144
694	230	241			227	189
695	27	15			243	110
696	214	13			605	123
697	0	0			262	317
698	113	3			227	215
699	345	214			275	166
700	5955	13040			222	261
701	18	11			176	138
702	77	46			228	138
703	0	6			114	170
704	2	45			213	234
705	2	55			168	248
706	5	107			151	146
707	57	1			255	168
708	49	1			291	168
709	4	58			143	185
710	4	83			269	142
711	71	99			225	324
712	45	99			180	324
713	45	119			180	324
714	0	0			81	81
715	100	38			177	146
716	146	123			177	210
717	1	123			127	210
718	30	27			195	179
719	28	0			178	183
720	8	0			197	183
721	8	28			197	178
722	7	177			134	168
723	3	0			233	102
724	0	0			111	114
725	0	6			134	118
726	10	207			270	314
727	3	3			197	159
728	10	3			316	197
729	2	10			239	316
730	1	0			87	84
731	5	0			255	147
732	5	0			255	150
733	1	0			183	150
734	11	26			173	193
735	2	0			142	106
736	103	88			241	213
737	96	56			257	197
738	94	0			83	83
739	0	0			200	196
740	0	0			84	84
741	65	120			243	252
742	35	0			92	92
743	0	6			99	99
744	1	1			208	211
745	3	0			206	144
746	3	0			206	167
747	0	0			144	167
748	103	140			214	286
749	1	10			262	299
750	1	6			262	133
751	1	0			262	236
752	10	0			299	236
753	6	0			133	236
754	23	1			278	195
755	19	1			274	191
756	106	224			132	216
757	371	123			216	219
758	38	23			158	180
759	3	0			178	109
760	215	152			177	132
761	89	152			203	132
762	1	9			127	516
763	12	14			241	199
764	11	14			230	199
765	2	14			173	199
766	0	0			186	358
767	0	0			186	186
768	20	32			274	197
769	751	3			185	197
770	430	636			211	243
771	146	108			183	141
772	12	8			158	238
773	280	303			227	198
774	69	13			125	136
775	165	1			286	128
776	65	25			207	195
777	39	10			185	249
778	123	21			147	185
779	5	0			279	132
780	2	0			173	132
781	2	5			173	279
782	212	170			255	175
783	8	58			112	225
784	1314	24			178	173
785	1372	2			107	113
786	4	15			198	279
787	4	27			207	290
788	108	978			164	248
789	0	0			255	206
790	19	34			191	158
791	19	24			191	124
792	19	58			191	177
793	12	108			158	262
794	12	27			158	110
795	0	1			138	149
796	184	0			185	150
797	118	0			214	150
798	90	72			222	173
799	2	0			183	159
800	0	2			217	230
801	6	0			204	114
802	71	75			252	243
803	0	1			114	200
804	24	25			122	147
805	34	102			162	238
806	33	33			153	108
807	35	23			216	143
808	286	8			253	179
809	3	0			222	113
810	127	156			174	173
811	0	0			97	99
812	11	0			171	158
813	1	1			120	120
814	0	0			135	195
815	17	15			192	174
816	16	55			174	227
817	0	0			164	279
818	27	3			160	108
819	2427	5131			195	1472
820	2430	1155			195	171
821	2485	795			195	171
822	66	248			113	254
823	54	73			173	168
824	348	424			173	183
825	0	0			87	87
826	1	2			102	229
827	93	78			245	185
828	44	86			195	206
829	93	181			136	171
830	0	0			297	195
831	31	82			124	153
832	2	1			99	100
833	0	0			231	150
834	158	164			294	267
835	104	164			262	267
836	160	140			267	226
837	41	10			177	209
838	1	2			153	169
839	7	2			250	169
840	25	87			114	195
841	74	83			387	366
842	102	43			366	207
843	0	0			90	90
844	0	1			90	78
845	0	0			117	78
846	29	21			211	163
847	0	428			113	142
848	115	428			142	142
849	115	0			142	113
850	483	985			171	251
851	692	681			171	151
852	299	155			189	130
853	0	0			167	167
854	2	2			192	381
855	7	11			148	198
856	6	11			223	198
857	1	9			148	198
858	35	69			201	270
859	32	91			111	123
860	634	461			216	155
861	1	8			109	141
862	1	188			147	247
863	3	188			206	247
864	6	0			175	121
865	18	0			136	128
866	7	31			170	244
867	3	7			157	138
868	4	13			219	198
869	68	87			282	168
870	1	0			234	195
871	0	2			209	174
872	0	0			209	174
873	1	2			273	174
874	1	0			273	174
875	0	0			87	90
876	36	2			128	199
877	1622	8703			103	263
878	4560	8703			170	263
879	24	3			293	169
880	12	25			247	255
881	11	44			113	164
882	4	1			200	133
883	36	43			164	245
884	161	38			216	169
885	4	0			213	225
886	0	1			190	190
887	15	4			192	105
888	0	21			87	87
889	27	95			129	189
890	8	1			399	224
891	5	1			245	205
892	5	2			245	314
893	1	2			205	314
894	851	547			213	192
895	83	108			163	192
896	94	109			162	163
897	151	74			236	215
898	0	245			80	179
899	131	0			178	80
900	0	0			154	124
901	2	0			178	106
902	0	0			184	282
903	0	0			332	306
904	1011	1025			213	192
905	7	69			102	120
906	55	63			132	155
907	7	4			189	216
908	172	244			201	207
909	239	189			227	201
910	0	0			162	152
911	0	3			207	300
912	0	5			200	300
913	278	144			299	185
914	148	283			185	366
915	14	4			141	149
916	14	5			141	152
917	3	2			173	262
918	2	3			245	231
919	7	6			114	102
920	1	6			126	102
921	8	2			160	102
922	52	2			244	102
923	114	212			266	152
924	341	72			219	203
925	25	20			145	174
926	268	560			138	213
927	1	0			180	167
928	1	1			180	131
929	0	1			167	131
930	1	153			98	239
931	2	1			217	252
932	77	2			164	235
933	195	226			201	198
934	36	37			198	165
935	0	87			188	171
936	0	1			117	161
937	1	146			165	189
938	0	0			162	207
939	0	0			199	168
940	0	0			198	180
941	32	23			222	228
942	0	0			127	129
943	0	0			216	269
944	11	35			194	223
945	22	8			474	474
946	18	10			474	474
947	1310	5431			221	295
948	15	32			141	239
949	0	0			110	198
950	0	0			110	229
951	0	0			215	146
952	6	89			124	128
953	23	24			243	229
954	115	2			242	184
955	20	46			138	234
956	0	47			151	136
957	30	62			195	251
958	0	1			98	95
959	119	125			275	279
960	4	90			130	201
961	14	38			233	179
962	1	64			106	155
963	363	108			264	145
964	355	370			274	264
965	1	303			79	247
966	38	130			170	334
967	12	41			98	176
968	30	53			185	254
969	55	36			253	176
970	33	2			250	203
971	23	87			250	328
972	7	5			258	160
973	4	1			132	132
974	344	409			156	159
975	3	0			93	93
976	0	0			96	90
977	0	3			96	90
978	1	0			87	99
979	2	8			116	116
980	0	0			345	360
981	31	76			146	164
982	73	67			166	163
983	65	0			98	101
984	143	165			168	177
985	1507	2010			193	249
986	62	52			301	162
987	190	156			274	209
988	9	267			283	274
989	21	62			180	222
990	0	12			173	173
991	0	5			282	211
992	8	114			108	108
993	9	35			204	204
994	8	24			138	179
995	61	65			266	278
996	50	7			223	220
997	148	155			268	243
998	1788	2039			261	315
999	294	364			241	239
1000	0	144			167	235
1001	1	0			250	220
1002	7	104			136	193
1003	1	0			181	171
1004	1	0			181	136
1005	0	0			171	136
1006	4	3			146	183
1007	2	50			117	204
1008	7	2078			124	208
1009	1	2078			118	208
1010	1991	2511			208	215
1011	2	138			158	473
1012	65	62			273	262
1013	9	55			207	122
1014	183	713			114	216
1015	8	8			360	135
1016	11	8			849	135
1017	0	2			141	177
1018	27	4			159	177
1019	2	0			138	204
1020	7	2			150	138
1021	18	58			185	334
1022	159	0			87	87
1023	0	0			165	155
1024	68	5			220	220
1025	23	36			164	202
1026	32	3			443	98
1027	32	20			443	279
1028	1	62			115	216
1029	680	834			146	135
1030	6032	22154			153	441
1031	0	4			249	162
1032	22	113			130	270
1033	22	32			130	121
1034	90	82			270	179
1035	3	5			204	264
1036	33	87			107	134
1037	76	54			268	204
1038	0	88			173	236
1039	11	0			81	81
1040	25	11			225	243
1041	101	155			232	240
1042	21	17			120	108
1043	21	99			120	269
1044	21	69			120	217
1045	0	2			281	172
1046	0	1			281	187
1047	0	0			281	237
1048	1	0			213	281
1049	0	3			81	146
1050	0	2			84	84
1051	0	0			123	219
1052	3	1			203	162
1053	0	0			173	172
1054	0	1			205	131
1055	25	155			143	119
1056	79	155			212	119
1057	2	1			220	190
1058	0	0			138	169
1059	83	244			127	209
1060	113	77			169	137
1061	0	0			211	163
1062	72	64			150	110
1063	39	127			110	176
1064	0	0			251	190
1065	3	6			108	180
1066	0	6			254	174
1067	5	1			204	156
1068	54	171			137	194
1069	107	53			187	110
1070	0	4			194	162
1071	1	11			174	279
1072	1	0			174	127
1073	11	0			279	127
1074	0	0			96	90
1075	2	25			157	210
1076	4	25			157	210
1077	6	26			157	210
1078	12	26			194	210
1079	0	4			254	157
1080	0	13			254	157
1081	11	15			194	157
1082	1	9			137	157
1083	15	2			194	254
1084	17	0			209	95
1085	17	0			209	137
1086	0	0			95	137
1087	1	3			147	141
1088	1	3			152	141
1089	1	1			152	147
1090	0	0			108	245
1091	125	196			147	259
1092	13	6			148	167
1093	5	6			188	244
1094	5	10			188	319
1095	2	5			188	244
1096	3	6			162	244
1097	3	10			162	319
1098	5	11			174	147
1099	0	0			81	81
1100	0	0			172	172
1101	1	98			81	144
1102	3	98			81	144
1103	3	1			81	81
1104	0	15			177	180
1105	0	0			241	183
1106	295	318			171	148
1107	119	24			150	135
1108	2	0			175	154
1109	307	215			195	187
1110	242	211			187	187
1111	4	15			148	172
1112	0	0			166	137
1113	0	0			153	343
1114	1	0			132	176
1115	20	25			148	165
1116	20	16			148	161
1117	121	30			138	97
1118	112	140			138	204
1119	41	152			263	204
1120	86	142			204	192
1121	42	140			167	252
1122	0	0			195	161
1123	0	0			161	211
1124	108	232			183	216
1125	5	0			218	177
1126	654	533			168	165
1127	17	59			209	229
1128	99	0			262	213
1129	12	72			351	348
1130	0	0			211	172
1131	47	24			190	174
1132	53	35			364	153
1133	3	1			173	199
1134	264	175			167	131
1135	1	2			160	206
1136	305	442			187	217
1137	0	0			197	197
1138	145	40			249	162
1139	152	40			252	162
1140	65	0			90	93
1141	13	1			147	202
1142	78	123			181	226
1143	2	0			218	103
1144	11	0			360	151
1145	0	0			120	160
1146	0	0			168	160
1147	0	0			168	120
1148	0	0			160	120
1149	0	0			202	189
1150	1	130			165	1290
1151	2	0			111	114
1152	288	185			230	179
1153	0	3			292	215
1154	0	3			159	215
1155	10	0			163	220
1156	0	9			121	135
1157	1	117			119	112
1158	0	385			102	263
1159	0	0			90	87
1160	14	50			146	276
1161	221	44			372	372
1162	4306	10609			133	225
1163	7	0			96	96
1164	0	0			280	196
1165	146	196			357	276
1166	15	34			114	144
1167	0	0			147	141
1168	2	6			230	214
1169	1055	115			151	151
1170	0	2			214	169
1171	21	2			438	208
1172	20	89			136	245
1173	48	55			126	123
1174	48	54			126	186
1175	31	49			129	135
1176	11	55			129	135
1177	20	55			111	135
1178	18	17			129	262
1179	25	17			111	262
1180	39	9			129	231
1181	20	11			111	129
1182	80	7			126	129
1183	25	18			111	129
1184	61	13			126	129
1185	98	53			218	152
1186	0	0			193	199
1187	288	182			263	198
1188	0	1			110	93
1189	0	0			267	270
1190	0	0			270	190
1191	0	0			270	187
1192	2	0			211	182
1193	3	5			296	173
1194	2	5			183	173
1195	39	33			251	190
1196	0	14			205	114
1197	35	19			206	126
1198	1	1			160	132
1199	1	2			160	226
1200	1	2			132	226
1201	0	1			201	184
1202	137	273			172	246
1203	220	0			172	153
1204	0	66			248	308
1205	692	1359			147	175
1206	692	52			147	118
1207	567	843			169	152
1208	145	8			241	169
1209	104	132			168	206
1210	12	111			286	135
1211	0	0			140	234
1212	4	5			142	161
1213	6	0			90	105
1214	77	97			231	179
1215	62	62			160	176
1216	510	200			269	269
1217	155	436			111	181
1218	144	145			156	111
1219	0	1			256	242
1220	6	6			151	136
1221	191	70			406	181
1222	207	71			406	181
1223	172	70			380	181
1224	28	56			120	140
1225	115	155			181	212
1226	54	115			197	181
1227	0	2			158	268
1228	0	2			153	268
1229	4	2			258	268
1230	1	2			181	268
1231	0	0			153	158
1232	4	0			258	158
1233	1	0			181	158
1234	4	0			258	153
1235	1	0			181	153
1236	0	41			121	162
1237	1	0			121	133
1238	1	0			177	133
1239	1	1			177	121
1240	4	2			141	163
1241	5	120			195	270
1242	381	417			226	221
1243	430	2187			108	203
1244	0	0			217	208
1245	6	67			160	254
1246	0	0			153	298
1247	1	4			170	205
1248	16	20			205	193
1249	8	3			193	154
1250	11	33			153	267
1251	2	26			102	177
1252	3	3			246	220
1253	137	125			205	161
1254	22	38			149	159
1255	30	15			183	125
1256	2	5			164	100
1257	49	41			226	185
1258	0	0			209	114
1259	57	90			219	302
1260	1	0			222	98
1261	2	6			213	219
1262	0	4			159	342
1263	0	1			159	264
1264	0	0			186	196
1265	1	8			155	213
1266	18	16			251	269
1267	0	0			151	175
1268	0	0			84	96
1269	0	0			144	93
1270	0	1			102	117
1271	1	0			133	117
1272	1	0			168	109
1273	0	0			231	109
1274	30	0			708	168
1275	34	27			144	132
1276	0	0			135	168
1277	227	309			159	171
1278	46	37			265	192
1279	2	0			221	106
1280	79	18			120	117
1281	0	0			195	171
1282	0	0			176	171
1283	267	301			268	254
1284	3	13			111	194
1285	116	2			187	111
1286	78	0			187	111
1287	91	125			239	326
1288	91	73			239	176
1289	125	73			326	176
1290	0	0			423	189
1291	0	0			123	192
1292	21424	14955			156	157
1293	21440	10576			156	157
1294	22203	27304			165	259
1295	22238	39377			165	259
1296	45083	20929			264	165
1297	31296	21247			201	165
1298	12350	20926			147	165
1299	31301	43837			201	264
1300	38	49			198	170
1301	0	0			246	210
1302	0	0			198	246
1303	0	0			176	130
1304	0	0			176	149
1305	37	308			197	427
1306	37	11			197	275
1307	37	13			197	121
1308	287	11			427	121
1309	308	11			427	275
1310	308	13			427	121
1311	309	11			427	121
1312	1	65			275	143
1313	2	65			121	143
1314	16	88			121	143
1315	8	316			226	220
1316	0	0			353	330
1317	3	0			147	137
1318	0	0			114	170
1319	0	0			133	199
1320	27	0			198	87
1321	105	132			181	164
1322	129	40			674	262
1323	23	40			182	184
1324	35	65			184	215
1325	0	41			249	461
1326	0	38			249	461
1327	0	0			84	93
1328	0	90			173	3082
1329	0	0			110	223
1330	4	25			210	195
1331	4	2			459	193
1332	1	6			137	173
1333	18	22			168	177
1334	5	8			209	158
1335	287	11			163	158
1336	2	61			123	262
1337	13	62			123	262
1338	46	28			146	156
1339	63	4			186	166
1340	17	1			202	156
1341	1	0			153	163
1342	0	0			78	78
1343	0	1			154	207
1344	254	719			166	219
1345	98	119			179	215
1346	144	49			187	139
1347	232	113			404	216
1348	14	113			139	216
1349	86	113			139	216
1350	2	2			133	196
1351	234	1			238	192
1352	0	0			294	99
1353	0	25			155	81
1354	0	0			128	278
1355	115	94			199	217
1356	191	158			208	161
1357	170	168			222	194
1358	3	5			172	183
1359	14	17			153	180
1360	0	0			134	302
1361	0	12			114	180
1362	1	12			123	180
1363	35	0			152	92
1364	1	0			123	114
1365	3	6			266	127
1366	1	0			185	156
1367	195	252			153	188
1368	1	44			226	280
1369	1	4			148	226
1370	130	119			254	199
1371	60	126			173	254
1372	92	30			209	138
1373	3	0			163	220
1374	3	0			198	159
1375	3	0			198	292
1376	0	0			166	291
1377	0	0			190	183
1378	0	0			232	170
1379	0	0			232	211
1380	0	0			218	103
1381	0	0			360	151
1382	4	2			173	224
1383	4	161			144	252
1384	0	1			210	133
1385	0	0			159	210
1386	0	0			166	287
1387	13	2			149	149
1388	17	0			289	121
1389	13	22			186	245
1390	246	43			268	109
1391	0	19			105	133
1392	157	13			186	99
1393	129	59			229	132
1394	110	21			188	123
1395	5	0			173	193
1396	5	0			197	193
1397	2	0			214	193
1398	2	5			214	173
1399	2	5			214	197
1400	173	161			241	199
1401	0	0			121	147
1402	523	194			842	284
1403	0	0			165	173
1404	3	4			195	140
1405	58	51			217	221
1406	2	0			194	227
1407	0	12			177	270
1408	209	219			198	252
1409	20	8			161	169
1410	24	37			174	170
1411	66	217			153	263
1412	0	0			144	131
1413	81	35			248	168
1414	397	318			175	166
1415	0	0			126	179
1416	350	137			190	131
1417	105	359			120	226
1418	92	138			120	131
1419	477	56			153	153
1420	261	274			214	217
1421	12	3			243	182
1422	7	9			182	121
1423	0	0			166	198
1424	948	51			151	151
1425	0	0			180	201
1426	3	0			99	99
1427	7	22			134	154
1428	19	22			160	154
1429	5	0			226	169
1430	16	49			129	237
1431	22	1			125	115
1432	13	13			160	138
1433	19	15			131	188
1434	3	8			180	330
1435	0	1			258	438
1436	0	1			258	438
1437	0	0			141	259
1438	0	0			152	130
1439	0	0			150	130
1440	0	0			152	156
1441	0	0			150	156
1442	0	0			150	152
1443	0	0			150	152
1444	0	0			186	136
1445	87	2457			133	2157
1446	318	19			204	132
1447	2	3			174	206
1448	32	87			105	143
1449	97	87			141	143
1450	0	4			143	146
1451	65	127			143	146
1452	93	97			146	133
1453	52	101			156	199
1454	6	30			146	183
1455	315	30			2806	183
1456	0	0			134	581
1457	0	0			96	96
1458	311	360			238	222
1459	154	36			273	159
1460	156	79			273	186
1461	154	75			273	174
1462	76	79			159	186
1463	3	18			157	173
1464	56	77			247	334
1465	0	0			147	141
1466	4	46			173	164
1467	36	51			163	160
1468	23	39			119	163
1469	22	33			187	140
1470	0	0			123	284
1471	0	0			123	273
1472	0	0			123	78
1473	0	0			284	78
1474	0	0			273	78
1475	120	0			79	79
1476	24	25			304	291
1477	601	707			271	242
1478	0	0			179	169
1479	657	233			210	132
1480	28	25			243	252
1481	13	3			309	205
1482	13	3			275	205
1483	1	162			107	180
1484	65	39			256	211
1485	259	23			113	136
1486	0	0			194	457
1487	0	0			115	205
1488	124	91			221	165
1489	0	0			139	128
1490	0	0			108	123
1491	90	83			222	188
1492	107	0			128	79
1493	8	41			164	184
1494	8	29			164	216
1495	41	29			184	216
1496	113	208			242	144
1497	181	1			178	76
1498	0	0			238	136
1499	3	0			173	270
1500	2	2			185	173
1501	0	0			201	219
1502	0	29			191	131
1503	0	29			173	131
1504	0	2			170	212
1505	0	0			456	122
1506	419	236			240	231
1507	0	0			195	153
1508	200	184			114	132
1509	41205	31780			186	244
1510	24	88			162	162
1511	2	78			223	122
1512	0	0			215	267
1513	0	0			196	267
1514	89	402			227	603
1515	0	0			81	81
1516	37	149			130	288
1517	366	238			193	129
1518	0	13			96	96
1519	0	16			96	93
1520	177	211			174	156
1521	69	228			118	174
1522	54	30			133	155
1523	82	212			129	210
1524	1	0			395	168
1525	0	1			154	395
1526	0	1			142	150
1527	0	2			114	145
1528	0	4			166	193
1529	0	2			166	188
1530	0	0			166	212
1531	0	5			166	145
1532	4	2			193	188
1533	4	0			193	212
1534	4	5			193	145
1535	2	5			188	145
1536	0	5			212	145
1537	0	0			123	192
1538	0	0			151	108
1539	12	1			126	99
1540	39	59			210	235
1541	2	7			159	177
1542	1	7			156	177
1543	0	0			209	155
1544	0	0			245	155
1545	0	0			96	90
1546	172	53			298	159
1547	87	53			242	159
1548	35	30			265	222
1549	17	47			172	247
1550	222	14			210	172
1551	61	93			184	191
1552	110	137			269	230
1553	27	227			108	197
1554	12	1			1374	252
1555	18	45			154	200
1556	119	122			243	201
1557	6	36			174	174
1558	14	33			223	345
1559	7	5			214	269
1560	12	68			141	212
1561	0	0			144	162
1562	1	0			322	199
1563	250	12			248	306
1564	35	33			173	173
1565	86	66			306	230
1566	0	0			87	87
1567	0	1			165	147
1568	0	2			159	147
1569	0	39			79	260
1570	9	44			278	234
1571	2	44			188	234
1572	164	213			176	271
1573	2	0			139	194
1574	86	128			195	183
1575	0	314			84	309
1576	262	275			173	193
1577	0	0			165	337
1578	354	429			158	172
1579	282	397			147	158
1580	10	17			123	165
1581	10	5			172	191
1582	62	47			165	135
1583	411	227			186	136
1584	0	0			98	98
1585	7786	4400			351	192
1586	7786	1824			351	210
1587	45	32			182	136
1588	87	151			216	210
1589	21	0			140	125
1590	163	81			258	183
1591	75	98			210	173
1592	62	81			151	210
1593	0	0			438	107
1594	0	5			150	187
1595	3	50			106	202
1596	38	296			218	1155
1597	16	6			180	90
1598	18	28			339	351
1599	1	3			111	169
1600	0	0			194	237
1601	11	135			207	161
1602	0	41			120	171
1603	82	89			266	223
1604	2	1			153	153
1605	0	304			132	290
1606	68	19			212	143
1607	0	1			152	194
1608	0	1			105	194
1609	0	0			105	152
1610	0	0			354	354
1611	276	226			239	213
1612	7	40			126	245
1613	0	314			82	163
1614	1	0			210	231
1615	9	3			309	240
1616	9	4			198	292
1617	9	4			198	159
1618	23	0			163	220
1619	87	4911			200	183
1620	2152	4911			111	183
1621	28	34			110	125
1622	95	34			158	125
1623	8155	3521			192	108
1624	10	0			147	209
1625	89	91			152	202
1626	60	34			169	126
1627	1	74			147	147
1628	0	0			208	237
1629	11	15			184	149
1630	1	0			241	214
1631	1	0			193	215
1632	1	1			193	295
1633	0	1			215	295
1634	0	98			215	226
1635	0	80			215	364
1636	0	0			106	106
1637	1	0			100	100
1638	4	0			236	135
1639	1182	1			177	174
1640	2169	1			156	174
1641	1	0			219	157
1642	5050	7008			214	240
1643	389	371			269	237
1644	330	1			267	175
1645	52	124			108	128
1646	178	60			171	108
1647	32	122			232	156
1648	32	185			232	191
1649	48	134			150	191
1650	32	146			232	236
1651	0	2			159	239
1652	0	3			159	305
1653	0	0			131	159
1654	220	197			172	172
1655	67	82			156	213
1656	45	98			205	249
1657	56	9			163	182
1658	117	0			84	87
1659	1343	191			163	119
1660	639	3			132	428
1661	12	0			138	115
1662	37	38			233	198
1663	32	42			208	220
1664	35	39			194	186
1665	104	243			159	228
1666	0	21			230	193
1667	0	0			258	240
1668	0	0			361	108
1669	0	9			124	192
1670	3	11			164	229
1671	11	6			215	164
1672	426	470			599	459
1673	17	2			141	192
1674	18	0			247	137
1675	5	0			367	137
1676	5	18			367	247
1677	47	60			258	233
1678	0	0			123	192
1679	0	43			118	187
1680	135	44			197	135
1681	0	0			93	126
1682	1	43			168	168
1683	0	0			193	251
1684	0	0			167	193
1685	2	15			218	292
1686	56	46			247	179
1687	43	3			183	129
1688	1	3			165	205
1689	947	1521			225	303
1690	72	12			490	143
1691	0	0			168	98
1692	0	0			168	98
1693	31	4			219	128
1694	0	2			293	359
1695	40	151			150	194
1696	61	56			200	139
1697	71	3949			3036	5337
1698	630	309			266	156
1699	15	2			207	161
1700	2	4			164	145
1701	54	11			235	176
1702	150	183			192	155
1703	55	204			140	192
1704	1	1			247	255
1705	0	4			129	114
1706	121	606			400	235
1707	61	158			142	252
1708	0	0			144	197
1709	0	0			144	157
1710	0	6			159	243
1711	8	4			150	132
1712	734	351			207	200
1713	12	2			142	217
1714	0	16			96	93
1715	0	0			168	98
1716	0	0			168	98
1717	290	1			120	247
1718	444	60			266	117
1719	240	195			202	157
1720	53	1712			200	197
1721	100	1712			304	197
1722	214	162			170	125
1723	214	220			170	200
1724	215	11			238	245
1725	0	0			156	207
1726	135	190			196	242
1727	26	19			270	183
1728	15	14			222	208
1729	7	4			188	231
1730	4	4			141	182
1731	7	13			182	178
1732	1	0			99	132
1733	30	188			150	234
1734	35	128			150	234
1735	35	85			150	135
1736	128	85			234	135
1737	109	167			203	226
1738	85	38			220	203
1739	85	101			220	203
1740	0	135			149	364
1741	0	21			149	152
1742	27	212			220	758
1743	202	255			378	342
1744	12	29			168	217
1745	12	18			168	217
1746	29	31			220	261
1747	323	559			137	157
1748	30	39			159	200
1749	75	100			198	241
1750	0	137			153	294
1751	0	3			77	401
1752	33	52			146	146
1753	26	34			167	207
1754	35	0			167	80
1755	7036	7483			192	202
1756	28	183			153	653
1757	179	197			188	187
1758	271	162			261	188
1759	150	0			187	135
1760	85	31			155	155
1761	175	192			272	210
1762	283	192			257	210
1763	3	46			127	241
1764	194	116			144	144
1765	0	0			111	153
1766	129	348			145	263
1767	358	304			263	194
1768	17	55			236	236
1769	16	40			180	270
1770	30	36			316	270
1771	1	28			325	180
1772	2	0			167	167
1773	25	0			235	79
1774	6	3			234	132
1775	5	0			234	159
1776	2	3			125	168
1777	6	3			125	168
1778	0	3			127	168
1779	1	3			125	168
1780	0	4			131	125
1781	55	14			161	195
1782	0	0			116	158
1783	10	10			180	180
1784	0	2			180	180
1785	0	4			217	250
1786	5	22			153	225
1787	7	7			177	156
1788	185	139			131	127
1789	0	0			175	205
1790	0	0			159	152
1791	353	179			156	141
1792	92	144			231	238
1793	5	0			127	195
1794	3	53			133	178
1795	2	0			104	155
1796	24	98			196	475
1797	17	36			196	208
1798	0	0			132	169
1799	62	0			207	192
1800	0	0			93	93
1801	0	3			93	228
1802	14	11			167	141
1803	5	12			167	220
1804	5	7			167	220
1805	5	17			167	149
1806	7	17			220	149
1807	12	205			166	166
1808	0	0			171	114
1809	0	0			174	114
1810	3	0			194	173
1811	3	1			194	197
1812	1	11			194	196
1813	1	24			194	303
1814	4	0			134	173
1815	4	1			134	197
1816	6	16			134	196
1817	0	1			173	197
1818	11	24			196	303
1819	1	0			195	174
1820	0	0			247	137
1821	0	0			367	137
1822	0	0			367	247
1823	1	28			154	189
1824	29	35			189	205
1825	35	80			205	219
1826	35	79			205	216
1827	0	0			171	228
1828	10	0			196	122
1829	3	61			161	248
1830	20	27			189	220
1831	28	20			211	139
1832	25	42			139	205
1833	679	19			417	114
1834	564	19			372	114
1835	81	58			114	153
1836	0	1			135	117
1837	0	1			108	117
1838	0	0			108	135
1839	0	0			108	135
1840	62	3			148	148
1841	11	19			142	163
1842	9	19			120	163
1843	12	20			161	142
1844	2	19			120	142
1845	2	14			117	161
1846	10	14			120	161
1847	1	14			117	161
1848	3	14			120	161
1849	0	49			179	259
1850	33	61			259	333
1851	0	0			162	153
1852	2	0			135	147
1853	2	22			115	130
1854	2	39			115	130
1855	41	4			199	153
1856	56	29			246	199
1857	28	71			159	159
1858	0	0			237	237
1859	1	0			133	122
1860	1	6			133	250
1861	0	6			122	250
1862	51	38			198	201
1863	0	6			93	93
1864	15	64			121	156
1865	59	24			199	121
1866	0	40			123	243
1867	150	104			210	183
1868	45	10			156	117
1869	3	904			132	140
1870	1	0			121	190
1871	0	0			190	199
1872	1	0			121	190
1873	0	0			84	84
1874	0	0			156	84
1875	0	0			156	84
1876	67	1			228	171
1877	11	2			147	147
1878	115	134			159	133
1879	24	18			249	244
1880	0	0			150	164
1881	182	227			163	170
1882	243	304			170	189
1883	1	3			139	231
1884	138	90			240	168
1885	1	1			251	525
1886	5	5			165	179
1887	18	130			195	420
1888	306	184			251	247
1889	3	9			151	172
1890	1	8			165	129
1891	258	178			224	167
1892	150	238			227	224
1893	1	5			109	204
1894	5	36			196	392
1895	0	2			126	150
1896	0	2			105	150
1897	57	85			159	176
1898	1	17			152	187
1899	1	2			152	267
1900	17	2			187	267
1901	8	7			123	167
1902	0	3			93	93
1903	0	0			158	228
1904	21	31			142	136
1905	2	0			211	198
1906	0	0			115	118
1907	19	16			197	123
1908	95	36			207	213
1909	44	23			160	166
1910	10	16			143	166
1911	0	0			190	169
1912	8	0			99	126
1913	0	0			99	102
1914	0	0			102	126
1915	0	0			102	129
1916	133	43			204	102
1917	47	1			180	201
1918	0	0			168	98
1919	0	0			168	98
1920	61	17			163	106
1921	12	12			139	171
1922	3	6			186	199
1923	148	120			207	176
1924	2	0			198	247
1925	0	2			153	169
1926	32	32			152	164
1927	0	8			157	156
1928	153	65			135	141
1929	51	48			261	261
1930	0	0			147	127
1931	147	209			176	256
1932	96	6			175	109
1933	48	27			142	175
1934	0	0			102	99
1935	41	50			160	162
1936	0	7			97	200
1937	602	298			298	183
1938	48	60			121	233
1939	156	133			186	193
1940	0	0			93	90
1941	0	63			102	245
1942	0	43			102	197
1943	119	174			162	201
1944	1	1			206	99
1945	6	14			148	78
1946	3	0			123	99
1947	54	21			209	142
1948	9	23			177	165
1949	9	7			237	195
1950	469	2017			192	341
1951	469	1432			192	410
1952	3	0			144	81
1953	0	0			120	150
1954	231	2			171	156
1955	31	511			184	915
1956	2	0			108	96
1957	14	0			189	96
1958	14	2			189	108
1959	0	0			192	111
1960	2	57			158	182
1961	2	127			158	208
1962	12	23			136	197
1963	2	91			204	152
1964	17	58			167	175
1965	173	247			179	202
1966	26	35			150	209
1967	1	2			162	168
1968	0	37			125	231
1969	35	36			172	236
1970	0	0			327	185
1971	0	0			338	200
1972	152	0			151	97
1973	221	150			218	167
1974	372	780			212	284
1975	2	2			210	156
1976	2	0			189	117
1977	0	4			221	274
1978	6	31			336	192
1979	6	31			192	192
1980	8	31			243	192
1981	8	7			243	192
1982	6	7			336	192
1983	6	8			336	243
1984	1	10			177	336
1985	36	0			215	212
1986	0	0			193	192
1987	31	149			111	170
1988	67	167			165	238
1989	70	141			133	179
1990	101	364			176	170
1991	1	6			198	207
1992	0	0			87	87
1993	3	2			197	157
1994	30	88			162	208
1995	74	52			218	151
1996	345	4			173	179
1997	4421	4923			199	194
1998	113	107			219	201
1999	2	6			198	229
2000	71	84			249	159
2001	130	210			259	212
2002	89	265			212	211
2003	183	266			212	211
2004	115	97			211	133
2005	236	97			211	133
2006	122	0			120	162
2007	81	3			167	131
2008	115	50			247	153
2009	0	1			176	231
2010	67	10			265	131
2011	0	0			232	292
2012	1	4			165	146
2013	0	4			164	146
2014	0	1			164	165
2015	18	47			222	285
2016	67	99			160	222
2017	66	114			207	191
2018	47	114			181	191
2019	1	0			233	265
2020	0	2			210	247
2021	5	4			268	223
2022	28	10			226	147
2023	48	9			372	136
2024	27	9			231	174
2025	0	0			234	213
2026	146	1			263	183
2027	3	203			168	180
2028	0	0			138	255
2029	0	0			138	255
2030	0	0			153	255
2031	0	0			153	138
2032	0	0			153	138
2033	8455	4645			171	267
2034	95	104			156	163
2035	10	15			291	170
2036	248	371			181	217
2037	0	16			139	164
2038	45	35			273	270
2039	6	8			182	300
2040	210	136			279	198
2041	119	79			198	152
2042	0	8			108	194
2043	0	0			144	147
2044	0	1			660	304
2045	6	11			188	223
2046	356	114			193	177
2047	8	15			226	220
2048	98	76			179	151
2049	0	0			83	77
2050	136	756			138	180
2051	2	0			176	133
2052	0	0			157	196
2053	0	0			164	87
2054	0	0			87	222
2055	2	24			190	190
2056	105	131			149	191
2057	1292	1169			192	192
2058	4400	7293			198	262
2059	97	130			162	200
2060	97	159			162	202
2061	43	69			161	236
2062	54	32			205	150
2063	12	4			212	114
2064	14	83			299	229
2065	1	25			137	253
2066	0	17			118	169
2067	101	105			192	198
2068	0	0			262	183
2069	76	44			173	204
2070	340	310			189	168
2071	25	96			167	197
2072	538	1516			188	240
2073	1	16			168	191
2074	1	37			168	291
2075	1	1			168	183
2076	595	116			205	117
2077	62	43			184	153
2078	62	71			184	196
2079	17	8			208	178
2080	17	32			208	260
2081	0	0			159	141
2082	0	2			163	164
2083	0	0			123	165
2084	57	8			219	213
2085	1	0			167	167
2086	0	0			164	129
2087	0	8			169	170
2088	0	0			125	212
2089	15	98			293	231
2090	3	0			190	129
2091	579	323			243	243
2092	6	0			177	133
2093	10	43			184	149
2094	14	88			184	149
2095	0	0			129	156
2096	251	592			174	297
2097	44	127			126	158
2098	0	0			130	159
2099	0	0			93	159
2100	147	362			156	221
2101	4	0			199	169
2102	3	0			193	169
2103	3	4			193	199
2104	21	26			153	170
2105	29	2			148	153
2106	33	20			148	153
2107	20	19			156	148
2108	12	15			153	126
2109	2	10			120	90
2110	2	0			120	90
2111	10	0			90	90
2112	30	13			239	144
2113	164	97			301	225
2114	3461	582			217	102
2115	0	0			168	98
2116	0	0			168	98
2117	49	78			169	162
2118	8	207			162	175
2119	55	291			162	252
2120	24	93			490	166
2121	0	93			109	166
2122	0	24			109	490
2123	23	182			170	329
2124	23	98			170	227
2125	12	20			216	207
2126	13	9			216	183
2127	2	0			135	149
2128	1	0			187	149
2129	1	2			187	135
2130	0	0			187	135
2131	96	1			108	111
2132	4	3			143	134
2133	17	7			155	165
2134	2	2			172	140
2135	66	0			176	149
2136	66	79			176	280
2137	0	73			149	249
2138	51	67			159	159
2139	75	403			128	218
2140	326	250			218	163
2141	45	70			151	164
2142	0	0			223	168
2143	862	1880			172	149
2144	2811	1880			169	149
2145	7	148			165	208
2146	8	148			193	208
2147	8	148			198	208
2148	0	1			1325	189
2149	0	0			234	169
2150	0	1			234	189
2151	0	1			169	189
2152	1	0			189	213
2153	0	0			213	186
2154	0	0			213	274
2155	0	0			187	186
2156	0	0			186	274
2157	53	65			156	158
2158	50	107			149	220
2159	249	198			236	196
2160	51	175			144	228
2161	2	0			174	134
2162	5	3			147	175
2163	1	1			221	255
2164	0	4			190	192
2165	18	39			169	245
2166	35	0			150	87
2167	4	0			87	87
2168	0	1			138	255
2169	0	1			138	255
2170	0	1			153	255
2171	0	0			153	138
2172	0	0			153	138
2173	137	183			198	177
2174	63	72			105	103
2175	217	266			165	193
2176	116	123			175	170
2177	0	7			220	664
2178	29	43			295	208
2179	6	54			221	235
2180	11	1			206	210
2181	9	1			221	210
2182	760	0			206	77
2183	10	0			248	248
2184	5	0			127	127
2185	0	20			248	248
2186	0	7			127	127
2187	2	7			127	127
2188	2	0			127	127
2189	6	105			167	221
2190	0	0			169	126
2191	36	65			167	183
2192	5	10			156	150
2193	4	12			147	260
2194	4	0			135	154
2195	31	10			440	210
2196	1	0			198	230
2197	21	81			116	200
2198	48	119			128	197
2199	32	0			87	87
2200	32	3			87	193
2201	0	0			218	103
2202	0	0			360	151
2203	4	38			112	184
2204	5	15			157	116
2205	12	15			181	116
2206	5	49			157	169
2207	12	49			181	169
2208	757	581			231	219
2209	21	13			174	134
2210	0	6			102	99
2211	24	98			220	428
2212	7	2			191	214
2213	135	20			197	106
2214	68	17			129	141
2215	2	3			230	204
2216	4	3			217	204
2217	0	0			200	175
2218	12	1			150	178
2219	1	0			136	167
2220	0	0			207	218
2221	0	4			193	192
2222	1627	56			1699	134
2223	40	21			226	114
2224	0	125			111	121
2225	100	391			141	312
2226	12	17			180	218
2227	20	12			218	185
2228	7	42			132	189
2229	0	0			166	224
2230	36	84			172	173
2231	0	0			99	99
2232	0	0			134	99
2233	2	0			152	134
2234	2	0			152	134
2235	0	0			167	167
2236	0	15			83	83
2237	1	0			83	110
2238	1	1			83	83
2239	0	1			110	83
2240	29	1			132	141
2241	1	30			99	99
2242	1	17			120	117
2243	29	3			162	153
2244	0	5			92	95
2245	346	2465			242	242
2246	38	132			259	583
2247	290	32			194	92
2248	214	32			245	92
2249	63	202			106	194
2250	91	98			106	194
2251	0	0			111	274
2252	31	2			158	108
2253	0	0			147	207
2254	0	0			129	163
2255	0	0			129	213
2256	0	0			129	173
2257	0	2			129	209
2258	0	0			129	178
2259	0	0			213	173
2260	0	2			213	209
2261	0	0			213	178
2262	0	0			153	215
2263	0	2			173	209
2264	0	0			173	178
2265	0	0			173	215
2266	2	0			209	178
2267	0	0			181	178
2268	0	0			178	123
2269	217	100			175	147
2270	48	47			166	152
2271	3	2			278	473
2272	1	24			166	234
2273	65	150			147	174
2274	4	29			166	138
2275	10	6			163	146
2276	0	199			232	166
2277	388	52			276	167
2278	10	24			109	143
2279	14	1			109	143
2280	19	33			143	144
2281	21	62			144	186
2282	51	68			186	194
2283	0	119			139	148
2284	0	0			154	144
2285	0	0			200	274
2286	79	77			191	147
2287	1	7			177	151
2288	201	141			190	153
2289	0	0			163	111
2290	0	0			169	203
2291	0	0			196	203
2292	265	236			197	159
2293	251	462			159	364
2294	14	2			176	120
2295	0	0			196	220
2296	1	1			177	117
2297	399	335			390	198
2298	1	1224			129	639
2299	48	16			177	243
2300	70	28			482	179
2301	0	0			150	109
2302	0	1			94	94
2303	96	5			204	183
2304	0	0			121	133
2305	20	12			145	164
2306	14	39			145	208
2307	0	0			126	193
2308	0	0			119	326
2309	0	0			202	99
2310	0	0			116	99
2311	0	0			116	202
2312	0	0			173	205
2313	0	0			210	173
2314	33	5			237	306
2315	6	6			227	217
2316	4	3			285	278
2317	46	135			191	311
2318	84	127			193	266
2319	0	326			186	358
2320	0	123			186	186
2321	231	277			189	252
2322	9	17			258	258
2323	11	16			165	149
2324	0	18			179	179
2325	21	0			135	135
2326	10	20			159	159
2327	4	13			159	108
2328	0	0			288	180
2329	78	101			229	177
2330	0	0			193	192
2331	15	1			264	111
2332	0	7			174	138
2333	0	9			174	297
2334	65	69			423	357
2335	91	4			180	168
2336	0	0			123	192
2337	0	0			143	137
2338	0	0			151	220
2339	1	2			201	240
2340	0	14			78	78
2341	0	0			93	93
2342	9	16			195	195
2343	414	3			163	198
2344	0	0			90	78
2345	0	0			117	78
2346	1	17			168	177
2347	176	417			130	186
2348	119	425			198	456
2349	156	279			194	215
2350	18	0			169	215
2351	13	41			240	231
2352	162	260			213	286
2353	245	2			213	210
2354	29	0			210	210
2355	132	160			341	363
2356	26	29			210	192
2357	16	12			270	258
2358	6	15			210	270
2359	0	46			127	340
2360	9	5			172	163
2361	8	3			204	162
2362	0	7			179	225
2363	111	82			189	171
2364	0	0			202	366
2365	55	12			171	169
2366	52	53			186	186
2367	9	9			198	192
2368	15	7			272	137
2369	34	6			256	113
2370	33	6			225	113
2371	32	6			256	113
2372	6	0			321	167
2373	21	58			130	193
2374	0	0			464	228
2375	0	0			182	163
2376	200	108			249	162
2377	16	126			125	411
2378	0	22			182	311
2379	72	162			181	176
2380	13	31			164	151
2381	4	3			155	170
2382	4	5			155	257
2383	0	27			157	203
2384	42	60			178	208
2385	16	72			178	332
2386	462	1737			318	686
2387	84	151			261	273
2388	4	5			124	117
2389	2	0			207	161
2390	0	2			161	161
2391	3	2			132	120
2392	3	3			141	120
2393	2	4			141	138
2394	0	4			93	93
2395	2	8			90	228
2396	2752	3121			193	194
2397	0	0			131	141
2398	11	0			179	96
2399	25	4			816	211
2400	4	64			337	536
2401	1	0			261	213
2402	0	7			160	245
2403	0	0			160	188
2404	0	0			175	208
2405	0	0			158	175
2406	292	66			264	123
2407	1	7			81	170
2408	22	43			147	249
2409	0	0			163	390
2410	5	30			194	397
2411	1	10			145	226
2412	0	8			130	178
2413	251	268			209	214
2414	1	0			138	120
2415	27	51			168	209
2416	66	7			208	127
2417	7	9			119	125
2418	1	0			368	152
2419	0	0			81	81
2420	161	202			138	154
2421	0	0			172	172
2422	99	85			214	204
2423	223	186			160	134
2424	2	5			264	264
2425	176	275			165	184
2426	3	1			173	192
2427	206	103			238	174
2428	270	234			222	201
2429	0	0			307	192
2430	27	8			315	115
2431	2	3			225	164
2432	33	34			137	162
2433	0	0			145	160
2434	204	95			189	189
2435	46	0			160	144
2436	0	4			123	173
2437	10	24			162	259
2438	0	0			93	93
2439	3	0			187	137
2440	3	1			240	240
2441	1	1			251	135
2442	0	0			191	133
2443	0	1			133	332
2444	198	212			232	204
2445	46	22			180	121
2446	8	0			126	126
2447	3	11			126	138
2448	1	50			149	173
2449	20	45			184	173
2450	31	70			138	188
2451	39	33			201	224
2452	59	56			355	269
2453	32	64			165	156
2454	32	33			165	153
2455	48	20			156	117
2456	12	13			171	145
2457	76	85			197	210
2458	54	85			146	149
2459	23	139			171	247
2460	1	4			161	161
2461	158	177			188	150
2462	176	374			150	222
2463	0	2			198	152
2464	39	8			142	113
2465	18	32			162	196
2466	0	0			189	199
2467	22	27			156	177
2468	39	9			947	255
2469	1180	1204			216	238
2470	711	1181			227	216
2471	170	13			257	158
2472	2	0			193	125
2473	194	104			233	155
2474	1	2			178	308
2475	117	2			325	308
2476	117	1			325	178
2477	132	153			152	152
2478	35	93			129	172
2479	47	93			147	172
2480	184	96			261	166
2481	0	0			168	98
2482	0	0			168	98
2483	3	0			224	157
2484	4	0			218	157
2485	5	0			190	160
2486	5	2			190	168
2487	0	2			160	168
2488	174	43			305	170
2489	139	43			290	170
2490	74	43			211	170
2491	0	10			157	114
2492	21	44			171	197
2493	12	34			191	162
2494	0	0			123	192
2495	72	38			214	142
2496	561	270			145	122
2497	0	0			96	99
2498	19	2			248	171
2499	8	1			184	125
2500	22	53			153	185
2501	24	27			188	153
2502	95	84			220	231
2503	6	10			147	147
2504	1	10			147	147
2505	0	4			155	192
2506	219	246			277	271
2507	4	0			218	180
2508	5	0			173	180
2509	0	8			94	94
2510	0	0			87	87
2511	0	0			87	87
2512	0	0			87	87
2513	0	0			172	172
2514	16	50			182	312
2515	211	41			149	111
2516	129	14			234	196
2517	1529	379			729	238
2518	155	1395			138	729
2519	160	1534			138	729
2520	14	0			268	297
2521	14	0			199	297
2522	0	0			219	210
2523	155	216			211	248
2524	6	90			166	188
2525	0	0			141	243
2526	4	3			141	243
2527	25	24			186	182
2528	65	26			273	144
2529	276	38			263	236
2530	0	17			154	187
2531	0	47			154	146
2532	0	38			154	137
2533	17	47			187	146
2534	17	38			187	137
2535	15	47			165	147
2536	223	546			163	256
2537	0	0			123	192
2538	5	3			138	168
2539	45	167			199	308
2540	239	467			174	214
2541	5	5			218	306
2542	5	4			218	226
2543	5	4			306	226
2544	2	4			226	199
2545	273	17			145	147
2546	40	61			150	147
2547	40	83			150	289
2548	3	67			146	147
2549	0	0			194	181
2550	32	6			207	161
2551	4	0			173	247
2552	4	0			186	247
2553	0	0			166	247
2554	33	41			159	172
2555	32	74			159	221
2556	159	169			235	218
2557	71	72			173	163
2558	42	62			177	173
2559	48	315			129	292
2560	80	109			182	197
2561	80	33			182	358
2562	1915	1503			212	165
2563	57	1501			144	165
2564	1915	2025			212	197
2565	853	1859			131	212
2566	9	610			125	122
2567	129	309			199	237
2568	55	26			621	795
2569	314	539			320	482
2570	122	109			217	284
2571	122	1267			217	1569
2572	0	0			109	143
2573	0	0			186	194
2574	1	0			219	189
2575	2	0			216	189
2576	5	5			126	148
2577	13	4			126	148
2578	13	1			126	148
2579	4	1			148	148
2580	3	2			148	148
2581	8	499			149	198
2582	108	192			128	166
2583	171	394			185	261
2584	52	13			159	104
2585	41	49			173	204
2586	70	71			123	154
2587	537	735			258	254
2588	348	623			188	261
2589	3	7			189	177
2590	172	2			196	160
2591	110	372			299	759
2592	98	263			120	117
2593	239	429			275	428
2594	70	54			146	131
2595	21	33			167	203
2596	0	0			387	366
2597	0	0			366	207
2598	13	7			276	202
2599	428	171			206	123
2600	187	136			154	123
2601	187	118			154	118
2602	9	11			201	127
2603	0	160			197	277
2604	5	21			160	248
2605	9	13			204	160
2606	0	0			140	213
2607	0	0			123	140
2608	2	14			232	460
2609	38	79			159	190
2610	0	0			123	192
2611	36	16			258	178
2612	30	40			192	198
2613	164	402			165	291
2614	376	422			165	138
2615	477	424			174	165
2616	257	288			145	136
2617	0	91			147	150
2618	982	3480			134	170
2619	49	8			352	180
2620	28	8			223	180
2621	47	12			352	180
2622	10	12			130	180
2623	273	12			156	180
2624	273	47			156	352
2625	273	10			156	130
2626	169	2			215	103
2627	0	115			186	320
2628	12	34			208	219
2629	0	12			142	116
2630	0	0			195	386
2631	6	124			110	348
2632	93	19			348	122
2633	0	0			226	148
2634	163	147			183	172
2635	110	161			177	183
2636	456	289			209	144
2637	47	203			180	279
2638	93	201			165	279
2639	83	0			203	338
2640	530	123			180	137
2641	6	0			192	228
2642	16	212			245	245
2643	31	27			126	212
2644	1	4			195	219
2645	34	46			169	202
2646	38	23			202	139
2647	46	64			204	177
2648	29	39			180	162
2649	0	1			96	102
2650	0	0			96	96
2651	515	894			225	279
2652	685	229			214	214
2653	311	7			87	87
2654	77	87			170	202
2655	0	0			177	162
2656	0	1			205	177
2657	0	0			132	205
2658	1	2			241	273
2659	6	6			403	121
2660	56	65			204	262
2661	0	1			109	165
2662	0	7			247	196
2663	0	7			173	196
2664	0	7			228	196
2665	1	7			197	196
2666	0	0			173	247
2667	0	0			228	247
2668	1	0			197	247
2669	0	0			228	173
2670	1	0			197	173
2671	1	0			197	228
2672	7	40			134	143
2673	0	0			123	192
2674	85	180			136	178
2675	0	1			90	198
2676	0	0			129	129
2677	88	191			184	192
2678	0	0			78	78
2679	0	0			78	78
2680	0	0			78	78
2681	0	1			220	220
2682	0	7			179	179
2683	8	0			159	159
2684	17	33			100	141
2685	93	63			190	155
2686	13	153			85	235
2687	25	25			234	222
2688	0	0			96	213
2689	0	0			208	147
2690	51	19			206	203
2691	0	8			159	147
2692	5	9			141	135
2693	26	26			128	146
2694	1	0			198	171
2695	37	0			158	108
2696	0	2			209	155
2697	0	1			242	209
2698	2	0			223	213
2699	35	0			193	110
2700	7	13			387	327
2701	7	7			220	173
2702	319	277			240	189
2703	284	739			111	168
2704	730	199			168	105
2705	352	199			117	105
2706	288	1167			129	120
2707	5	19			155	148
2708	172	144			186	156
2709	253	323			153	204
2710	13	32			184	205
2711	194	166			229	213
2712	41	54			189	224
2713	15	18			101	130
2714	30	63			182	177
2715	11	63			284	177
2716	149	106			315	192
2717	127	6			228	261
2718	0	242			119	218
2719	0	0			159	159
2720	8	6			159	159
2721	0	1			123	181
2722	0	0			190	152
2723	7	0			237	132
2724	0	0			138	195
2725	7	3			194	160
2726	15	397			101	196
2727	0	0			192	221
2728	0	0			177	221
2729	0	0			177	192
2730	0	0			148	214
2731	0	0			187	214
2732	0	0			138	140
2733	0	0			261	386
2734	0	0			128	261
2735	0	0			246	261
2736	27	22			150	117
2737	32	9			168	98
2738	41	32			168	98
2739	63	25			267	158
2740	195	183			224	192
2741	195	109			224	338
2742	181	365			192	311
2743	18	14			147	141
2744	432	357			169	157
2745	16	49			154	225
2746	30	5			165	129
2747	1	0			96	96
2748	19	42			161	230
2749	1	47			168	128
2750	650	2172			188	262
2751	66	78			149	177
2752	37	34			146	149
2753	23	63			123	146
2754	23	22			141	123
2755	0	9			129	149
2756	0	2			221	139
2757	2	5			212	221
2758	83	196			152	219
2759	56	58			183	180
2760	0	0			147	141
2761	6	2			249	248
2762	41	30			262	222
2763	82	7			233	173
2764	106	54			427	165
2765	0	2			173	130
2766	30	9			247	109
2767	40	26			226	168
2768	0	1			184	219
2769	1	0			168	153
2770	24	410			254	203
2771	3	16			110	241
2772	0	0			168	184
2773	211	133			278	194
2774	2	4			155	114
2775	0	0			102	132
2776	9	19			198	180
2777	0	0			223	168
2778	1	97			131	769
2779	33	8			233	175
2780	93	137			234	254
2781	9	42			178	250
2782	17	99			106	236
2783	211	455			693	678
2784	6	54			173	339
2785	124	0			538	116
2786	33	0			132	116
2787	57	30			271	161
2788	5	13			120	144
2789	149	152			254	144
2790	0	47			81	165
2791	91	52			192	177
2792	15	46			159	132
2793	16	25			135	135
2794	32	43			159	135
2795	7	50			132	159
2796	24	10			150	147
2797	0	0			145	159
2798	45	169			152	312
2799	180	174			312	392
2800	0	2			190	190
2801	4	25			208	164
2802	6	6			116	208
2803	45	0			87	151
2804	0	0			218	103
2805	0	0			360	151
2806	0	0			150	275
2807	84	162			162	234
2808	1186	270			868	218
2809	1	2			197	156
2810	0	2			194	128
2811	9	5			169	174
2812	0	1			152	148
2813	6	15			162	178
2814	6	7			162	112
2815	2	1			203	191
2816	63	1			145	214
2817	0	0			105	147
