ID	IJC_SAMPLE_1	SJC_SAMPLE_1	IJC_SAMPLE_2	SJC_SAMPLE_2	IncFormLen	SkipFormLen
0	0	0			150	137
1	0	0			150	137
2	0	0			150	150
3	0	0			150	98
4	0	0			150	98
5	0	0			138	150
6	0	0			138	150
7	0	0			150	150
8	0	0			150	138
9	0	0			150	138
10	0	0			150	137
11	0	0			150	137
12	0	0			150	150
13	0	0			138	150
14	0	0			138	150
15	0	0			150	150
16	0	0			150	138
17	0	0			150	138
18	0	0			123	150
19	0	0			150	137
20	0	0			150	137
21	0	0			150	150
22	0	0			138	150
23	0	0			138	150
24	0	0			150	150
25	0	0			150	138
26	0	0			150	138
27	0	0			150	150
28	0	0			150	108
29	0	0			150	111
30	0	0			123	150
31	0	0			150	137
32	0	0			150	137
33	0	0			150	150
34	0	0			138	150
35	0	0			138	150
36	0	0			150	150
37	0	0			150	138
38	0	0			150	138
39	0	0			123	150
40	0	0			150	137
41	0	0			150	137
42	0	0			150	150
43	0	0			150	98
44	0	0			150	98
45	0	0			150	111
46	0	0			150	150
47	0	0			150	150
48	0	0			150	150
49	0	0			147	141
50	0	0			150	103
51	0	0			150	150
52	0	0			150	150
53	0	0			111	150
54	0	0			150	103
55	0	0			150	150
56	0	0			147	141
57	0	0			150	103
58	0	0			150	150
59	0	0			150	150
60	0	0			147	141
61	0	0			111	150
62	0	0			150	150
63	0	0			147	141
64	0	0			150	150
65	0	0			150	103
66	0	0			150	150
67	0	0			84	102
68	0	0			148	150
69	0	0			150	150
70	0	0			150	150
71	0	0			141	150
72	0	0			138	150
73	0	0			150	150
74	0	0			99	126
75	0	0			99	102
76	0	0			102	126
77	0	0			102	129
78	0	0			150	150
79	0	0			150	150
80	0	0			150	150
81	0	0			150	121
82	0	0			150	150
83	0	0			150	150
84	0	0			150	150
85	0	0			150	150
86	0	0			150	150
87	0	0			150	150
88	0	0			150	150
89	0	0			150	150
90	0	0			150	108
91	0	0			126	150
92	0	0			150	103
93	0	0			150	150
94	0	0			150	150
95	0	0			150	150
96	6	3			150	150
97	4	6			110	150
98	0	0			123	150
99	1	3			106	150
100	0	0			150	150
101	64	96			138	150
102	0	12			150	150
103	0	0			150	150
104	0	0			150	111
105	0	0			150	150
106	0	0			150	150
107	0	94			115	150
108	2	0			111	105
109	0	0			150	150
110	1	5			121	150
111	0	1			150	114
112	3	25			150	123
113	0	6			150	150
114	22	9			150	150
115	61	0			150	121
116	43	0			150	121
117	89	0			150	150
118	86	32			150	150
119	2	0			93	90
120	247	233			143	150
121	7	6			150	150
122	46	71			150	150
123	3	7			144	111
124	0	0			93	93
125	81	85			150	150
126	0	0			150	126
127	0	0			150	150
128	0	0			126	150
129	7	14			150	150
130	220	4			150	150
131	2	0			150	150
132	2	50			150	150
133	13	47			123	140
134	7	5			150	150
135	0	0			150	150
136	174	213			150	150
137	33	31			150	146
138	0	135			150	150
139	8	23			150	150
140	61	79			150	150
141	1	9			136	150
142	0	6			150	150
143	0	4			150	150
144	16	33			142	150
145	11	4			150	150
146	2	5			150	150
147	4	10			150	150
148	7	0			150	150
149	435	433			150	150
150	35	2			115	118
151	42	33			150	146
152	26	52			150	150
153	12	2			150	150
154	10	0			150	150
155	10	0			150	113
156	10	0			150	113
157	18	0			150	150
158	12	19			150	150
159	28	131			150	150
160	6	20			150	141
161	5	99			150	150
162	45	99			150	150
163	95	85			150	150
164	6	19			146	150
165	22	40			146	150
166	1	2			150	119
167	1	33			150	130
168	25	8			150	119
169	25	2			150	119
170	2	33			119	130
171	24	34			119	130
172	0	53			150	150
173	19	46			150	130
174	14	84			121	150
175	6	97			121	150
176	8	97			150	150
177	17	97			150	150
178	8	6			150	121
179	17	6			150	121
180	17	59			147	144
181	0	5			150	150
182	0	0			150	133
183	18	8			129	148
184	0	5			150	150
185	0	5			150	150
186	28	15			150	150
187	1	42			150	150
188	90	103			150	142
189	125	111			150	143
190	444	872			150	145
191	0	0			141	150
192	5	9			150	150
193	1	14			150	137
194	553	159			150	132
195	30	21			150	150
196	1	20			150	144
197	10	3			117	150
198	1	0			150	150
199	2	0			150	150
200	158	164			150	150
201	32	51			150	150
202	0	0			123	150
203	0	35			150	150
204	80	117			150	150
205	1	134			150	150
206	7	39			150	150
207	44	71			150	150
208	40	71			150	150
209	0	0			150	150
210	380	522			141	129
211	178	5			148	150
212	35	116			150	150
213	0	8			150	150
214	73	145			148	123
215	339	148			148	123
216	15	107			131	150
217	3	0			141	139
218	1	0			150	118
219	464	7			150	150
220	464	15			150	150
221	0	0			150	150
222	0	0			150	150
223	0	0			150	150
224	23	3			150	122
225	0	1			150	150
226	21	3			106	150
227	3	15			106	150
228	116	180			150	150
229	0	5			97	97
230	0	0			111	150
231	0	0			150	103
232	0	0			150	150
233	4	7			150	150
234	68	97			150	150
235	15	40			147	150
236	27	39			150	150
237	0	0			150	150
238	0	0			136	150
239	0	0			147	150
240	26	2			133	150
241	36	101			150	143
242	18	54			150	150
243	21	0			150	150
244	0	30			148	150
245	287	369			150	150
246	369	3			150	150
247	878	19			150	141
248	0	3			150	150
249	0	3			150	150
250	137	146			150	150
251	0	0			150	150
252	49	15			136	150
253	55	44			150	136
254	56	44			144	136
255	25	54			150	144
256	103	0			150	120
257	9	38			150	150
258	0	0			150	150
259	0	0			150	150
260	1	3			124	121
261	1	2			150	150
262	11	9			135	129
263	816	789			150	150
264	648	1178			150	117
265	0	0			122	119
266	40	254			133	146
267	227	269			150	150
268	92	182			150	150
269	103	163			150	150
270	0	0			150	118
271	40	3			150	150
272	64	1			85	85
273	5	0			150	150
274	547	36			150	150
275	0	0			143	143
276	0	0			103	143
277	6	2			150	150
278	0	0			150	150
279	106	160			150	150
280	28	160			150	150
281	4	82			131	150
282	2	2			150	150
283	33	1			138	150
284	541	0			150	150
285	4	8			150	150
286	109	156			125	150
287	8	2			137	150
288	0	0			150	150
289	0	0			150	150
290	1	0			150	150
291	1	0			150	150
292	21	3			150	150
293	17	11			150	150
294	3	11			150	150
295	10	0			133	102
296	44	59			150	150
297	44	84			150	150
298	0	0			150	150
299	12	74			150	150
300	199	196			150	150
301	37	60			150	150
302	0	0			150	132
303	29	15			150	150
304	13	10			150	150
305	13	6			150	150
306	157	100			144	150
307	0	0			150	150
308	0	0			150	150
309	0	0			150	150
310	0	0			150	150
311	16	6			150	150
312	0	0			150	150
313	0	0			150	150
314	0	0			125	143
315	0	0			150	150
316	0	0			150	150
317	0	0			150	150
318	0	0			150	150
319	0	1			150	150
320	0	0			150	136
321	0	11			116	150
322	0	0			123	150
323	0	0			150	150
324	3	25			150	141
325	164	230			150	150
326	39	3			150	150
327	73	82			150	150
328	2	0			150	150
329	0	0			150	150
330	2	0			150	150
331	2	0			150	150
332	2	0			150	150
333	0	2			150	150
334	2	2			150	150
335	2	2			150	150
336	2	0			150	150
337	2	0			150	150
338	2	2			150	150
339	1	0			150	150
340	115	136			145	150
341	126	141			150	150
342	4	37			150	150
343	17	19			150	150
344	32	27			150	150
345	1	0			150	150
346	0	0			150	150
347	0	0			150	121
348	74	38			117	150
349	12	24			148	114
350	14	28			150	108
351	7	17			108	150
352	141	291			122	150
353	141	295			122	150
354	25	119			117	149
355	1	6			131	125
356	174	0			150	150
357	102	0			150	150
358	6	14			149	150
359	21	1			124	150
360	11	161			124	150
361	16	1			148	150
362	0	0			150	150
363	1	0			150	150
364	1	32			150	144
365	5	4			150	150
366	1026	1150			150	150
367	1	0			150	150
368	17	68			138	150
369	0	1			120	120
370	1	19			150	150
371	3	2			133	150
372	24	0			150	114
373	25	43			150	150
374	7	6			150	150
375	63	3			150	134
376	2	2			127	126
377	0	3			150	150
378	13	21			129	150
379	9	10			150	150
380	75	63			150	150
381	5	63			150	150
382	0	1			150	123
383	1	0			150	150
384	0	0			150	150
385	35	35			150	150
386	2	1			129	150
387	70	82			150	144
388	63	92			150	150
389	69	87			150	150
390	0	328			100	100
391	39	72			119	150
392	42	1			127	119
393	1	0			150	95
394	2	0			150	96
395	0	0			135	150
396	8	13			150	150
397	0	0			150	150
398	201	296			150	150
399	210	249			150	141
400	0	0			150	150
401	14	13			150	150
402	17	15			150	150
403	12	4			150	150
404	8	0			150	142
405	15	5			150	150
406	37	47			150	150
407	5	0			150	138
408	5	0			150	147
409	0	0			138	147
410	32	28			123	150
411	0	3			150	150
412	9	9			150	150
413	1	9			150	150
414	1	0			150	150
415	20	37			150	150
416	49	8			150	150
417	49	32			150	150
418	30	5			150	150
419	30	53			150	150
420	1	125			117	150
421	134	159			150	150
422	0	0			150	150
423	0	0			150	133
424	0	0			108	135
425	424	422			150	150
426	15	98			150	150
427	0	1			150	150
428	0	0			150	150
429	29	163			150	148
430	2	4			150	150
431	5	7			150	150
432	99	2			140	150
433	210	282			114	150
434	188	164			135	102
435	98	44			150	150
436	11	7			150	150
437	4	4			150	150
438	3	4			150	150
439	11	11			150	150
440	4	8			150	150
441	3	8			150	150
442	4	2			150	150
443	0	0			150	150
444	11	0			150	150
445	4	0			150	104
446	4	2			150	150
447	0	2			150	150
448	36	36			150	150
449	34	35			150	150
450	15	42			95	150
451	2	4			150	150
452	8	23			150	150
453	7	23			150	150
454	0	4			84	84
455	24	20			150	150
456	2	2			150	150
457	23	19			150	150
458	43	246			102	150
459	0	9			150	150
460	22	4			150	150
461	10	12			128	150
462	26	13			150	128
463	79	131			150	150
464	36	75			150	150
465	2	131			150	135
466	37	43			150	129
467	2	42			147	147
468	9	53			150	150
469	15	53			150	150
470	15	9			150	150
471	42	1			150	133
472	1	0			150	150
473	448	445			150	150
474	47	60			150	150
475	27	39			150	146
476	57	8			150	150
477	425	493			150	150
478	1	0			150	150
479	34	25			150	150
480	3	103			150	150
481	66	42			150	118
482	6	3			150	150
483	181	3			150	150
484	181	6			150	150
485	6	21			150	150
486	711	3			127	150
487	221	21			150	150
488	44	13			110	150
489	21	3			150	150
490	83	93			147	150
491	61	93			150	150
492	4	5			150	150
493	8	2			150	150
494	14	21			150	150
495	965	0			147	150
496	9	1			150	84
497	18	1			150	84
498	4	9			150	150
499	50	65			150	150
500	13	14			150	136
501	0	5			150	150
502	1	48			146	150
503	0	6			145	150
504	0	3			145	150
505	0	40			150	150
506	5	26			150	150
507	59	87			150	150
508	0	0			150	150
509	20	32			150	150
510	0	0			150	119
511	1	0			79	82
512	2	1			150	150
513	8	6			150	150
514	0	1			150	150
515	0	1			150	150
516	1	30			108	144
517	1	5			108	102
518	0	0			78	150
519	7	244			150	150
520	7	97			150	150
521	5	16			111	150
522	5	0			150	150
523	4	15			150	150
524	12	3			150	150
525	93	98			150	150
526	1	0			113	137
527	311	351			150	150
528	73	122			118	150
529	100	191			150	150
530	53	103			150	150
531	74	111			150	150
532	1	0			150	150
533	192	184			150	150
534	0	0			150	125
535	161	264			148	150
536	37	41			150	124
537	0	1			150	150
538	0	0			150	81
539	12	9			150	150
540	5	11			142	150
541	0	0			138	150
542	0	1			150	150
543	0	0			150	150
544	1	0			150	150
545	1	0			150	150
546	0	0			150	150
547	7	12			150	150
548	126	490			150	150
549	703	286			150	150
550	46	1			149	137
551	26	2			150	150
552	25	47			150	150
553	0	0			98	98
554	0	0			81	81
555	17	1			128	132
556	0	0			150	105
557	0	0			117	105
558	0	6			150	150
559	41	24			138	150
560	125	64			150	150
561	499	499			150	150
562	19	0			150	150
563	3	0			150	150
564	1	52			147	144
565	16	6			147	150
566	3	109			150	150
567	87	73			150	137
568	24	16			150	150
569	3	1			112	150
570	10	3			150	112
571	7	13			150	150
572	6	22			133	147
573	17	16			147	150
574	136	159			150	150
575	0	1			150	150
576	29	56			114	149
577	169	275			135	150
578	0	0			147	141
579	4	4			150	150
580	0	0			150	146
581	6	0			84	84
582	440	477			148	149
583	117	437			150	148
584	18	11			150	150
585	3	1			150	150
586	7	15			150	150
587	2	0			150	150
588	9	0			150	150
589	31	8			144	108
590	59	63			150	150
591	122	162			148	141
592	2	162			137	141
593	3	162			127	141
594	0	1			150	141
595	23	27			150	150
596	0	0			150	150
597	174	242			150	150
598	77	52			150	130
599	78	63			150	150
600	78	64			150	150
601	0	5			150	150
602	0	7			150	115
603	24	1			150	150
604	19	24			150	150
605	0	0			150	150
606	4	0			126	150
607	0	0			150	150
608	13	12			150	120
609	0	2			150	135
610	0	0			96	96
611	23	18			150	116
612	0	0			150	150
613	0	3			129	137
614	0	0			150	150
615	181	0			100	100
616	1	4			150	150
617	2	3			150	150
618	1	2			150	150
619	15	7			150	114
620	22	25			150	150
621	0	0			150	125
622	0	0			150	150
623	32	9			150	99
624	32	25			150	147
625	0	1			150	142
626	0	0			142	150
627	0	0			142	111
628	0	0			150	150
629	10	12			133	150
630	29	0			150	114
631	136	312			150	150
632	0	1			150	150
633	6	23			150	150
634	0	0			150	150
635	159	167			150	150
636	0	0			150	150
637	1	36			150	150
638	11	36			150	150
639	0	1			150	148
640	26	25			150	150
641	0	0			150	150
642	7	37			103	150
643	11	16			150	150
644	34	45			130	150
645	1	1			150	150
646	14	18			150	150
647	0	7			76	150
648	782	492			143	130
649	70	284			150	150
650	13	104			150	150
651	0	1			138	150
652	1	0			150	150
653	17	38			143	150
654	8	0			150	138
655	70	0			150	138
656	70	8			150	150
657	0	0			110	127
658	0	0			126	150
659	39	55			150	150
660	6	11			150	131
661	155	160			150	150
662	26	19			150	150
663	3	1			125	150
664	0	0			150	142
665	7	13			150	150
666	3	4			150	150
667	33	34			150	150
668	65	66			150	150
669	19	2			132	132
670	1	1			143	150
671	0	8			141	150
672	502	194			150	105
673	0	0			123	99
674	0	22			150	150
675	2	0			150	131
676	0	0			150	150
677	79	51			150	133
678	18	18			150	150
679	0	2			150	150
680	0	39			150	150
681	0	89			150	150
682	81	128			150	150
683	64	37			126	150
684	133	10			150	107
685	12	14			150	150
686	11	15			150	150
687	4	5			150	148
688	1	1			150	150
689	1	1			150	150
690	1	1			150	150
691	63	62			150	150
692	24	6			150	144
693	23	17			150	150
694	0	0			120	150
695	0	0			147	150
696	0	0			150	150
697	0	0			135	150
698	0	11			150	150
699	0	0			150	126
700	0	26			121	144
701	0	78			150	110
702	2	1			150	150
703	97	0			150	150
704	115	136			150	150
705	1361	3474			150	150
706	30	38			150	138
707	30	57			150	150
708	38	54			150	138
709	3	8			114	150
710	2	65			150	150
711	6	66			150	150
712	6	72			150	150
713	66	72			150	150
714	10	59			150	146
715	20	1			150	150
716	14	1			150	150
717	3	91			143	150
718	5	50			150	142
719	26	3			150	150
720	26	3			150	150
721	26	9			150	150
722	0	0			81	81
723	11	41			150	150
724	75	38			150	146
725	3	1			150	150
726	27	3			150	150
727	0	3			150	150
728	0	27			150	150
729	3	13			134	150
730	0	0			150	102
731	0	0			111	114
732	0	3			134	118
733	1	97			150	150
734	1	0			150	150
735	1	1			150	150
736	0	1			150	150
737	1	0			87	84
738	3	0			150	147
739	3	0			150	150
740	0	0			150	150
741	80	15			150	94
742	21	15			150	94
743	21	80			150	150
744	0	0			142	106
745	47	43			150	150
746	63	0			83	83
747	0	0			150	150
748	1	0			84	84
749	6	34			150	150
750	38	0			92	92
751	0	1			99	99
752	0	0			150	150
753	22	50			124	149
754	8	0			150	144
755	8	0			150	150
756	0	0			144	150
757	12	22			150	150
758	3	4			150	150
759	3	5			150	133
760	3	0			150	150
761	4	0			150	150
762	5	0			133	150
763	39	27			150	150
764	2	1			150	150
765	2	1			150	150
766	66	40			132	150
767	118	20			150	150
768	0	1			150	109
769	3	77			150	132
770	0	0			150	150
771	0	0			150	150
772	19	44			150	150
773	293	1			150	150
774	38	67			150	141
775	9	1			150	150
776	69	91			150	150
777	45	12			125	136
778	0	6			150	128
779	74	13			150	150
780	57	2			150	150
781	197	25			147	150
782	0	0			150	132
783	0	0			150	132
784	0	0			150	150
785	11	41			112	150
786	1552	21			150	150
787	2191	9			107	113
788	6	4			150	150
789	0	18			150	150
790	0	0			150	150
791	22	27			150	150
792	22	19			150	124
793	31	36			150	150
794	3	31			150	150
795	3	10			150	110
796	0	0			138	149
797	76	0			150	150
798	39	0			150	150
799	0	0			150	150
800	22	14			144	150
801	12	14			150	150
802	3	0			150	114
803	11	13			150	150
804	0	0			114	150
805	10	18			122	147
806	19	29			150	150
807	19	0			150	150
808	19	26			150	150
809	0	26			150	150
810	19	20			150	108
811	27	16			150	150
812	3	10			150	143
813	86	132			150	150
814	0	0			97	99
815	9	2			150	150
816	0	0			120	120
817	0	0			135	150
818	1	3			150	150
819	0	0			150	150
820	86	126			150	150
821	19	6			150	108
822	39	58			113	150
823	37	61			150	150
824	97	56			150	101
825	0	0			87	87
826	3	0			102	150
827	57	8			117	141
828	25	18			150	119
829	26	34			150	150
830	31	55			136	150
831	44	64			150	150
832	0	0			150	150
833	26	77			124	150
834	1	7			99	100
835	0	0			150	150
836	9	22			150	150
837	43	5			150	150
838	124	45			150	130
839	0	0			150	150
840	0	0			150	150
841	17	32			114	150
842	5	158			150	150
843	15	7			150	150
844	41	52			150	150
845	0	0			90	90
846	0	16			90	78
847	0	0			117	78
848	11	19			150	150
849	3	182			113	142
850	130	182			142	142
851	130	3			142	113
852	95	83			150	150
853	5	0			150	150
854	0	3			150	150
855	11	8			148	150
856	7	8			150	150
857	4	1			148	150
858	15	15			150	150
859	3	2			109	141
860	3	105			147	150
861	7	105			150	150
862	0	0			150	121
863	11	0			136	128
864	0	3			150	150
865	3	10			150	138
866	4	1			150	150
867	30	50			150	150
868	0	0			150	150
869	0	3			150	150
870	0	0			150	150
871	0	3			150	150
872	0	0			150	150
873	0	0			87	90
874	3	0			128	150
875	1410	3227			103	150
876	3181	3227			150	150
877	7	4			150	150
878	4	13			150	150
879	32	32			150	140
880	12	72			113	150
881	5	0			150	133
882	19	6			150	150
883	8	2			150	150
884	0	1			150	150
885	2	0			150	105
886	0	31			87	87
887	1	0			150	150
888	0	0			150	150
889	0	0			150	150
890	0	0			150	150
891	54	76			150	150
892	76	93			140	150
893	0	0			150	124
894	14	53			110	150
895	19	0			150	106
896	0	12			150	150
897	0	0			150	150
898	10	82			102	120
899	61	80			132	150
900	11	7			150	150
901	0	0			150	150
902	2	1			150	150
903	0	3			150	150
904	9	17			141	149
905	9	21			141	150
906	13	6			150	150
907	0	0			150	150
908	29	106			150	150
909	3	27			114	102
910	3	27			126	102
911	30	15			150	102
912	36	12			150	102
913	210	310			150	150
914	263	284			150	138
915	25	91			150	150
916	262	0			150	150
917	4	0			150	150
918	4	0			150	131
919	0	0			150	131
920	0	36			98	150
921	0	4			150	150
922	11	0			150	150
923	14	16			150	150
924	22	18			150	150
925	0	74			150	150
926	1	0			117	150
927	0	62			150	150
928	0	0			150	150
929	0	0			150	150
930	0	0			150	150
931	11	8			150	150
932	0	0			127	129
933	0	2			150	150
934	10	16			150	150
935	0	0			150	150
936	0	1			150	150
937	3	4			141	150
938	0	0			110	150
939	0	0			110	150
940	0	0			150	146
941	3	40			124	128
942	22	38			150	112
943	45	0			150	150
944	34	35			150	150
945	5	2			150	150
946	0	29			150	136
947	31	31			150	150
948	0	0			98	95
949	4	9			130	150
950	48	9			150	105
951	0	10			150	150
952	0	58			106	150
953	0	113			79	150
954	13	23			98	150
955	1	3			150	150
956	34	4			150	150
957	19	38			150	150
958	0	1			150	150
959	6	4			132	132
960	4	0			93	93
961	1	0			96	90
962	1	1			96	90
963	1	0			87	99
964	0	9			116	116
965	0	0			150	150
966	15	41			146	150
967	36	25			150	150
968	48	0			98	101
969	188	215			150	150
970	422	439			150	150
971	113	246			150	150
972	195	209			150	150
973	0	420			150	150
974	22	62			150	150
975	0	7			150	150
976	0	0			150	150
977	7	7			150	150
978	3	1			138	150
979	8	5			150	150
980	19	5			150	150
981	54	75			150	150
982	0	9			150	150
983	0	0			150	150
984	12	91			136	150
985	0	0			150	150
986	0	0			150	136
987	0	0			150	136
988	18	11			146	150
989	1	55			117	150
990	366	462			150	150
991	4	36			150	150
992	22	34			150	150
993	4	95			150	122
994	25	80			109	126
995	33	15			150	150
996	3	289			150	150
997	0	2			150	135
998	0	2			150	135
999	0	0			141	150
1000	0	0			138	150
1001	68	0			87	87
1002	0	0			150	150
1003	16	3			150	150
1004	4	4			150	150
1005	23	26			150	150
1006	1	4			150	98
1007	11	6			150	150
1008	1	193			150	124
1009	0	0			146	135
1010	0	0			150	150
1011	25	44			130	150
1012	25	27			130	121
1013	25	63			130	150
1014	20	62			150	150
1015	14	10			150	150
1016	119	124			150	150
1017	25	74			107	134
1018	38	54			150	150
1019	0	56			150	150
1020	0	0			81	81
1021	9	2			150	150
1022	1	45			150	150
1023	17	26			137	150
1024	0	0			150	150
1025	0	0			150	150
1026	0	0			150	150
1027	0	0			150	150
1028	0	0			84	84
1029	0	1			123	150
1030	7	1			150	150
1031	0	0			150	150
1032	0	0			150	131
1033	9	8			143	119
1034	21	8			150	119
1035	1	0			150	150
1036	0	0			138	150
1037	49	54			127	150
1038	21	32			128	150
1039	68	38			150	137
1040	0	0			150	150
1041	33	30			150	110
1042	39	138			144	150
1043	0	0			150	150
1044	2	15			141	150
1045	0	0			150	150
1046	0	2			150	150
1047	32	48			137	150
1048	77	53			150	128
1049	79	1			150	150
1050	233	226			150	150
1051	2	1			150	150
1052	0	0			150	150
1053	0	1			150	150
1054	0	0			150	127
1055	1	0			150	127
1056	0	0			96	90
1057	0	6			150	150
1058	4	8			150	150
1059	1	4			150	150
1060	1	13			150	150
1061	6	16			150	150
1062	8	0			150	150
1063	0	0			150	95
1064	0	0			150	137
1065	0	0			95	137
1066	2	3			125	150
1067	1	0			147	141
1068	1	0			150	141
1069	1	1			150	147
1070	0	0			108	150
1071	7	1			148	150
1072	0	0			150	150
1073	0	0			150	150
1074	0	0			150	150
1075	0	0			150	150
1076	0	0			150	150
1077	3	21			150	147
1078	28	35			150	150
1079	3	37			131	150
1080	0	0			81	81
1081	0	0			150	150
1082	0	76			81	144
1083	0	76			81	144
1084	0	0			81	81
1085	0	10			150	150
1086	181	320			150	150
1087	0	0			150	150
1088	62	20			150	135
1089	0	0			150	150
1090	102	84			150	150
1091	113	86			150	150
1092	27	61			127	150
1093	4	5			148	150
1094	0	0			150	137
1095	3	8			150	150
1096	0	1			132	150
1097	7	33			148	150
1098	7	16			148	150
1099	29	15			150	150
1100	91	18			138	97
1101	19	12			97	150
1102	19	142			97	150
1103	12	142			150	150
1104	10	15			150	150
1105	138	365			145	150
1106	39	179			150	150
1107	49	87			150	150
1108	0	0			150	150
1109	1	0			150	150
1110	46	106			150	150
1111	1	1			150	150
1112	4	13			150	150
1113	5	9			150	149
1114	34	0			150	150
1115	8	57			150	150
1116	1	11			150	150
1117	30	6			150	150
1118	0	0			150	150
1119	10	21			150	150
1120	4	10			150	150
1121	1	0			150	150
1122	148	130			150	131
1123	17	5			150	150
1124	0	0			150	150
1125	0	1			150	150
1126	7	22			150	150
1127	9	4			150	150
1128	28	27			150	150
1129	48	27			150	150
1130	20	0			90	93
1131	19	14			150	150
1132	12	0			147	150
1133	35	41			150	150
1134	85	46			150	150
1135	359	374			150	150
1136	1	0			150	103
1137	2	0			150	150
1138	0	0			120	150
1139	0	0			150	150
1140	0	0			150	120
1141	0	0			150	120
1142	0	0			150	150
1143	0	4			150	150
1144	0	0			111	114
1145	0	5			150	150
1146	0	5			150	150
1147	5	0			150	150
1148	2	35			121	135
1149	0	29			119	112
1150	0	69			102	150
1151	0	0			90	87
1152	1	4			150	150
1153	0	0			96	96
1154	0	0			150	150
1155	64	85			150	150
1156	6	34			114	144
1157	0	0			147	141
1158	94	142			150	147
1159	1	142			150	147
1160	18	40			150	150
1161	1008	385			150	150
1162	0	0			150	150
1163	0	0			150	150
1164	1	14			150	150
1165	38	63			136	150
1166	119	265			126	123
1167	119	221			126	150
1168	46	156			129	135
1169	12	183			129	135
1170	36	183			111	135
1171	7	152			129	135
1172	8	152			111	135
1173	214	152			126	135
1174	33	4			129	150
1175	36	4			111	150
1176	78	7			129	150
1177	36	12			111	129
1178	8	7			111	129
1179	214	7			126	129
1180	36	33			111	129
1181	6	28			111	129
1182	141	28			126	129
1183	214	8			126	111
1184	141	6			126	111
1185	112	36			126	111
1186	39	21			150	150
1187	12	15			150	150
1188	0	5			110	93
1189	0	0			150	150
1190	0	0			150	150
1191	0	0			150	150
1192	0	0			150	150
1193	3	11			150	150
1194	4	11			150	150
1195	20	18			148	150
1196	10	15			150	150
1197	2	9			150	114
1198	8	25			150	150
1199	6	17			150	126
1200	1	0			132	150
1201	0	0			150	150
1202	48	86			150	150
1203	111	0			150	150
1204	0	49			150	150
1205	32	0			150	150
1206	38	29			150	150
1207	0	55			150	135
1208	125	13			150	148
1209	1	0			140	150
1210	6	3			142	150
1211	7	2			90	105
1212	30	48			115	150
1213	7	49			115	150
1214	47	43			138	115
1215	35	39			150	150
1216	43	11			150	150
1217	0	0			150	150
1218	2	2			150	136
1219	5	22			120	140
1220	8	47			150	150
1221	0	0			150	150
1222	0	0			150	150
1223	1	0			150	150
1224	2	0			150	150
1225	0	0			150	150
1226	1	0			150	150
1227	2	0			150	150
1228	1	0			150	150
1229	2	0			150	150
1230	1	18			121	150
1231	0	0			121	133
1232	0	0			150	133
1233	0	0			150	121
1234	2	4			141	150
1235	0	19			150	150
1236	456	753			150	150
1237	0	0			150	150
1238	16	97			150	150
1239	0	0			150	150
1240	1	0			150	150
1241	8	5			150	150
1242	11	4			150	150
1243	0	5			102	150
1244	0	0			150	150
1245	65	91			149	150
1246	5	91			150	150
1247	1	4			150	100
1248	41	27			150	150
1249	0	0			150	114
1250	14	19			150	150
1251	0	0			150	98
1252	2	351			150	150
1253	1	2			150	150
1254	0	2			150	150
1255	0	3			150	150
1256	0	1			150	150
1257	0	10			150	150
1258	0	16			79	150
1259	0	0			150	150
1260	0	0			84	96
1261	0	0			144	93
1262	0	0			102	117
1263	33	16			150	150
1264	2	0			133	117
1265	3	0			150	109
1266	7	0			150	109
1267	3	0			150	150
1268	22	12			144	132
1269	0	0			135	150
1270	37	35			150	150
1271	108	159			150	150
1272	0	0			150	106
1273	10	9			117	150
1274	0	0			150	150
1275	0	0			150	150
1276	40	21			150	150
1277	0	7			111	150
1278	41	5			150	150
1279	41	40			150	150
1280	5	40			150	150
1281	0	0			150	150
1282	0	0			123	150
1283	21	33			150	150
1284	99	84			150	150
1285	142	299			117	150
1286	28	21			150	150
1287	24	34			150	150
1288	0	0			150	130
1289	0	0			150	149
1290	35	25			150	150
1291	35	26			150	150
1292	35	26			150	121
1293	23	26			150	121
1294	25	26			150	150
1295	25	26			150	121
1296	34	26			150	121
1297	1	49			150	143
1298	1	49			121	143
1299	18	72			121	143
1300	1	43			143	139
1301	26	44			143	139
1302	7	147			150	150
1303	0	0			150	150
1304	0	2			147	137
1305	26	30			150	150
1306	0	0			114	150
1307	0	0			133	150
1308	24	0			150	87
1309	49	100			150	150
1310	4	1			150	150
1311	2	5			150	150
1312	5	2			150	150
1313	0	0			150	150
1314	0	0			150	150
1315	0	0			84	93
1316	0	5			150	150
1317	53	104			150	150
1318	0	0			110	150
1319	45	68			150	150
1320	47	82			150	150
1321	0	2			150	150
1322	3	2			137	150
1323	65	67			150	150
1324	1	0			150	150
1325	20	2			150	150
1326	98	83			150	136
1327	43	51			146	150
1328	13	2			150	150
1329	20	0			150	150
1330	0	0			150	150
1331	0	0			78	78
1332	0	1			150	150
1333	235	289			150	150
1334	183	194			150	150
1335	183	2			150	118
1336	7	4			150	150
1337	52	59			150	150
1338	34	76			150	139
1339	70	53			150	139
1340	82	59			150	150
1341	34	59			139	150
1342	43	64			139	150
1343	24	0			150	150
1344	0	0			150	99
1345	0	17			150	81
1346	0	1			128	150
1347	65	34			150	150
1348	17	33			150	150
1349	74	39			150	150
1350	61	68			150	150
1351	76	55			150	150
1352	169	200			150	150
1353	0	0			150	150
1354	9	14			150	150
1355	0	0			134	150
1356	0	1			114	150
1357	21	0			150	92
1358	6	17			144	150
1359	3	2			150	127
1360	0	0			150	150
1361	0	4			150	150
1362	1	11			143	150
1363	1	2			143	150
1364	0	10			148	150
1365	7	5			150	150
1366	5	0			150	150
1367	3	0			150	150
1368	3	0			150	150
1369	0	0			150	150
1370	0	0			150	150
1371	0	0			150	150
1372	0	0			150	150
1373	0	0			150	103
1374	0	0			150	150
1375	28	35			150	150
1376	1	1			150	150
1377	2	90			144	150
1378	3	4			150	133
1379	4	0			150	150
1380	0	0			150	150
1381	0	4			149	149
1382	9	39			150	150
1383	57	77			150	150
1384	65	95			150	150
1385	12	32			150	150
1386	0	30			105	133
1387	71	54			150	132
1388	169	274			150	150
1389	119	6			150	123
1390	6	0			150	150
1391	8	0			150	150
1392	1	0			150	150
1393	1	6			150	150
1394	1	8			150	150
1395	0	0			121	147
1396	0	0			150	150
1397	39	38			150	150
1398	0	3			150	140
1399	0	1			150	150
1400	577	269			150	150
1401	85	68			150	150
1402	11	10			150	150
1403	1	8			150	150
1404	110	191			150	150
1405	46	48			150	150
1406	47	64			150	150
1407	47	64			150	150
1408	0	0			144	131
1409	143	97			150	150
1410	0	0			126	150
1411	134	201			150	150
1412	191	96			150	120
1413	190	2			150	120
1414	186	1			150	120
1415	186	127			150	131
1416	1	127			120	131
1417	99	136			120	150
1418	98	133			120	131
1419	46	2			150	150
1420	80	171			150	150
1421	1	0			150	150
1422	0	1			150	121
1423	62	0			150	150
1424	62	59			150	150
1425	44	80			150	150
1426	0	1			150	150
1427	378	8			150	150
1428	0	0			150	150
1429	4	0			99	99
1430	15	14			134	150
1431	20	14			150	150
1432	0	0			150	150
1433	49	91			129	150
1434	29	1			125	115
1435	57	89			150	150
1436	14	13			150	138
1437	15	2			150	138
1438	1	0			150	150
1439	0	0			150	150
1440	0	0			150	150
1441	0	0			141	150
1442	0	0			150	130
1443	0	0			150	130
1444	0	0			150	150
1445	0	0			150	150
1446	0	0			150	150
1447	0	0			150	150
1448	0	0			150	136
1449	2	2			150	150
1450	0	0			150	150
1451	71	60			141	143
1452	64	98			143	146
1453	65	84			146	133
1454	33	31			150	150
1455	1	33			146	150
1456	330	337			150	150
1457	0	0			134	150
1458	0	0			96	96
1459	134	33			150	150
1460	78	146			150	150
1461	33	55			150	150
1462	4	55			150	150
1463	16	26			150	150
1464	10	8			150	150
1465	0	0			147	141
1466	4	14			150	150
1467	120	2			150	150
1468	6	21			150	140
1469	0	0			123	150
1470	0	0			123	150
1471	0	0			123	78
1472	0	0			150	78
1473	0	0			150	78
1474	28	37			150	150
1475	26	11			150	150
1476	71	0			79	79
1477	1	26			150	150
1478	0	0			150	150
1479	12	13			150	150
1480	5	5			150	143
1481	3	25			143	150
1482	9	14			150	150
1483	28	30			150	150
1484	3	0			150	150
1485	4	0			150	150
1486	15	14			150	150
1487	283	25			113	136
1488	0	0			150	150
1489	0	0			115	150
1490	16	43			150	150
1491	0	0			139	128
1492	2	1			108	123
1493	46	57			150	150
1494	33	2			128	79
1495	0	7			150	150
1496	0	1			150	150
1497	7	1			150	150
1498	58	234			150	144
1499	107	1			150	76
1500	0	0			150	136
1501	1	0			150	150
1502	1	1			150	150
1503	0	0			150	150
1504	0	12			150	131
1505	0	12			150	131
1506	0	1			150	150
1507	0	0			150	122
1508	39	6			150	150
1509	17	27			150	150
1510	20	16			129	124
1511	2	0			150	150
1512	58	72			114	132
1513	122	55			150	114
1514	6	30			150	150
1515	0	30			150	122
1516	0	0			150	150
1517	0	0			150	150
1518	20	51			150	150
1519	15	18			150	150
1520	1	0			81	81
1521	27	42			130	150
1522	166	142			150	129
1523	184	137			150	129
1524	484	466			150	150
1525	0	11			96	96
1526	0	10			96	93
1527	130	204			150	150
1528	88	203			150	150
1529	51	327			118	150
1530	127	198			150	150
1531	75	137			133	150
1532	56	64			129	150
1533	0	0			150	150
1534	0	0			150	150
1535	1	1			142	150
1536	0	5			114	145
1537	0	3			150	150
1538	0	0			150	150
1539	0	0			150	150
1540	0	2			150	145
1541	3	0			150	150
1542	3	0			150	150
1543	3	2			150	145
1544	0	2			150	145
1545	0	2			150	145
1546	0	0			123	150
1547	34	39			150	150
1548	0	0			150	108
1549	2	0			147	141
1550	15	31			150	150
1551	7	31			150	150
1552	2	0			126	99
1553	6	20			150	150
1554	0	8			150	150
1555	0	8			150	150
1556	0	0			150	150
1557	0	0			150	150
1558	0	0			96	90
1559	41	7			150	150
1560	21	15			150	150
1561	16	38			150	150
1562	241	12			150	150
1563	15	32			150	150
1564	1	0			150	150
1565	691	1416			150	150
1566	4	9			150	150
1567	1	0			150	150
1568	0	0			150	150
1569	20	30			141	150
1570	0	0			144	150
1571	0	0			150	150
1572	171	10			150	150
1573	23	29			150	150
1574	0	0			87	87
1575	0	1			150	147
1576	0	0			150	147
1577	35	90			150	150
1578	0	15			79	150
1579	9	16			150	150
1580	3	16			150	150
1581	2	1			139	150
1582	22	78			150	150
1583	0	42			84	150
1584	0	0			150	150
1585	54	136			123	150
1586	18	10			150	129
1587	5	1			150	150
1588	47	40			150	135
1589	112	136			150	136
1590	0	8			98	98
1591	1333	2845			150	150
1592	1333	3			150	150
1593	2	0			150	150
1594	24	22			150	150
1595	14	101			150	150
1596	0	0			140	125
1597	15	26			150	150
1598	0	0			150	107
1599	0	0			150	150
1600	2	15			106	150
1601	26	50			150	150
1602	70	177			138	150
1603	9	14			150	150
1604	32	8			150	90
1605	8	6			150	150
1606	0	1			111	150
1607	4	11			150	150
1608	16	124			150	150
1609	0	17			120	150
1610	1	3			150	150
1611	0	150			132	150
1612	22	15			150	143
1613	0	6			150	150
1614	0	6			105	150
1615	0	0			105	150
1616	0	0			150	150
1617	83	97			150	150
1618	2	158			150	150
1619	37	83			126	150
1620	0	126			82	150
1621	70	117			150	150
1622	0	0			150	150
1623	0	0			150	150
1624	116	132			150	150
1625	19	1			150	150
1626	19	1			150	150
1627	47	0			150	150
1628	20	2646			150	150
1629	2048	2646			111	150
1630	26	22			110	125
1631	55	22			150	125
1632	6	1			147	150
1633	291	320			150	149
1634	3	320			150	149
1635	31	330			150	150
1636	148	130			150	150
1637	76	74			150	126
1638	0	52			147	147
1639	0	0			150	150
1640	16	5			150	150
1641	3	0			150	150
1642	1	1			150	150
1643	1	0			150	150
1644	1	0			150	150
1645	0	57			150	150
1646	0	29			150	150
1647	0	0			106	106
1648	0	0			100	100
1649	591	0			150	150
1650	1213	0			150	150
1651	0	0			150	150
1652	201	352			150	150
1653	45	52			150	150
1654	274	0			150	150
1655	33	114			108	128
1656	101	43			150	108
1657	3	82			150	150
1658	3	123			150	150
1659	3	79			150	150
1660	0	1			150	150
1661	0	1			150	150
1662	0	0			131	150
1663	138	152			150	150
1664	15	13			150	150
1665	20	14			150	145
1666	75	25			150	150
1667	69	0			84	87
1668	1075	63			150	119
1669	812	0			132	150
1670	3	0			138	115
1671	45	7			150	132
1672	34	30			150	150
1673	0	62			150	150
1674	0	0			150	150
1675	0	0			150	108
1676	4	9			124	150
1677	0	6			150	150
1678	2	3			150	150
1679	5	0			141	150
1680	2	0			150	137
1681	0	0			150	137
1682	0	2			150	150
1683	27	28			150	150
1684	0	0			123	150
1685	2	91			118	150
1686	116	84			150	135
1687	0	0			93	126
1688	0	40			150	150
1689	5	0			150	150
1690	1	2			150	150
1691	0	1			150	150
1692	39	50			150	150
1693	114	74			150	149
1694	38	0			150	129
1695	0	2			150	150
1696	0	0			150	143
1697	0	0			150	98
1698	0	0			150	98
1699	16	119			114	150
1700	99	98			150	123
1701	4	0			150	128
1702	35	29			150	150
1703	0	1			150	150
1704	39	49			150	150
1705	37	59			150	150
1706	26	27			150	139
1707	3	58			150	150
1708	113	191			150	150
1709	43	25			150	150
1710	0	0			150	145
1711	15	86			150	150
1712	21	2			150	150
1713	23	45			150	150
1714	0	0			150	150
1715	0	2			129	114
1716	9	353			150	150
1717	10	90			135	150
1718	27	43			142	150
1719	0	0			144	150
1720	0	0			144	150
1721	0	0			150	150
1722	10	0			150	132
1723	146	102			150	150
1724	3	4			142	150
1725	0	5			96	93
1726	0	0			150	98
1727	0	0			150	98
1728	2	0			120	150
1729	14	525			150	150
1730	15	525			150	150
1731	0	0			150	150
1732	4	3			150	150
1733	4	3			150	150
1734	31	13			150	150
1735	9	9			141	150
1736	0	0			99	132
1737	17	83			150	150
1738	17	96			150	135
1739	83	96			150	135
1740	93	145			150	150
1741	0	24			149	150
1742	0	12			149	150
1743	8	26			150	150
1744	12	8			150	150
1745	13	1			150	150
1746	11	16			150	150
1747	2	45			150	150
1748	10	45			150	150
1749	158	245			132	150
1750	39	32			150	150
1751	48	38			150	150
1752	24	35			150	150
1753	5	134			150	150
1754	0	0			77	150
1755	39	62			146	146
1756	36	41			150	150
1757	65	0			150	80
1758	4776	7814			150	150
1759	4293	6043			150	150
1760	395	534			150	135
1761	4	5			150	150
1762	47	0			150	135
1763	53	15			150	150
1764	189	12			144	144
1765	4	4			150	150
1766	0	0			111	150
1767	6	10			150	150
1768	12	15			150	150
1769	18	13			150	150
1770	0	27			150	150
1771	0	0			150	150
1772	4	0			150	79
1773	18	10			150	132
1774	22	0			150	150
1775	3	9			125	150
1776	15	9			125	150
1777	0	9			127	150
1778	3	9			125	150
1779	3	26			131	125
1780	10	4			150	150
1781	0	0			116	150
1782	1	6			150	150
1783	0	4			150	150
1784	0	1			150	150
1785	191	1			138	150
1786	0	4			150	150
1787	0	1			150	150
1788	0	0			150	150
1789	0	0			150	150
1790	316	39			150	141
1791	31	50			150	150
1792	3	0			127	150
1793	6	56			133	150
1794	2	0			104	150
1795	0	0			132	150
1796	18	0			150	150
1797	0	0			93	93
1798	0	0			93	150
1799	8	22			150	141
1800	10	5			150	150
1801	9	2			150	150
1802	9	31			150	149
1803	2	31			150	149
1804	3	31			149	128
1805	6	32			149	128
1806	26	120			150	150
1807	0	0			150	114
1808	0	0			150	114
1809	2	1			150	150
1810	2	0			150	150
1811	1	7			150	150
1812	1	11			150	150
1813	3	1			134	150
1814	3	0			134	150
1815	1	19			134	150
1816	1	0			150	150
1817	7	11			150	150
1818	0	0			150	150
1819	0	0			150	137
1820	0	0			150	137
1821	0	0			150	150
1822	1	9			150	150
1823	19	14			150	150
1824	9	205			150	150
1825	9	204			150	150
1826	0	0			150	150
1827	18	0			150	122
1828	1	62			150	150
1829	3	5			150	150
1830	24	38			150	139
1831	20	28			114	150
1832	0	0			135	117
1833	0	0			108	117
1834	0	0			108	135
1835	0	0			108	135
1836	18	4			148	148
1837	23	21			142	150
1838	14	22			120	150
1839	14	14			150	142
1840	0	13			120	142
1841	0	23			117	150
1842	15	23			120	150
1843	0	23			117	150
1844	0	23			120	150
1845	2	21			150	150
1846	8	13			150	150
1847	59	4			150	150
1848	29	1			150	150
1849	7	2			135	147
1850	23	21			150	150
1851	0	16			115	130
1852	1	32			115	130
1853	19	39			150	150
1854	0	0			150	150
1855	2	0			133	122
1856	2	2			133	150
1857	0	2			122	150
1858	6	5			150	150
1859	0	0			93	93
1860	8	32			121	150
1861	21	5			150	121
1862	2	41			123	150
1863	4	2			150	150
1864	1531	651			150	117
1865	0	0			121	150
1866	0	0			150	150
1867	0	0			121	150
1868	0	0			84	84
1869	0	0			150	84
1870	0	0			150	84
1871	47	3			150	150
1872	47	51			147	147
1873	88	116			150	133
1874	2	2			150	150
1875	0	0			150	150
1876	78	73			150	150
1877	68	72			150	150
1878	209	198			139	150
1879	0	0			150	150
1880	47	33			150	129
1881	27	11			150	150
1882	14	24			150	150
1883	14	23			150	150
1884	184	208			150	150
1885	0	2			150	150
1886	1	1			150	129
1887	86	102			150	150
1888	56	86			150	150
1889	0	1			109	150
1890	14	553			150	150
1891	44	30			144	130
1892	8	20			150	150
1893	0	2			126	150
1894	0	2			105	150
1895	0	0			150	150
1896	0	0			150	150
1897	0	0			150	150
1898	7	3			123	150
1899	0	2			93	93
1900	2	3			150	150
1901	27	31			142	136
1902	9	19			144	150
1903	7	2			144	150
1904	142	141			150	150
1905	128	107			150	128
1906	0	0			150	150
1907	0	0			115	118
1908	23	10			150	123
1909	52	24			150	150
1910	39	29			150	150
1911	28	8			143	150
1912	21	23			143	150
1913	0	0			150	150
1914	0	0			99	126
1915	0	0			99	102
1916	0	0			102	126
1917	0	0			102	129
1918	44	20			150	102
1919	20	34			150	150
1920	0	0			150	150
1921	3	8			122	150
1922	0	0			150	98
1923	0	0			150	98
1924	32	7			150	106
1925	9	15			139	150
1926	8	6			150	150
1927	2	2			150	150
1928	1	10			150	150
1929	0	10			150	150
1930	45	10			135	141
1931	35	35			150	150
1932	0	0			147	127
1933	44	22			150	109
1934	52	1			142	150
1935	42	20			150	142
1936	0	0			102	99
1937	25	19			150	150
1938	6	77			97	150
1939	1153	678			150	150
1940	85	808			150	150
1941	124	0			150	150
1942	669	1			150	150
1943	669	7			150	150
1944	0	0			93	90
1945	183	273			150	150
1946	0	84			102	150
1947	0	64			102	150
1948	94	77			150	150
1949	0	0			150	99
1950	0	7			148	78
1951	8	0			123	99
1952	9	12			150	142
1953	0	8			150	150
1954	116	48			150	96
1955	3	0			144	81
1956	1	22			120	150
1957	8	46			150	150
1958	205	4			150	150
1959	18	8			101	150
1960	7	25			150	150
1961	3	0			108	96
1962	4	0			150	96
1963	4	3			150	108
1964	0	0			150	111
1965	25	32			150	150
1966	4	32			150	150
1967	4	69			150	150
1968	12	15			150	150
1969	13	8			150	150
1970	1	0			150	150
1971	0	0			125	150
1972	23	0			150	150
1973	0	2			150	150
1974	2	5			150	145
1975	1	0			150	150
1976	73	0			150	97
1977	52	59			150	150
1978	201	201			144	115
1979	0	0			150	150
1980	4	1			150	117
1981	26	36			150	150
1982	1	1			150	150
1983	0	1			150	150
1984	0	1			150	150
1985	0	0			150	150
1986	1	0			150	150
1987	1	0			150	150
1988	1	0			150	150
1989	7	0			150	150
1990	0	0			150	150
1991	1	39			111	150
1992	144	142			150	150
1993	2	0			150	129
1994	2	0			150	129
1995	2	2			150	150
1996	2	40			150	150
1997	0	1			150	150
1998	0	0			87	87
1999	8	2			150	150
2000	22	52			150	150
2001	17	62			150	150
2002	69	0			150	150
2003	29	30			150	150
2004	0	3			150	150
2005	5	56			150	150
2006	4	58			150	150
2007	68	0			120	150
2008	14	15			148	150
2009	0	58			131	150
2010	0	0			150	150
2011	0	0			150	150
2012	3	19			150	146
2013	0	19			150	146
2014	0	3			150	150
2015	11	72			150	150
2016	15	72			150	150
2017	15	72			150	150
2018	0	1			150	150
2019	0	1			150	150
2020	4	3			150	150
2021	9	28			150	150
2022	18	18			150	147
2023	22	14			150	150
2024	0	0			150	150
2025	43	0			150	150
2026	6	212			150	150
2027	32	87			150	150
2028	0	0			138	150
2029	0	0			138	150
2030	0	0			150	150
2031	0	0			150	138
2032	0	0			150	138
2033	88	115			150	150
2034	0	4			150	150
2035	40	65			150	150
2036	0	0			139	150
2037	15	6			150	150
2038	3	1			150	150
2039	96	139			150	150
2040	141	63			150	150
2041	0	1			108	150
2042	0	0			144	147
2043	0	0			150	150
2044	2	19			123	150
2045	161	0			150	150
2046	17	29			150	150
2047	40	73			150	150
2048	0	0			83	77
2049	0	0			150	133
2050	0	0			150	150
2051	0	0			150	87
2052	0	0			87	150
2053	0	0			150	150
2054	65	51			149	150
2055	6	7			150	150
2056	2361	3034			150	150
2057	37	82			150	150
2058	6	13			150	150
2059	31	40			150	150
2060	11	1			150	114
2061	4	0			117	95
2062	5	24			150	150
2063	33	111			145	149
2064	587	496			150	150
2065	1	8			118	150
2066	74	80			150	150
2067	0	0			150	150
2068	19	22			150	150
2069	0	6			150	150
2070	0	6			150	150
2071	0	0			150	150
2072	18	47			150	150
2073	18	47			150	150
2074	1	9			120	150
2075	1	11			120	150
2076	0	0			150	141
2077	0	0			150	150
2078	0	0			123	150
2079	22	4			150	150
2080	0	0			150	150
2081	0	0			150	129
2082	12	30			150	150
2083	0	0			125	150
2084	0	39			150	150
2085	1	1			150	129
2086	114	61			150	150
2087	4	7			124	121
2088	0	0			150	133
2089	69	55			150	150
2090	10	78			150	149
2091	14	162			150	149
2092	0	0			129	150
2093	75	137			126	150
2094	0	0			130	150
2095	0	0			93	150
2096	119	146			150	150
2097	108	166			150	150
2098	7	0			150	150
2099	0	0			150	150
2100	0	7			150	150
2101	7	10			150	150
2102	15	1			148	150
2103	11	9			148	150
2104	9	7			150	148
2105	2	144			150	150
2106	14	6			150	126
2107	0	5			120	90
2108	0	1			120	90
2109	5	1			90	90
2110	31	14			150	144
2111	0	0			150	98
2112	0	0			150	98
2113	0	86			150	150
2114	0	86			109	150
2115	0	0			109	150
2116	21	88			150	150
2117	21	42			150	150
2118	12	17			150	150
2119	13	19			150	150
2120	1	0			135	149
2121	0	0			150	135
2122	91	4			108	111
2123	0	3			143	134
2124	27	68			105	141
2125	0	2			150	140
2126	51	17			150	150
2127	9	0			150	149
2128	9	25			150	150
2129	0	30			149	150
2130	20	56			128	150
2131	61	81			150	150
2132	72	119			150	150
2133	0	0			150	150
2134	0	0			150	150
2135	0	0			150	150
2136	0	0			150	150
2137	0	0			150	150
2138	0	0			150	150
2139	0	0			150	150
2140	0	0			150	150
2141	0	0			150	150
2142	0	0			150	150
2143	42	60			149	150
2144	0	0			150	134
2145	1	2			147	150
2146	0	0			150	150
2147	0	1			150	150
2148	128	0			150	87
2149	18	0			87	87
2150	0	6			138	150
2151	0	6			138	150
2152	0	6			150	150
2153	0	0			150	138
2154	0	0			150	138
2155	30	79			127	150
2156	55	88			150	150
2157	86	96			150	150
2158	152	175			150	150
2159	0	1			150	150
2160	0	54			150	150
2161	19	1			150	150
2162	11	1			150	150
2163	577	0			150	77
2164	0	1			150	150
2165	0	0			127	127
2166	0	14			150	150
2167	0	5			127	127
2168	2	5			127	127
2169	2	0			127	127
2170	2	49			150	150
2171	0	0			150	126
2172	6	16			150	150
2173	2	4			150	150
2174	9	10			147	150
2175	1	0			135	150
2176	5	4			150	150
2177	16	13			150	150
2178	2	3			150	150
2179	20	37			116	150
2180	80	0			87	87
2181	80	2			87	150
2182	38	55			150	150
2183	0	0			150	103
2184	0	0			150	150
2185	5	21			112	150
2186	5	8			150	116
2187	14	8			150	116
2188	5	39			150	150
2189	14	39			150	150
2190	8	950			150	150
2191	757	750			150	150
2192	246	528			98	123
2193	339	476			150	123
2194	163	158			150	150
2195	439	511			150	150
2196	0	13			102	99
2197	4	0			150	150
2198	30	8			150	106
2199	4	2			129	141
2200	0	0			150	150
2201	0	0			150	150
2202	38	18			150	150
2203	0	0			150	150
2204	19	30			119	150
2205	22	1			119	150
2206	22	23			119	150
2207	7	2			150	150
2208	1	0			136	150
2209	7	5			150	150
2210	0	11			150	150
2211	1	367			111	121
2212	39	73			141	150
2213	0	0			150	150
2214	43	143			141	150
2215	46	46			141	104
2216	73	185			150	150
2217	0	0			99	99
2218	0	0			134	99
2219	3	0			150	134
2220	2	0			150	134
2221	109	60			150	150
2222	115	138			150	150
2223	0	1			150	150
2224	0	3			83	83
2225	1	0			83	110
2226	1	1			83	83
2227	0	1			110	83
2228	9	2			132	141
2229	0	22			99	99
2230	2	22			120	117
2231	31	0			150	150
2232	0	9			92	95
2233	54	2131			150	150
2234	6	4			150	150
2235	171	11			150	92
2236	101	11			150	92
2237	0	0			111	150
2238	64	0			150	108
2239	0	0			147	150
2240	0	0			129	150
2241	0	0			129	150
2242	0	0			129	150
2243	0	4			129	150
2244	0	0			129	150
2245	0	0			150	150
2246	0	4			150	150
2247	0	0			150	150
2248	0	0			150	150
2249	0	4			150	150
2250	0	0			150	150
2251	0	0			150	150
2252	4	0			150	150
2253	0	0			150	150
2254	0	0			150	123
2255	4	10			150	150
2256	0	5			150	150
2257	74	86			150	150
2258	37	104			150	150
2259	4	38			150	138
2260	0	4			150	146
2261	0	83			150	150
2262	11	17			109	143
2263	21	26			150	150
2264	0	53			139	148
2265	0	0			150	144
2266	0	0			150	150
2267	70	93			150	147
2268	6	2			150	150
2269	67	82			150	150
2270	67	84			150	149
2271	177	240			150	150
2272	5	26			121	150
2273	45	76			150	150
2274	0	0			150	111
2275	164	400			119	150
2276	0	1			150	150
2277	0	1			150	150
2278	21	0			150	120
2279	0	0			150	150
2280	0	0			150	117
2281	23	127			150	150
2282	5	126			129	150
2283	18	0			150	150
2284	3	7			127	150
2285	0	0			150	109
2286	0	5			94	94
2287	55	175			150	150
2288	88	8			150	150
2289	0	0			121	133
2290	13	7			145	150
2291	9	10			145	150
2292	0	1			126	150
2293	19	29			150	150
2294	0	0			119	150
2295	0	0			150	99
2296	0	0			116	99
2297	0	0			116	150
2298	0	0			150	150
2299	0	0			150	150
2300	14	0			150	150
2301	0	3			150	150
2302	33	10			150	150
2303	12	14			150	150
2304	0	91			150	150
2305	0	91			150	150
2306	24	113			150	150
2307	42	60			150	150
2308	2	19			150	150
2309	3	1			150	149
2310	0	12			150	150
2311	9	0			135	135
2312	4	2			150	150
2313	0	7			150	108
2314	0	0			150	150
2315	26	95			109	150
2316	26	92			109	150
2317	41	107			147	150
2318	46	107			111	150
2319	121	141			131	150
2320	15	68			150	150
2321	0	0			150	150
2322	7	1			150	111
2323	0	9			150	138
2324	0	9			150	150
2325	11	23			150	150
2326	75	19			150	150
2327	0	0			123	150
2328	0	0			143	137
2329	0	0			150	150
2330	5	5			150	150
2331	0	19			78	78
2332	0	0			93	93
2333	0	1			150	150
2334	285	4			150	150
2335	0	0			90	78
2336	0	0			117	78
2337	0	7			150	150
2338	11	36			130	150
2339	7	8			150	150
2340	6	0			150	150
2341	3	13			150	150
2342	48	41			150	150
2343	74	0			150	150
2344	16	7			150	150
2345	6	3			150	150
2346	7	4			150	150
2347	0	5			127	150
2348	10	0			150	150
2349	0	0			150	150
2350	1	2			150	150
2351	55	91			150	150
2352	0	0			150	150
2353	25	0			150	150
2354	22	16			150	150
2355	22	8			150	150
2356	14	11			150	137
2357	40	4			150	113
2358	55	4			150	113
2359	37	10			150	113
2360	51	67			150	150
2361	1	0			150	150
2362	0	0			150	150
2363	0	0			150	150
2364	39	78			150	150
2365	2	6			125	150
2366	0	2			150	150
2367	1	0			150	150
2368	2	37			150	150
2369	33	38			150	150
2370	78	99			140	150
2371	81	106			150	150
2372	36	90			150	150
2373	9	8			150	150
2374	9	8			150	150
2375	15	95			150	150
2376	0	11			150	150
2377	28	26			150	150
2378	57	74			150	150
2379	11	5			124	117
2380	48	41			150	150
2381	2	1			150	150
2382	0	1			150	150
2383	0	0			132	120
2384	0	1			141	138
2385	0	1			93	93
2386	5	11			90	150
2387	0	0			131	141
2388	4	0			150	96
2389	0	2			150	150
2390	0	5			150	150
2391	0	0			150	150
2392	0	47			150	150
2393	0	0			150	150
2394	4	0			150	150
2395	2	4			150	150
2396	2	24			81	150
2397	24	39			147	150
2398	0	0			150	150
2399	0	4			150	150
2400	3	7			145	150
2401	4	11			130	150
2402	0	0			138	120
2403	30	2			150	127
2404	7	7			119	125
2405	6	99			150	150
2406	98	102			150	150
2407	0	0			150	150
2408	68	80			150	150
2409	0	0			81	81
2410	59	19			150	111
2411	0	0			150	150
2412	92	116			146	150
2413	92	12			146	150
2414	1	47			150	150
2415	18	13			150	150
2416	84	125			150	150
2417	0	0			150	150
2418	0	4			150	150
2419	4	9			150	150
2420	4	81			150	150
2421	0	62			150	115
2422	0	1			150	150
2423	0	0			145	150
2424	113	55			150	150
2425	15	14			150	150
2426	111	145			124	150
2427	31	0			150	144
2428	0	2			123	150
2429	0	0			93	93
2430	0	0			150	137
2431	4	3			150	150
2432	0	0			150	135
2433	0	3			150	133
2434	2	0			133	150
2435	247	343			150	150
2436	15	4			150	121
2437	13	1			126	126
2438	11	8			126	138
2439	0	11			126	138
2440	29	7			150	150
2441	1	7			149	150
2442	1	29			149	150
2443	15	24			150	150
2444	47	66			138	150
2445	26	19			150	150
2446	3	7			150	150
2447	57	135			150	150
2448	57	29			150	150
2449	67	38			150	117
2450	31	55			150	145
2451	35	41			150	150
2452	101	129			146	149
2453	35	148			150	150
2454	0	2			150	150
2455	30	11			150	150
2456	45	111			150	150
2457	102	121			150	150
2458	56	6			150	96
2459	56	6			150	150
2460	0	0			150	150
2461	20	15			142	113
2462	39	38			150	150
2463	34	53			150	150
2464	26	46			150	150
2465	16	16			150	150
2466	0	0			150	150
2467	7	8			150	150
2468	11	4			150	150
2469	89	6			150	150
2470	0	0			150	125
2471	3	14			150	150
2472	1	1			150	150
2473	35	1			150	150
2474	35	1			150	150
2475	54	98			150	150
2476	22	43			147	150
2477	0	0			150	98
2478	0	0			150	98
2479	4	0			150	150
2480	2	0			150	150
2481	1	2			150	150
2482	1	0			150	150
2483	2	0			150	150
2484	0	0			150	114
2485	3	11			150	150
2486	5	2			150	150
2487	0	0			123	150
2488	130	89			150	150
2489	0	0			96	99
2490	3	0			150	150
2491	1	0			150	125
2492	32	53			150	150
2493	35	42			150	150
2494	30	57			150	150
2495	7	13			147	147
2496	4	11			147	147
2497	0	3			150	150
2498	4	14			150	150
2499	12	326			118	150
2500	10	282			118	150
2501	3	1			150	150
2502	5	1			150	150
2503	0	0			94	94
2504	0	0			87	87
2505	0	0			87	87
2506	0	0			87	87
2507	0	0			150	150
2508	17	15			150	150
2509	116	0			150	150
2510	56	88			138	150
2511	6	0			150	150
2512	7	0			150	150
2513	0	0			150	150
2514	0	0			141	150
2515	0	0			141	150
2516	8	20			150	150
2517	17	22			150	144
2518	160	0			150	150
2519	0	1			150	150
2520	0	20			150	146
2521	0	19			150	137
2522	1	20			150	146
2523	1	19			150	137
2524	4	13			150	147
2525	0	0			123	150
2526	3	2			138	150
2527	61	54			140	103
2528	22	53			140	103
2529	6	7			150	150
2530	4	13			150	150
2531	4	13			150	150
2532	13	13			150	150
2533	4	8			150	150
2534	312	8			145	147
2535	35	32			150	147
2536	35	47			150	150
2537	1	45			146	147
2538	0	0			150	150
2539	122	9			150	150
2540	7	0			150	150
2541	3	0			150	150
2542	4	0			150	150
2543	19	29			150	150
2544	52	50			150	135
2545	16	26			150	150
2546	15	15			150	150
2547	13	15			150	150
2548	56	146			129	150
2549	2803	4064			150	150
2550	17	4063			144	150
2551	2803	4086			150	150
2552	2165	3134			131	150
2553	2	1675			125	122
2554	47	113			150	150
2555	10	29			117	150
2556	2	9			150	150
2557	0	0			109	143
2558	0	0			150	150
2559	0	0			150	150
2560	0	0			150	150
2561	2	3			126	148
2562	3	2			126	148
2563	3	13			126	148
2564	2	13			148	148
2565	1	8			148	148
2566	93	93			145	150
2567	138	93			150	150
2568	33	17			150	104
2569	22	16			150	150
2570	137	164			150	150
2571	70	126			150	150
2572	4	0			150	150
2573	27	0			150	150
2574	11	33			150	150
2575	32	185			120	117
2576	61	59			146	131
2577	0	0			150	150
2578	0	0			150	150
2579	6	9			150	150
2580	188	183			150	123
2581	188	162			150	118
2582	59	75			138	150
2583	33	50			150	127
2584	0	79			150	150
2585	5	3			150	150
2586	7	7			150	150
2587	0	0			140	150
2588	0	0			123	140
2589	0	0			150	150
2590	13	21			150	150
2591	12	32			142	150
2592	0	0			123	150
2593	21	6			150	150
2594	19	74			150	150
2595	115	230			150	150
2596	365	458			150	138
2597	361	394			150	150
2598	238	310			145	136
2599	0	18			147	150
2600	191	681			134	150
2601	4	1			150	150
2602	2	1			150	150
2603	2	1			150	150
2604	0	1			130	150
2605	56	1			150	150
2606	56	2			150	150
2607	56	0			150	130
2608	127	3			150	103
2609	70	78			143	150
2610	0	38			150	150
2611	18	23			150	150
2612	7	15			150	150
2613	4	16			150	150
2614	6	20			150	150
2615	0	11			142	116
2616	1	0			150	150
2617	19	42			150	122
2618	0	0			150	148
2619	14	48			150	150
2620	27	0			150	150
2621	0	0			150	150
2622	1	10			150	150
2623	10	10			126	150
2624	0	1			150	150
2625	19	29			150	150
2626	20	27			150	139
2627	10	28			150	150
2628	6	16			150	150
2629	4	16			150	150
2630	20	91			150	150
2631	0	0			96	102
2632	0	1			96	96
2633	182	63			150	150
2634	165	3			87	87
2635	0	0			150	150
2636	0	0			150	150
2637	0	0			132	150
2638	0	0			150	150
2639	42	26			150	150
2640	6	35			150	150
2641	0	1			150	121
2642	0	0			109	150
2643	0	6			150	150
2644	0	6			150	150
2645	0	6			150	150
2646	0	6			150	150
2647	0	0			150	150
2648	0	0			150	150
2649	0	0			150	150
2650	0	0			150	150
2651	0	0			150	150
2652	0	0			150	150
2653	0	0			123	150
2654	81	125			136	150
2655	73	1			150	136
2656	82	76			150	136
2657	18	24			150	150
2658	0	0			90	150
2659	42	41			150	147
2660	19	20			150	150
2661	17	25			150	150
2662	5	5			145	136
2663	0	0			129	129
2664	4	50			150	150
2665	0	0			78	78
2666	0	0			78	78
2667	0	0			78	78
2668	0	0			150	150
2669	0	1			150	150
2670	0	0			150	150
2671	33	38			150	150
2672	0	0			96	150
2673	0	0			150	147
2674	35	21			145	150
2675	72	11			150	150
2676	0	24			150	147
2677	4	12			141	135
2678	54	76			128	146
2679	2	0			150	150
2680	21	0			150	108
2681	2	1			150	150
2682	2	14			134	150
2683	8	15			150	150
2684	1	5			150	150
2685	18	23			111	150
2686	40	14			150	105
2687	12	14			117	105
2688	5	9			150	148
2689	48	92			150	150
2690	328	297			150	150
2691	5	18			101	130
2692	45	53			150	150
2693	24	44			150	150
2694	5	44			150	150
2695	61	0			150	150
2696	0	171			119	150
2697	0	0			150	150
2698	0	0			123	150
2699	0	0			150	150
2700	254	184			150	150
2701	1	0			150	132
2702	151	183			150	150
2703	0	0			138	150
2704	3	68			150	101
2705	2	19			150	101
2706	4	104			101	150
2707	0	0			150	150
2708	0	0			150	150
2709	0	0			150	150
2710	0	0			148	150
2711	0	0			150	150
2712	0	0			138	140
2713	0	0			150	150
2714	0	0			128	150
2715	0	0			150	150
2716	24	1			150	98
2717	28	15			150	98
2718	11	32			150	150
2719	34	77			150	150
2720	34	23			150	150
2721	37	74			150	150
2722	4	3			147	141
2723	33	65			150	150
2724	82	28			150	129
2725	6	0			96	96
2726	31	27			150	150
2727	2	79			150	128
2728	58	44			150	128
2729	30	22			146	149
2730	19	35			123	146
2731	7	18			141	123
2732	1	3			129	149
2733	2	8			150	139
2734	0	5			150	150
2735	170	140			150	150
2736	169	73			140	150
2737	76	159			150	150
2738	0	0			147	141
2739	53	0			150	102
2740	3	2			150	150
2741	36	3			150	150
2742	25	27			150	150
2743	0	1			150	130
2744	49	97			126	150
2745	13	12			150	150
2746	6	5			150	150
2747	10	4			130	150
2748	0	2			150	150
2749	828	140			136	150
2750	828	672			136	150
2751	1018	795			150	150
2752	0	0			150	150
2753	0	0			110	150
2754	0	0			150	150
2755	0	0			150	114
2756	0	0			102	132
2757	97	100			150	150
2758	1	21			150	150
2759	0	0			150	150
2760	2	3			150	150
2761	190	406			150	150
2762	0	2			150	150
2763	7	75			150	150
2764	225	0			150	116
2765	139	0			132	116
2766	10	592			150	150
2767	1	19			120	144
2768	101	452			150	144
2769	135	209			150	150
2770	3	49			81	150
2771	17	20			150	150
2772	28	15			150	150
2773	1	0			135	135
2774	0	0			132	150
2775	1	4			150	147
2776	0	0			145	150
2777	0	0			150	150
2778	27	43			120	150
2779	1	20			150	150
2780	2	4			116	150
2781	5	0			87	150
2782	0	0			150	103
2783	0	0			150	150
2784	0	0			150	150
2785	30	39			150	150
2786	0	0			150	150
2787	0	7			150	128
2788	1	2			150	150
2789	0	0			150	148
2790	0	5			150	150
2791	0	3			150	112
2792	0	0			150	150
2793	26	0			145	150
2794	0	0			105	147
