ID	IJC_SAMPLE_1	SJC_SAMPLE_1	IJC_SAMPLE_2	SJC_SAMPLE_2	IncFormLen	SkipFormLen
0	0	0			247	137
1	0	0			367	137
2	0	0			367	247
3	0	0			168	98
4	0	0			168	98
5	0	0			138	255
6	0	0			138	255
7	0	0			153	255
8	0	0			153	138
9	0	0			153	138
10	0	0			247	137
11	0	0			367	137
12	0	0			367	247
13	0	0			138	255
14	0	0			138	255
15	0	0			153	255
16	0	0			153	138
17	0	0			153	138
18	0	0			123	165
19	0	0			247	137
20	0	0			367	137
21	0	0			367	247
22	0	0			138	255
23	0	0			138	255
24	0	0			153	255
25	0	0			153	138
26	0	0			153	138
27	0	0			174	214
28	0	0			224	108
29	0	0			192	111
30	0	0			123	165
31	0	0			247	137
32	0	0			367	137
33	0	0			367	247
34	0	0			138	255
35	0	0			138	255
36	0	0			153	255
37	0	0			153	138
38	0	0			153	138
39	0	0			123	165
40	0	0			247	137
41	0	0			367	137
42	0	0			367	247
43	0	0			168	98
44	0	0			168	98
45	0	0			192	111
46	0	0			179	259
47	0	0			259	333
48	0	0			193	192
49	0	0			147	141
50	0	0			218	103
51	0	0			360	151
52	0	0			193	192
53	0	0			111	153
54	0	0			218	103
55	0	0			360	151
56	0	0			147	141
57	0	0			218	103
58	0	0			360	151
59	0	0			193	192
60	0	0			147	141
61	0	0			111	153
62	0	0			193	192
63	0	0			147	141
64	0	0			372	372
65	0	0			218	103
66	0	0			360	151
67	0	0			84	102
68	0	0			148	226
69	0	0			165	238
70	0	0			231	174
71	0	0			141	312
72	0	0			138	297
73	0	0			1374	252
74	0	0			99	126
75	0	0			99	102
76	0	0			102	126
77	0	0			102	129
78	0	0			170	186
79	0	0			206	217
80	0	0			230	203
81	0	0			403	121
82	0	0			182	177
83	0	0			284	177
84	0	0			172	246
85	0	0			172	153
86	0	0			232	211
87	0	0			232	170
88	0	0			190	183
89	0	0			166	291
90	0	0			160	108
91	0	0			126	179
92	0	0			218	103
93	0	0			360	151
94	0	0			173	173
95	0	0			372	372
96	13	3			210	165
97	4	7			110	169
98	0	0			123	165
99	1	3			106	170
100	0	0			420	238
101	64	371			138	297
102	0	12			170	186
103	0	0			193	192
104	0	0			192	111
105	0	0			231	231
106	0	0			194	457
107	0	128			115	205
108	2	0			111	105
109	0	0			217	183
110	1	13			121	173
111	0	1			193	114
112	9	25			213	123
113	0	11			184	222
114	36	36			206	217
115	73	0			175	121
116	55	0			175	121
117	1100	2			1266	192
118	246	41			278	158
119	2	0			93	90
120	247	362			143	183
121	12	11			210	231
122	46	126			151	204
123	3	7			144	111
124	0	0			93	93
125	166	109			211	161
126	0	0			206	126
127	0	0			206	235
128	0	0			126	235
129	14	16			169	159
130	229	42			153	210
131	2	0			175	160
132	37	53			268	170
133	13	47			123	140
134	18	7			211	172
135	0	0			420	238
136	242	291			181	172
137	82	31			252	146
138	0	178			188	185
139	33	176			262	738
140	86	146			163	207
141	1	12			136	168
142	0	9			182	221
143	1	16			167	212
144	16	54			142	227
145	260	4			2424	234
146	4	9			167	195
147	15	20			263	215
148	17	0			215	169
149	769	964			217	236
150	35	2			115	118
151	58	33			154	146
152	32	93			170	220
153	20	5			200	166
154	21	0			223	434
155	21	0			223	113
156	21	0			223	113
157	52	0			282	254
158	35	19			177	151
159	158	309			200	218
160	9	20			167	141
161	25	172			205	192
162	45	172			151	192
163	154	85			198	151
164	6	49			146	229
165	22	41			146	153
166	2	2			153	119
167	2	33			153	130
168	26	8			153	119
169	26	2			153	119
170	2	33			119	130
171	24	34			119	130
172	0	93			154	255
173	59	46			255	130
174	14	178			121	204
175	6	191			121	204
176	36	191			175	204
177	48	191			180	204
178	36	6			175	121
179	48	6			180	121
180	17	59			147	144
181	0	28			175	215
182	0	0			185	133
183	18	8			129	148
184	13	9			1030	221
185	2	9			197	221
186	89	50			254	254
187	21	97			199	233
188	91	103			152	142
189	268	111			243	143
190	669	872			172	145
191	0	0			141	175
192	8	12			219	184
193	4	14			184	137
194	914	159			243	132
195	51	98			191	294
196	11	20			300	144
197	10	24			117	243
198	1	2			222	207
199	3	0			645	198
200	287	366			191	215
201	51	57			202	162
202	0	0			123	182
203	2	68			193	225
204	194	342			255	318
205	2	141			155	164
206	16	108			232	266
207	61	103			159	162
208	48	103			156	162
209	0	0			357	155
210	380	522			141	129
211	178	173			148	230
212	52	168			218	204
213	0	10			151	192
214	73	145			148	123
215	339	148			148	123
216	15	182			131	206
217	3	0			141	139
218	2	0			163	118
219	501	53			161	222
220	501	88			161	278
221	0	0			183	168
222	0	0			150	222
223	4	0			319	319
224	31	3			192	122
225	5	5			193	193
226	21	7			106	226
227	3	39			106	216
228	201	350			188	208
229	0	5			97	97
230	0	0			111	153
231	0	0			218	103
232	0	0			360	151
233	15	13			247	177
234	124	215			214	254
235	15	85			147	285
236	30	49			171	183
237	0	0			249	373
238	0	2			136	229
239	0	2			147	229
240	26	128			133	243
241	131	101			207	143
242	82	127			319	288
243	64	20			451	197
244	0	37			148	198
245	368	435			163	162
246	414	3			161	161
247	918	19			156	141
248	8	15			268	366
249	11	15			314	366
250	466	146			355	150
251	17	36			240	240
252	49	102			136	227
253	58	44			164	136
254	56	44			144	136
255	29	54			154	144
256	143	0			213	120
257	37	154			260	454
258	0	0			200	195
259	0	0			200	250
260	1	3			124	121
261	2	2			153	157
262	11	9			135	129
263	1395	1530			192	207
264	837	1178			168	117
265	0	0			122	119
266	40	254			133	146
267	337	534			176	228
268	273	585			237	269
269	211	255			202	195
270	0	0			171	118
271	116	4			328	174
272	64	1			85	85
273	6	2			173	206
274	1006	493			255	280
275	0	0			143	143
276	0	0			103	143
277	8	9			183	273
278	0	1			299	249
279	115	519			163	393
280	37	519			163	393
281	4	91			131	163
282	2	2			172	172
283	33	2			138	193
284	665	0			192	265
285	5	11			164	202
286	109	359			125	225
287	8	20			137	236
288	4	12			230	202
289	0	0			157	265
290	3	0			269	265
291	3	0			269	157
292	29	32			162	230
293	44	13			206	187
294	29	13			202	187
295	10	0			133	102
296	126	210			311	299
297	126	238			311	302
298	1	0			248	173
299	35	138			238	242
300	457	604			238	276
301	55	182			192	306
302	0	0			163	132
303	31	16			158	158
304	23	21			197	193
305	23	24			197	255
306	157	255			144	243
307	0	0			166	291
308	0	0			190	183
309	0	0			232	170
310	0	0			232	211
311	50	9			397	200
312	1	0			202	226
313	0	0			166	226
314	0	0			125	143
315	1	0			202	204
316	0	1			223	202
317	0	1			166	202
318	0	1			207	202
319	0	4			373	300
320	0	0			167	136
321	0	16			116	199
322	0	0			123	232
323	0	1			204	213
324	27	25			199	141
325	262	358			195	195
326	40	22			153	270
327	115	153			207	225
328	3	1			194	190
329	1	1			216	190
330	7	1			241	190
331	2	1			199	190
332	7	1			241	211
333	1	3			216	194
334	7	3			241	194
335	2	3			199	194
336	7	1			241	216
337	2	1			199	216
338	2	7			199	241
339	1	5			199	241
340	115	170			145	172
341	160	331			172	217
342	8	45			185	159
343	47	68			219	324
344	49	73			197	256
345	1	0			150	174
346	0	0			158	189
347	0	0			202	121
348	74	135			117	205
349	12	24			148	114
350	16	28			160	108
351	7	26			108	180
352	141	347			122	161
353	141	360			122	165
354	25	119			117	149
355	1	6			131	125
356	227	0			185	173
357	132	0			160	173
358	6	15			149	180
359	21	7			124	154
360	11	277			124	180
361	16	7			148	154
362	0	0			174	214
363	1	0			214	179
364	22	32			168	144
365	5	5			165	155
366	2420	1604			241	172
367	2	1			168	193
368	17	74			138	158
369	0	1			120	120
370	25	30			328	176
371	3	2			133	150
372	29	0			183	114
373	48	48			224	165
374	14	11			223	158
375	124	3			268	134
376	2	2			127	126
377	3	4			184	252
378	13	35			129	204
379	30	40			219	219
380	144	115			352	196
381	12	115			160	196
382	0	1			268	123
383	1	4			150	215
384	9	3			201	170
385	53	80			172	209
386	2	1			129	153
387	110	82			188	144
388	123	134			195	196
389	115	129			204	196
390	0	328			100	100
391	39	91			119	180
392	42	1			127	119
393	3	0			230	95
394	3	0			174	96
395	0	0			135	177
396	9	15			167	155
397	2	0			198	187
398	269	382			167	177
399	278	249			167	141
400	0	1			166	295
401	33	13			292	155
402	17	30			155	224
403	27	10			224	187
404	16	0			176	142
405	36	13			250	176
406	149	111			297	236
407	8	0			199	138
408	8	0			199	147
409	0	0			138	147
410	32	83			123	227
411	0	3			167	167
412	36	19			243	177
413	23	19			219	177
414	4	1			250	229
415	23	54			151	196
416	57	16			167	168
417	57	39			167	156
418	45	13			165	167
419	45	61			165	167
420	1	283			117	271
421	201	238			171	171
422	0	0			450	651
423	1	0			176	133
424	0	0			108	135
425	435	1091			154	282
426	39	174			172	209
427	11	3			337	200
428	11	2			337	196
429	130	163			302	148
430	4	4			202	159
431	7	15			171	198
432	99	6			140	178
433	210	366			114	246
434	188	164			135	102
435	131	55			181	181
436	16	12			189	249
437	16	9			179	249
438	15	9			182	249
439	16	15			189	189
440	16	12			179	189
441	15	12			182	189
442	9	2			284	192
443	0	0			430	150
444	11	1			163	366
445	6	0			197	104
446	9	2			182	151
447	0	9			197	273
448	64	38			211	157
449	66	56			198	191
450	15	42			95	156
451	2	4			177	177
452	22	42			220	221
453	21	42			201	221
454	0	4			84	84
455	50	27			211	168
456	11	3			328	200
457	42	41			231	220
458	43	409			102	201
459	3	11			175	174
460	29	5			202	169
461	10	48			128	243
462	35	13			187	128
463	164	233			200	199
464	80	102			234	171
465	3	131			156	135
466	37	43			150	129
467	2	42			147	147
468	26	139			214	278
469	27	139			212	278
470	27	26			212	214
471	95	1			286	133
472	1	0			244	174
473	733	985			189	228
474	169	185			319	308
475	90	39			284	146
476	87	8			215	159
477	495	518			159	152
478	1	0			226	197
479	48	40			197	207
480	3	121			166	166
481	77	42			160	118
482	19	3			168	168
483	484	3			363	168
484	484	19			363	168
485	13	31			206	221
486	711	21			127	229
487	270	22			207	161
488	44	25			110	157
489	26	7			197	200
490	83	98			147	155
491	88	98			172	155
492	21	21			260	258
493	10	2			207	161
494	17	35			162	255
495	965	68			147	245
496	23	1			321	84
497	46	1			516	84
498	15	35			205	462
499	70	154			173	340
500	47	14			183	136
501	0	8			191	195
502	1	121			146	440
503	0	9			145	220
504	0	17			145	671
505	0	67			200	227
506	8	45			160	255
507	121	116			205	172
508	0	0			185	189
509	47	38			253	168
510	0	0			179	119
511	1	0			79	82
512	4	8			214	214
513	16	39			220	368
514	28	8			704	197
515	0	8			253	197
516	1	30			108	144
517	1	5			108	102
518	0	0			78	255
519	13	347			186	205
520	13	204			186	233
521	5	23			111	161
522	6	9			162	198
523	109	34			926	263
524	12	9			154	213
525	154	146			193	182
526	1	0			113	137
527	575	592			225	195
528	73	296			118	238
529	274	203			238	153
530	166	283			250	239
531	325	111			267	150
532	1	0			216	192
533	527	272			265	182
534	0	0			158	125
535	161	578			148	259
536	46	41			158	124
537	3	6			249	246
538	0	0			246	81
539	14	11			163	178
540	5	15			142	219
541	0	0			138	236
542	0	1			159	168
543	0	0			159	162
544	1	0			168	162
545	1	0			192	196
546	0	0			354	354
547	19	25			198	203
548	210	714			201	201
549	708	292			151	151
550	46	1			149	137
551	41	7			161	164
552	40	52			161	164
553	0	0			98	98
554	0	0			81	81
555	17	1			128	132
556	0	0			168	105
557	0	0			117	105
558	0	6			196	193
559	41	39			138	179
560	188	114			171	171
561	760	745			199	177
562	25	4			198	292
563	3	0			163	215
564	1	52			147	144
565	16	16			147	261
566	6	171			156	203
567	149	73			203	137
568	29	47			161	203
569	3	6			112	228
570	15	3			220	112
571	12	24			178	218
572	6	22			133	147
573	17	29			147	207
574	165	288			178	205
575	0	4			236	197
576	29	56			114	149
577	169	572			135	433
578	0	0			147	141
579	4	4			207	161
580	0	0			157	146
581	6	0			84	84
582	440	477			148	149
583	774	437			260	148
584	37	62			190	251
585	5	8			204	750
586	14	15			196	151
587	11	0			692	190
588	11	0			196	163
589	31	8			144	108
590	83	75			178	159
591	122	162			148	141
592	2	162			137	141
593	3	162			127	141
594	0	1			225	141
595	58	50			263	187
596	0	0			260	455
597	176	541			151	264
598	106	52			192	130
599	107	104			192	185
600	107	169			192	243
601	36	5			240	181
602	36	7			240	115
603	27	1			176	198
604	42	67			192	267
605	1	0			171	231
606	4	1			126	270
607	0	0			221	170
608	18	12			208	120
609	0	2			153	135
610	0	0			96	96
611	38	18			190	116
612	0	0			160	173
613	0	3			129	137
614	0	0			219	204
615	181	0			100	100
616	10	10			279	234
617	18	19			318	421
618	8	18			318	318
619	30	7			222	114
620	24	40			156	201
621	0	0			172	125
622	0	0			193	192
623	83	9			235	99
624	46	25			180	147
625	0	1			200	142
626	0	0			142	194
627	0	0			142	111
628	0	0			182	179
629	10	20			133	168
630	37	0			168	114
631	384	518			252	190
632	2	2			252	180
633	23	46			230	203
634	0	0			168	246
635	216	215			175	162
636	3	3			174	200
637	31	58			256	223
638	140	58			518	223
639	6	1			226	148
640	34	30			167	160
641	0	0			165	153
642	7	52			103	183
643	46	41			348	300
644	34	108			130	258
645	1	2			186	216
646	28	29			222	213
647	0	9			76	211
648	782	492			143	130
649	73	407			152	171
650	54	195			172	221
651	0	1			138	195
652	1	1			186	194
653	17	96			143	250
654	10	0			163	138
655	155	0			243	138
656	155	10			243	163
657	0	0			110	127
658	0	0			126	180
659	112	60			245	162
660	45	11			186	131
661	294	325			201	228
662	50	46			203	211
663	3	1			125	195
664	0	0			530	142
665	13	23			251	242
666	10	14			245	189
667	96	40			285	165
668	155	274			247	376
669	19	2			132	132
670	1	1			143	284
671	0	14			141	255
672	572	194			164	105
673	0	0			123	99
674	0	31			211	214
675	3	0			198	131
676	0	0			193	192
677	176	51			246	133
678	18	36			155	179
679	0	14			191	732
680	0	56			166	178
681	0	106			166	178
682	207	509			224	304
683	64	65			126	170
684	152	10			175	107
685	32	33			210	234
686	31	35			225	210
687	9	5			182	148
688	16	20			594	412
689	5	8			290	256
690	5	8			290	255
691	120	91			200	164
692	26	6			164	144
693	44	27			211	166
694	0	0			120	208
695	0	1			147	354
696	0	0			168	202
697	0	0			135	237
698	4	11			211	151
699	0	0			169	126
700	0	26			121	144
701	88	78			243	110
702	11	13			262	317
703	183	4			227	215
704	332	166			275	166
705	3245	8025			222	261
706	46	38			176	138
707	46	65			176	172
708	99	54			228	138
709	3	9			114	170
710	4	135			213	234
711	7	155			168	248
712	7	154			168	219
713	155	154			248	219
714	10	59			151	146
715	50	3			255	168
716	47	3			291	168
717	3	124			143	185
718	24	50			269	142
719	55	38			225	324
720	36	38			180	324
721	36	44			180	324
722	0	0			81	81
723	29	44			248	157
724	101	38			177	146
725	9	5			195	179
726	29	3			178	183
727	4	3			197	183
728	4	29			197	178
729	3	21			134	168
730	2	0			233	102
731	0	0			111	114
732	0	3			134	118
733	12	251			270	314
734	3	0			197	159
735	4	3			316	197
736	1	4			239	316
737	1	0			87	84
738	3	0			255	147
739	3	0			255	150
740	0	0			183	150
741	156	15			193	94
742	38	15			173	94
743	38	156			173	193
744	0	0			142	106
745	105	89			241	215
746	63	0			83	83
747	0	0			200	196
748	1	0			84	84
749	16	58			243	252
750	38	0			92	92
751	0	1			99	99
752	0	0			208	211
753	22	50			124	149
754	9	0			206	144
755	9	0			206	167
756	0	0			144	167
757	24	57			214	286
758	8	10			262	299
759	8	5			262	133
760	8	0			262	236
761	10	0			299	236
762	5	0			133	236
763	85	31			258	155
764	10	2			278	195
765	8	2			274	191
766	66	168			132	216
767	246	81			216	219
768	0	1			178	109
769	42	77			177	132
770	0	0			186	358
771	0	0			186	186
772	63	58			274	197
773	373	6			185	197
774	79	67			183	141
775	10	1			158	238
776	156	142			227	198
777	45	12			125	136
778	97	6			286	128
779	109	55			207	195
780	82	9			185	249
781	197	50			147	185
782	1	0			279	132
783	0	0			173	132
784	0	1			173	279
785	11	79			112	225
786	2180	43			178	173
787	2191	9			107	113
788	11	14			198	279
789	5	61			207	290
790	0	1			255	206
791	48	31			191	158
792	48	19			191	124
793	57	69			191	177
794	7	120			158	262
795	7	10			158	110
796	0	0			138	149
797	118	0			185	150
798	89	0			214	150
799	0	0			217	230
800	22	14			144	156
801	12	23			156	163
802	4	0			204	114
803	26	31			252	243
804	0	0			114	200
805	10	18			122	147
806	29	77			162	238
807	29	48			162	238
808	29	63			162	196
809	48	63			238	196
810	21	20			153	108
811	34	48			162	233
812	5	10			216	143
813	115	169			174	173
814	0	0			97	99
815	14	2			171	158
816	0	0			120	120
817	0	0			135	195
818	1	3			192	174
819	0	0			164	279
820	220	210			213	186
821	21	6			160	108
822	39	150			113	254
823	47	78			173	168
824	182	56			183	101
825	0	0			87	87
826	3	0			102	229
827	57	8			117	141
828	42	18			204	119
829	73	55			245	185
830	31	61			136	171
831	50	182			171	265
832	0	0			297	195
833	26	81			124	153
834	1	7			99	100
835	0	0			231	150
836	14	184			189	731
837	56	10			177	209
838	157	45			167	130
839	0	0			153	169
840	2	0			250	169
841	17	49			114	195
842	83	290			179	202
843	105	147			387	366
844	181	95			366	207
845	0	0			90	90
846	0	16			90	78
847	0	0			117	78
848	20	21			211	163
849	3	182			113	142
850	130	182			142	142
851	130	3			142	113
852	129	221			171	251
853	6	0			167	167
854	0	10			192	381
855	11	13			148	198
856	7	13			223	198
857	4	6			148	198
858	21	44			201	270
859	3	2			109	141
860	3	178			147	247
861	7	178			206	247
862	0	0			175	121
863	11	0			136	128
864	0	3			170	244
865	3	10			157	138
866	7	6			219	198
867	96	65			282	168
868	0	1			234	195
869	1	6			209	174
870	1	3			209	174
871	2	6			273	174
872	2	3			273	174
873	0	0			87	90
874	3	0			128	199
875	1410	8032			103	263
876	4171	8032			170	263
877	21	5			293	169
878	6	24			247	255
879	67	32			214	140
880	12	84			113	164
881	7	0			200	133
882	31	100			164	245
883	13	2			213	225
884	0	1			190	190
885	2	0			192	105
886	0	31			87	87
887	5	0			399	224
888	0	1			245	205
889	0	0			245	314
890	1	0			205	314
891	138	93			236	215
892	76	146			140	211
893	0	0			154	124
894	14	179			110	348
895	26	0			178	106
896	3	29			184	282
897	0	0			332	306
898	10	82			102	120
899	61	104			132	155
900	23	29			189	216
901	0	0			162	152
902	2	2			207	300
903	0	4			200	300
904	9	17			141	149
905	9	21			141	152
906	14	6			173	262
907	7	5			245	231
908	38	208			160	236
909	3	27			114	102
910	3	27			126	102
911	39	15			160	102
912	78	12			244	102
913	387	362			190	163
914	315	284			163	138
915	132	91			266	152
916	451	91			219	203
917	6	0			180	167
918	6	0			180	131
919	0	0			167	131
920	0	73			98	239
921	2	7			217	252
922	14	0			164	235
923	22	32			201	198
924	33	22			198	165
925	0	89			188	171
926	1	0			117	161
927	0	86			165	189
928	0	0			162	207
929	0	0			199	168
930	0	0			198	180
931	19	20			222	228
932	0	0			127	129
933	0	2			216	269
934	15	42			194	223
935	0	0			474	474
936	0	1			474	474
937	3	10			141	239
938	0	0			110	198
939	0	2			110	229
940	0	0			215	146
941	3	40			124	128
942	61	38			242	112
943	84	0			242	184
944	109	63			283	200
945	14	24			198	243
946	0	29			151	136
947	41	58			195	251
948	0	0			98	95
949	4	14			130	201
950	74	9			173	105
951	6	14			233	179
952	0	59			106	155
953	0	198			79	247
954	13	38			98	176
955	2	7			185	254
956	65	19			250	203
957	50	203			250	328
958	11	3			258	160
959	6	4			132	132
960	4	0			93	93
961	1	0			96	90
962	1	1			96	90
963	1	0			87	99
964	0	9			116	116
965	0	0			345	360
966	15	45			146	164
967	48	27			166	163
968	48	0			98	101
969	248	299			168	177
970	770	1115			193	249
971	591	287			301	162
972	555	454			274	209
973	25	780			283	274
974	32	137			180	222
975	0	12			173	173
976	0	2			282	211
977	10	8			204	204
978	3	8			138	179
979	21	25			266	278
980	31	7			223	220
981	57	97			159	172
982	0	17			167	235
983	2	2			250	220
984	12	114			136	193
985	0	0			181	171
986	0	0			181	136
987	0	0			171	136
988	18	19			146	183
989	1	172			117	249
990	1172	521			273	161
991	4	115			158	473
992	96	124			273	262
993	11	95			207	122
994	25	80			109	126
995	33	31			150	164
996	185	814			229	322
997	1	2			360	135
998	3	2			849	135
999	0	0			141	177
1000	0	0			138	204
1001	68	0			87	87
1002	2	0			165	155
1003	35	10			220	220
1004	6	8			213	245
1005	35	41			164	202
1006	10	4			443	98
1007	18	20			193	222
1008	27	193			271	124
1009	0	0			146	135
1010	0	0			249	162
1011	25	114			130	270
1012	25	27			130	121
1013	25	74			130	179
1014	90	73			270	179
1015	26	32			204	264
1016	260	187			237	177
1017	25	74			107	134
1018	85	81			268	204
1019	0	79			173	236
1020	0	0			81	81
1021	20	12			225	243
1022	54	84			232	240
1023	17	61			137	211
1024	0	0			281	172
1025	0	0			281	187
1026	0	0			281	237
1027	0	0			213	281
1028	0	0			84	84
1029	0	2			123	219
1030	7	1			203	162
1031	0	0			173	172
1032	0	0			205	131
1033	9	8			143	119
1034	31	8			212	119
1035	4	0			220	190
1036	0	0			138	169
1037	49	92			127	209
1038	21	48			128	220
1039	87	38			169	137
1040	0	0			211	163
1041	33	30			150	110
1042	39	190			144	178
1043	0	0			251	190
1044	2	18			141	166
1045	1	0			254	174
1046	0	2			204	156
1047	32	73			137	194
1048	82	53			159	128
1049	84	5			159	157
1050	374	330			196	181
1051	2	1			220	182
1052	0	0			194	162
1053	0	2			174	279
1054	0	0			174	127
1055	2	0			279	127
1056	0	0			96	90
1057	1	14			157	210
1058	5	16			157	210
1059	6	5			254	157
1060	6	14			254	157
1061	11	17			194	157
1062	13	5			194	254
1063	2	0			209	95
1064	2	0			209	137
1065	0	0			95	137
1066	2	29			125	182
1067	1	0			147	141
1068	1	0			152	141
1069	1	1			152	147
1070	0	0			108	245
1071	7	1			148	167
1072	1	0			188	244
1073	1	5			188	319
1074	1	0			188	244
1075	1	0			162	244
1076	1	5			162	319
1077	4	21			174	147
1078	29	42			168	163
1079	3	39			131	153
1080	0	0			81	81
1081	0	0			172	172
1082	0	76			81	144
1083	0	76			81	144
1084	0	0			81	81
1085	0	14			177	180
1086	413	335			211	157
1087	0	0			241	183
1088	62	20			150	135
1089	0	0			175	154
1090	185	131			195	187
1091	160	158			187	187
1092	27	137			127	209
1093	4	6			148	172
1094	0	0			166	137
1095	3	17			153	343
1096	0	1			132	176
1097	7	36			148	165
1098	7	17			148	161
1099	42	29			216	216
1100	91	18			138	97
1101	19	104			97	204
1102	19	203			97	192
1103	104	203			204	192
1104	34	37			223	225
1105	138	426			145	167
1106	119	228			183	173
1107	70	180			167	252
1108	0	0			195	161
1109	1	0			161	211
1110	74	169			183	216
1111	1	1			218	177
1112	15	20			309	258
1113	5	9			150	149
1114	94	0			262	213
1115	90	196			348	348
1116	6	39			351	348
1117	112	34			348	348
1118	0	0			211	172
1119	31	27			190	174
1120	23	10			364	153
1121	1	0			173	199
1122	166	130			167	131
1123	19	5			174	157
1124	0	0			160	206
1125	0	2			197	197
1126	114	87			578	280
1127	16	7			249	213
1128	99	33			249	162
1129	120	33			252	162
1130	20	0			90	93
1131	61	30			299	256
1132	12	0			147	202
1133	57	99			181	226
1134	128	128			190	237
1135	477	624			168	190
1136	1	0			218	103
1137	2	0			360	151
1138	0	0			120	160
1139	0	0			168	160
1140	0	0			168	120
1141	0	0			160	120
1142	0	0			202	189
1143	0	63			165	1290
1144	0	0			111	114
1145	0	5			292	215
1146	0	5			159	215
1147	5	0			163	220
1148	2	35			121	135
1149	0	29			119	112
1150	0	111			102	263
1151	0	0			90	87
1152	22	7			372	372
1153	0	0			96	96
1154	0	0			280	196
1155	307	237			357	276
1156	6	34			114	144
1157	0	0			147	141
1158	167	142			185	147
1159	75	142			210	147
1160	39	71			230	214
1161	1035	387			151	151
1162	0	0			214	169
1163	32	0			438	208
1164	1	71			208	316
1165	38	168			136	245
1166	119	265			126	123
1167	119	241			126	186
1168	46	156			129	135
1169	12	183			129	135
1170	36	183			111	135
1171	7	152			129	135
1172	8	152			111	135
1173	214	152			126	135
1174	33	72			129	262
1175	36	72			111	262
1176	78	55			129	231
1177	36	12			111	129
1178	8	7			111	129
1179	214	7			126	129
1180	36	33			111	129
1181	6	28			111	129
1182	141	28			126	129
1183	214	8			126	111
1184	141	6			126	111
1185	112	36			126	111
1186	59	22			218	152
1187	19	20			193	199
1188	0	5			110	93
1189	0	1			267	270
1190	1	0			270	190
1191	1	0			270	187
1192	0	0			211	182
1193	22	13			296	173
1194	10	13			183	173
1195	20	36			148	247
1196	36	24			251	190
1197	2	9			205	114
1198	12	43			175	254
1199	17	17			206	126
1200	1	1			132	226
1201	0	0			201	184
1202	61	218			172	246
1203	124	0			172	153
1204	0	82			248	308
1205	63	0			241	169
1206	48	69			168	206
1207	5	55			286	135
1208	166	13			177	148
1209	1	0			140	234
1210	6	4			142	161
1211	7	2			90	105
1212	30	82			115	182
1213	7	83			115	182
1214	47	43			138	115
1215	42	50			160	176
1216	68	23			269	269
1217	0	0			256	242
1218	2	2			151	136
1219	5	22			120	140
1220	35	58			197	181
1221	1	2			158	268
1222	0	2			153	268
1223	1	2			258	268
1224	2	2			181	268
1225	0	1			153	158
1226	1	1			258	158
1227	2	1			181	158
1228	1	0			258	153
1229	2	0			181	153
1230	1	18			121	162
1231	0	0			121	133
1232	0	0			177	133
1233	0	0			177	121
1234	2	4			141	163
1235	9	51			195	270
1236	1020	1391			226	221
1237	0	0			217	208
1238	26	215			160	254
1239	0	0			153	298
1240	1	8			170	205
1241	14	11			205	193
1242	17	5			193	154
1243	0	33			102	177
1244	3	1			246	220
1245	65	105			149	159
1246	9	105			276	159
1247	1	4			164	100
1248	81	45			226	185
1249	0	0			209	114
1250	23	44			219	302
1251	1	0			222	98
1252	90	386			177	163
1253	6	4			213	219
1254	0	8			159	342
1255	0	5			159	264
1256	0	2			186	196
1257	0	11			155	213
1258	0	29			79	200
1259	0	0			151	175
1260	0	0			84	96
1261	0	0			144	93
1262	0	0			102	117
1263	173	33			572	217
1264	2	0			133	117
1265	4	0			168	109
1266	12	0			231	109
1267	14	0			708	168
1268	22	12			144	132
1269	0	0			135	168
1270	39	52			157	199
1271	131	212			159	171
1272	0	0			221	106
1273	10	9			117	161
1274	0	0			195	171
1275	0	0			176	171
1276	42	26			162	167
1277	0	9			111	194
1278	109	115			239	326
1279	109	77			239	176
1280	115	77			326	176
1281	0	0			423	189
1282	0	1			123	192
1283	37	40			198	170
1284	217	90			250	153
1285	142	606			117	233
1286	56	34			246	210
1287	41	62			198	246
1288	0	0			176	130
1289	0	0			176	149
1290	55	321			197	427
1291	55	26			197	275
1292	55	26			197	121
1293	319	26			427	121
1294	321	26			427	275
1295	321	26			427	121
1296	330	26			427	121
1297	1	49			275	143
1298	1	49			121	143
1299	18	72			121	143
1300	1	43			143	139
1301	26	44			143	139
1302	26	234			226	220
1303	0	0			353	330
1304	0	2			147	137
1305	50	1350			197	1481
1306	0	0			114	170
1307	0	0			133	199
1308	36	0			198	87
1309	76	125			181	164
1310	118	8			674	262
1311	3	12			182	184
1312	12	7			184	215
1313	0	0			249	461
1314	0	0			249	461
1315	0	0			84	93
1316	1	233			173	3082
1317	57	109			154	152
1318	0	0			110	223
1319	265	68			425	152
1320	97	302			212	425
1321	1	2			459	193
1322	3	2			137	173
1323	142	109			240	198
1324	1	0			209	158
1325	26	2			163	158
1326	145	83			180	136
1327	43	55			146	156
1328	27	3			186	166
1329	34	0			202	156
1330	0	0			153	163
1331	0	0			78	78
1332	0	1			154	207
1333	272	612			166	219
1334	184	231			151	166
1335	184	2			151	118
1336	12	7			210	172
1337	73	100			179	215
1338	187	76			273	139
1339	101	53			187	139
1340	260	152			404	216
1341	34	152			139	216
1342	43	157			139	216
1343	37	1			238	192
1344	0	0			294	99
1345	0	17			155	81
1346	0	1			128	278
1347	168	71			271	217
1348	120	70			271	217
1349	121	142			199	271
1350	125	87			208	161
1351	132	100			222	194
1352	262	364			179	193
1353	5	1			172	183
1354	9	24			153	180
1355	0	0			134	302
1356	0	1			114	180
1357	22	0			152	92
1358	6	18			144	164
1359	10	2			266	127
1360	1	0			185	156
1361	0	11			226	280
1362	1	25			143	197
1363	1	16			143	193
1364	0	12			148	226
1365	16	6			224	163
1366	6	0			163	220
1367	3	0			198	159
1368	3	0			198	292
1369	0	0			166	291
1370	0	0			190	183
1371	0	0			232	170
1372	0	0			232	211
1373	0	0			218	103
1374	0	0			360	151
1375	46	80			226	211
1376	1	1			173	224
1377	2	161			144	252
1378	5	4			210	133
1379	6	2			159	210
1380	0	0			166	287
1381	0	4			149	149
1382	18	54			250	162
1383	106	130			213	199
1384	118	97			199	152
1385	26	68			186	245
1386	0	30			105	133
1387	174	54			229	132
1388	273	402			200	178
1389	159	6			188	123
1390	9	1			173	193
1391	12	1			197	193
1392	4	1			214	193
1393	4	9			214	173
1394	4	12			214	197
1395	0	0			121	147
1396	0	0			165	173
1397	106	79			255	221
1398	0	3			195	140
1399	0	3			194	227
1400	863	431			192	179
1401	133	183			198	252
1402	27	42			161	169
1403	13	8			448	162
1404	364	515			255	264
1405	47	215			153	263
1406	130	140			260	218
1407	48	140			153	218
1408	0	0			144	131
1409	170	107			175	166
1410	0	0			126	179
1411	267	320			232	190
1412	310	96			190	120
1413	309	2			190	120
1414	305	1			190	120
1415	305	127			190	131
1416	1	127			120	131
1417	99	294			120	226
1418	98	133			120	131
1419	47	2			153	153
1420	171	308			214	217
1421	2	0			243	182
1422	0	1			182	121
1423	71	23			159	197
1424	71	82			159	193
1425	46	112			153	175
1426	0	2			166	198
1427	383	8			151	151
1428	0	0			180	201
1429	4	0			99	99
1430	15	19			134	154
1431	22	19			160	154
1432	3	0			226	169
1433	49	215			129	237
1434	29	1			125	115
1435	146	297			337	225
1436	16	13			160	138
1437	17	2			160	138
1438	1	0			180	330
1439	0	0			258	438
1440	0	0			258	438
1441	0	0			141	259
1442	0	0			152	130
1443	0	0			150	130
1444	0	0			152	156
1445	0	0			150	156
1446	0	0			150	152
1447	0	0			150	152
1448	0	0			186	136
1449	3	6			173	159
1450	0	0			174	206
1451	71	60			141	143
1452	64	98			143	146
1453	65	84			146	133
1454	37	52			156	199
1455	1	46			146	183
1456	850	355			234	152
1457	0	0			134	581
1458	0	0			96	96
1459	396	51			273	159
1460	96	234			159	186
1461	115	119			297	241
1462	49	119			240	241
1463	27	45			203	202
1464	29	59			247	334
1465	0	0			147	141
1466	5	14			173	164
1467	264	5			207	154
1468	22	21			187	140
1469	0	1			123	284
1470	0	1			123	273
1471	0	0			123	78
1472	1	0			284	78
1473	1	0			273	78
1474	36	72			173	222
1475	34	13			170	157
1476	71	0			79	79
1477	73	136			304	291
1478	0	0			179	169
1479	13	28			165	255
1480	11	5			199	143
1481	3	49			143	246
1482	20	37			243	252
1483	34	52			187	227
1484	8	0			309	205
1485	7	0			275	205
1486	47	24			256	211
1487	283	25			113	136
1488	0	0			194	457
1489	0	0			115	205
1490	18	246			163	551
1491	0	0			139	128
1492	2	1			108	123
1493	100	90			222	188
1494	33	2			128	79
1495	1	12			164	184
1496	1	6			164	216
1497	12	6			184	216
1498	83	234			242	144
1499	128	1			178	76
1500	0	0			238	136
1501	3	1			173	270
1502	2	3			185	173
1503	0	0			201	219
1504	1	12			191	131
1505	1	12			173	131
1506	0	1			170	212
1507	0	0			456	122
1508	82	20			240	231
1509	60	115			213	266
1510	20	16			129	124
1511	4	0			195	153
1512	58	72			114	132
1513	262	55			267	114
1514	8	34			162	162
1515	4	30			223	122
1516	0	0			215	267
1517	0	0			196	267
1518	48	318			227	603
1519	23	45			213	304
1520	1	0			81	81
1521	27	132			130	288
1522	277	142			193	129
1523	231	137			177	129
1524	619	2354			165	378
1525	0	11			96	96
1526	0	10			96	93
1527	175	215			174	156
1528	133	214			174	156
1529	51	372			118	174
1530	136	243			155	174
1531	75	146			133	155
1532	56	124			129	210
1533	11	0			395	168
1534	0	11			154	395
1535	1	1			142	150
1536	0	5			114	145
1537	0	3			166	193
1538	0	0			166	188
1539	0	0			166	212
1540	0	2			166	145
1541	3	0			193	188
1542	3	0			193	212
1543	3	2			193	145
1544	0	2			188	145
1545	0	2			212	145
1546	0	0			123	192
1547	96	105			247	233
1548	0	0			151	108
1549	2	0			147	141
1550	52	41			260	193
1551	44	41			260	193
1552	2	0			126	99
1553	17	42			210	235
1554	0	9			159	177
1555	0	9			156	177
1556	5	0			209	155
1557	1	0			245	155
1558	0	0			96	90
1559	61	27			211	271
1560	53	25			265	222
1561	22	70			172	247
1562	353	13			210	172
1563	75	88			269	230
1564	21	0			1374	252
1565	2510	2482			243	201
1566	5	12			174	174
1567	19	45			223	345
1568	2	8			214	269
1569	20	65			141	212
1570	0	0			144	162
1571	0	0			322	199
1572	502	105			248	306
1573	32	39			173	173
1574	0	0			87	87
1575	0	1			165	147
1576	0	0			159	147
1577	171	159			302	184
1578	0	31			79	260
1579	27	36			278	234
1580	10	36			188	234
1581	2	2			139	194
1582	66	112			195	183
1583	0	219			84	309
1584	0	0			165	337
1585	54	175			123	165
1586	37	10			210	129
1587	6	1			172	191
1588	60	40			165	135
1589	186	136			186	136
1590	0	8			98	98
1591	7142	4819			351	192
1592	7142	2083			351	210
1593	2	0			201	236
1594	42	32			193	176
1595	111	179			216	210
1596	0	0			140	125
1597	53	33			258	183
1598	5	0			438	107
1599	0	1			150	187
1600	2	27			106	202
1601	154	66			339	156
1602	70	323			138	230
1603	112	14			1155	151
1604	43	8			180	90
1605	36	34			339	351
1606	0	1			111	169
1607	14	29			194	237
1608	32	143			207	161
1609	0	18			120	171
1610	1	3			153	153
1611	0	501			132	290
1612	46	15			212	143
1613	0	7			152	194
1614	0	7			105	194
1615	0	0			105	152
1616	0	0			354	354
1617	197	192			239	213
1618	7	181			152	166
1619	37	203			126	245
1620	0	134			82	163
1621	158	291			204	244
1622	0	0			210	231
1623	43	4			309	240
1624	344	174			1063	165
1625	20	2			198	292
1626	20	1			198	159
1627	55	0			163	220
1628	48	3744			200	183
1629	2048	3744			111	183
1630	26	22			110	125
1631	65	22			158	125
1632	6	1			147	209
1633	432	320			179	149
1634	158	320			215	149
1635	185	471			196	179
1636	156	255			152	202
1637	90	74			169	126
1638	0	52			147	147
1639	0	0			208	237
1640	16	12			151	184
1641	3	0			241	214
1642	2	2			193	215
1643	2	3			193	295
1644	2	3			215	295
1645	1	116			215	226
1646	1	99			215	364
1647	0	0			106	106
1648	0	0			100	100
1649	669	1			177	174
1650	1246	1			156	174
1651	3	0			219	157
1652	382	764			214	240
1653	137	136			269	237
1654	461	3			267	175
1655	33	114			108	128
1656	135	43			171	108
1657	25	86			232	156
1658	25	151			232	191
1659	25	119			232	236
1660	0	1			159	239
1661	0	1			159	305
1662	0	0			131	159
1663	179	171			172	172
1664	15	27			156	213
1665	33	14			225	145
1666	91	48			163	182
1667	69	0			84	87
1668	1695	63			163	119
1669	812	14			132	428
1670	3	0			138	115
1671	68	7			185	132
1672	57	54			215	214
1673	4	106			230	193
1674	0	0			258	240
1675	1	0			361	108
1676	4	17			124	192
1677	0	16			164	229
1678	10	3			215	164
1679	5	0			141	192
1680	11	0			247	137
1681	2	0			367	137
1682	2	11			367	247
1683	54	62			258	233
1684	0	0			123	192
1685	2	107			118	187
1686	182	84			197	135
1687	0	0			93	126
1688	0	46			168	168
1689	8	0			193	251
1690	1	5			167	193
1691	5	6			218	292
1692	92	60			247	179
1693	139	74			174	149
1694	41	0			183	129
1695	0	2			165	205
1696	5	0			490	143
1697	0	0			168	98
1698	0	0			168	98
1699	16	146			114	168
1700	125	98			159	123
1701	6	0			219	128
1702	39	32			166	159
1703	3	7			293	359
1704	63	61			182	165
1705	37	94			150	194
1706	50	27			200	139
1707	131	1753			3036	5337
1708	404	210			266	156
1709	61	25			207	161
1710	0	0			164	145
1711	132	232			267	223
1712	30	8			235	176
1713	58	86			228	237
1714	0	0			247	255
1715	0	2			129	114
1716	77	536			400	235
1717	10	135			135	193
1718	27	100			142	252
1719	0	1			144	197
1720	0	0			144	157
1721	4	21			159	243
1722	10	0			150	132
1723	255	138			207	200
1724	3	8			142	217
1725	0	5			96	93
1726	0	0			168	98
1727	0	0			168	98
1728	2	0			120	247
1729	37	718			200	197
1730	90	718			304	197
1731	0	0			156	207
1732	13	6			222	208
1733	5	6			188	231
1734	48	16			205	157
1735	9	15			141	182
1736	0	0			99	132
1737	17	214			150	234
1738	17	96			150	135
1739	214	96			234	135
1740	182	284			203	226
1741	0	66			149	364
1742	0	12			149	152
1743	29	146			220	758
1744	15	31			168	217
1745	16	24			168	217
1746	35	63			220	261
1747	59	60			309	169
1748	57	60			261	169
1749	158	259			132	161
1750	45	61			159	200
1751	85	94			198	241
1752	26	40			151	173
1753	5	309			153	294
1754	0	1			77	401
1755	39	62			146	146
1756	38	62			167	207
1757	67	0			167	80
1758	9073	12609			192	202
1759	7096	10340			185	192
1760	593	534			177	135
1761	4	66			153	653
1762	59	0			187	135
1763	53	18			155	155
1764	189	12			144	144
1765	4	4			166	157
1766	0	0			111	153
1767	10	17			236	236
1768	19	49			180	270
1769	39	47			316	270
1770	0	34			325	180
1771	0	0			167	167
1772	7	0			235	79
1773	32	10			234	132
1774	36	1			234	159
1775	3	16			125	168
1776	15	16			125	168
1777	0	16			127	168
1778	3	16			125	168
1779	3	26			131	125
1780	17	26			161	195
1781	0	0			116	158
1782	4	11			180	180
1783	1	4			180	180
1784	1	3			217	250
1785	191	1			138	150
1786	0	6			153	225
1787	2	1			177	156
1788	0	0			175	205
1789	0	0			159	152
1790	328	39			156	141
1791	63	99			231	238
1792	3	0			127	195
1793	6	73			133	178
1794	2	0			104	155
1795	0	0			132	169
1796	23	0			207	192
1797	0	0			93	93
1798	0	0			93	228
1799	17	22			167	141
1800	13	15			167	220
1801	12	12			167	220
1802	12	31			167	149
1803	12	31			220	149
1804	3	31			149	128
1805	6	32			149	128
1806	35	138			166	166
1807	0	0			171	114
1808	0	0			174	114
1809	7	1			194	173
1810	7	0			194	197
1811	6	15			194	196
1812	6	37			194	303
1813	3	1			134	173
1814	3	0			134	197
1815	1	27			134	196
1816	1	0			173	197
1817	15	37			196	303
1818	0	0			195	174
1819	0	0			247	137
1820	0	0			367	137
1821	0	0			367	247
1822	1	37			154	189
1823	47	49			189	205
1824	44	439			205	219
1825	44	429			205	216
1826	3	1			171	228
1827	35	0			196	122
1828	1	75			161	248
1829	4	16			189	220
1830	49	38			211	139
1831	20	31			114	153
1832	0	0			135	117
1833	0	0			108	117
1834	0	0			108	135
1835	0	0			108	135
1836	18	4			148	148
1837	23	29			142	163
1838	14	30			120	163
1839	20	14			161	142
1840	0	13			120	142
1841	0	29			117	161
1842	15	29			120	161
1843	0	29			117	161
1844	0	29			120	161
1845	2	40			179	259
1846	27	44			259	333
1847	60	7			152	249
1848	30	1			162	153
1849	7	2			135	147
1850	34	43			183	250
1851	0	16			115	130
1852	1	32			115	130
1853	25	44			159	159
1854	0	0			237	237
1855	2	0			133	122
1856	2	15			133	250
1857	0	15			122	250
1858	24	13			198	201
1859	0	0			93	93
1860	8	34			121	156
1861	30	5			199	121
1862	2	74			123	243
1863	11	2			210	183
1864	1644	651			156	117
1865	0	0			121	190
1866	0	0			190	199
1867	0	0			121	190
1868	0	0			84	84
1869	0	0			156	84
1870	0	0			156	84
1871	86	6			228	171
1872	47	51			147	147
1873	95	116			159	133
1874	7	7			249	244
1875	0	0			150	164
1876	102	103			163	170
1877	98	111			170	189
1878	209	416			139	231
1879	0	12			251	525
1880	52	33			163	129
1881	30	11			165	179
1882	28	1091			195	1474
1883	28	166			195	420
1884	486	472			251	247
1885	0	4			151	172
1886	3	1			165	129
1887	200	122			224	167
1888	131	200			227	224
1889	0	1			109	204
1890	168	786			198	178
1891	44	30			144	130
1892	15	59			196	392
1893	0	2			126	150
1894	0	2			105	150
1895	0	0			152	187
1896	0	0			152	267
1897	0	0			187	267
1898	7	14			123	167
1899	0	2			93	93
1900	2	4			158	228
1901	27	31			142	136
1902	9	48			144	253
1903	7	13			144	197
1904	204	166			182	159
1905	235	107			201	128
1906	0	0			211	198
1907	0	0			115	118
1908	39	10			197	123
1909	75	41			207	213
1910	41	33			160	166
1911	28	11			143	166
1912	21	42			143	210
1913	0	0			190	169
1914	0	0			99	126
1915	0	0			99	102
1916	0	0			102	126
1917	0	0			102	129
1918	76	20			204	102
1919	35	52			204	204
1920	0	0			180	201
1921	3	11			122	185
1922	0	0			168	98
1923	0	0			168	98
1924	51	7			163	106
1925	9	18			139	171
1926	11	11			186	199
1927	3	5			198	247
1928	1	11			153	169
1929	0	10			157	156
1930	45	10			135	141
1931	103	94			261	261
1932	0	0			147	127
1933	52	22			175	109
1934	52	9			142	175
1935	76	20			252	142
1936	0	0			102	99
1937	25	26			160	162
1938	6	103			97	200
1939	1521	1215			186	193
1940	622	1129			193	173
1941	445	411			173	209
1942	990	412			173	209
1943	990	698			173	264
1944	0	0			93	90
1945	335	656			210	259
1946	0	133			102	245
1947	0	91			102	197
1948	108	146			162	201
1949	6	0			206	99
1950	0	7			148	78
1951	8	0			123	99
1952	18	12			209	142
1953	10	21			237	195
1954	252	48			235	96
1955	3	0			144	81
1956	1	22			120	150
1957	69	81			201	173
1958	224	5			171	156
1959	18	27			101	171
1960	15	324			184	915
1961	3	0			108	96
1962	11	0			189	96
1963	11	3			189	108
1964	0	0			192	111
1965	52	34			213	158
1966	4	62			158	182
1967	4	111			158	208
1968	14	18			167	175
1969	13	24			150	209
1970	1	0			162	168
1971	0	34			125	231
1972	29	21			172	236
1973	2	2			327	185
1974	8	5			219	145
1975	3	0			338	200
1976	73	0			151	97
1977	103	71			218	167
1978	201	201			144	115
1979	0	0			210	156
1980	7	1			189	117
1981	56	39			193	156
1982	2	1			336	192
1983	0	1			192	192
1984	0	1			243	192
1985	0	0			243	192
1986	2	0			336	192
1987	2	0			336	243
1988	1	1			177	336
1989	10	0			215	212
1990	0	0			193	192
1991	1	50			111	170
1992	186	365			165	238
1993	4	0			177	129
1994	3	0			174	129
1995	3	4			174	177
1996	475	71			1605	183
1997	0	2			198	207
1998	0	0			87	87
1999	17	6			197	157
2000	26	91			162	208
2001	50	63			218	151
2002	80	1			173	179
2003	57	49			219	201
2004	1	5			198	229
2005	35	61			249	159
2006	101	115			259	212
2007	68	0			120	162
2008	14	16			148	167
2009	0	63			131	153
2010	0	1			176	231
2011	1	0			232	292
2012	6	19			165	146
2013	0	19			164	146
2014	0	6			164	165
2015	28	114			188	191
2016	46	114			207	191
2017	35	114			181	191
2018	3	4			233	265
2019	1	2			210	247
2020	8	7			268	223
2021	21	47			209	208
2022	36	18			226	147
2023	41	21			231	174
2024	0	0			234	213
2025	81	0			263	183
2026	6	259			168	180
2027	102	89			312	153
2028	0	0			138	255
2029	0	0			138	255
2030	0	0			153	255
2031	0	0			153	138
2032	0	0			153	138
2033	95	128			156	163
2034	2	6			291	170
2035	68	130			181	217
2036	0	1			139	164
2037	35	27			273	270
2038	3	4			182	300
2039	360	209			279	198
2040	211	71			198	152
2041	0	2			108	194
2042	0	0			144	147
2043	0	0			660	304
2044	2	28			123	202
2045	265	84			193	177
2046	64	71			226	220
2047	54	75			179	151
2048	0	0			83	77
2049	2	0			176	133
2050	0	0			157	196
2051	0	0			164	87
2052	0	0			87	222
2053	0	0			190	190
2054	65	80			149	191
2055	10	12			222	229
2056	4812	8541			198	262
2057	48	130			162	202
2058	7	34			161	236
2059	73	40			205	150
2060	31	1			212	114
2061	4	0			117	95
2062	24	82			299	229
2063	33	111			145	149
2064	587	743			150	173
2065	1	24			118	169
2066	132	124			192	198
2067	0	0			262	183
2068	21	40			167	197
2069	0	7			168	191
2070	0	11			168	291
2071	0	0			168	183
2072	29	47			184	153
2073	29	59			184	196
2074	1	15			120	202
2075	1	17			120	208
2076	1	0			159	141
2077	0	0			163	164
2078	0	0			123	165
2079	36	4			219	213
2080	0	0			167	167
2081	0	0			164	129
2082	15	38			169	170
2083	0	0			125	212
2084	19	102			293	231
2085	1	1			190	129
2086	201	119			243	243
2087	4	7			124	121
2088	4	0			177	133
2089	113	148			185	298
2090	23	78			184	149
2091	27	162			184	149
2092	0	0			129	156
2093	75	156			126	158
2094	0	0			130	159
2095	0	0			93	159
2096	294	207			221	184
2097	115	341			156	221
2098	9	0			199	169
2099	0	0			193	169
2100	0	9			193	199
2101	7	10			153	170
2102	15	1			148	153
2103	11	9			148	153
2104	10	7			156	148
2105	7	302			240	255
2106	14	6			153	126
2107	0	5			120	90
2108	0	1			120	90
2109	5	1			90	90
2110	63	14			239	144
2111	0	0			168	98
2112	0	0			168	98
2113	54	107			490	166
2114	0	107			109	166
2115	0	54			109	490
2116	32	203			170	329
2117	32	83			170	227
2118	25	43			216	207
2119	26	29			216	183
2120	1	0			135	149
2121	1	0			187	135
2122	91	4			108	111
2123	0	3			143	134
2124	27	68			105	141
2125	0	2			172	140
2126	191	64			235	189
2127	9	0			176	149
2128	9	88			176	280
2129	0	87			149	249
2130	20	125			128	218
2131	130	96			218	163
2132	73	150			151	164
2133	0	0			223	168
2134	0	0			1325	189
2135	0	0			234	169
2136	0	0			234	189
2137	0	0			169	189
2138	0	0			189	213
2139	0	0			213	186
2140	0	0			213	274
2141	0	0			187	186
2142	0	0			186	274
2143	42	121			149	220
2144	0	0			174	134
2145	1	6			147	175
2146	4	2			221	255
2147	0	1			190	192
2148	128	0			150	87
2149	18	0			87	87
2150	0	6			138	255
2151	0	6			138	255
2152	0	6			153	255
2153	0	0			153	138
2154	0	0			153	138
2155	30	123			127	198
2156	99	113			198	177
2157	175	103			206	156
2158	171	301			165	193
2159	0	2			220	664
2160	3	91			221	235
2161	22	1			206	210
2162	14	1			221	210
2163	1066	0			206	77
2164	2	1			248	248
2165	0	0			127	127
2166	0	34			248	248
2167	0	5			127	127
2168	2	5			127	127
2169	2	0			127	127
2170	5	70			167	221
2171	0	0			169	126
2172	13	27			167	183
2173	2	4			156	150
2174	9	32			147	260
2175	1	0			135	154
2176	29	11			440	210
2177	30	20			182	191
2178	3	3			198	230
2179	20	72			116	200
2180	80	0			87	87
2181	80	5			87	193
2182	76	100			221	199
2183	0	0			218	103
2184	0	0			360	151
2185	5	45			112	184
2186	6	8			157	116
2187	20	8			181	116
2188	6	50			157	169
2189	20	50			181	169
2190	695	1014			205	158
2191	1624	998			242	170
2192	246	528			98	123
2193	666	476			296	123
2194	808	723			231	219
2195	683	764			187	196
2196	0	13			102	99
2197	8	2			191	214
2198	49	8			197	106
2199	4	2			129	141
2200	1	4			230	204
2201	0	4			217	204
2202	47	28			171	157
2203	0	2			200	175
2204	19	71			119	213
2205	22	46			119	240
2206	22	64			119	213
2207	7	2			150	178
2208	1	0			136	167
2209	12	11			207	218
2210	0	17			193	192
2211	1	367			111	121
2212	39	219			141	312
2213	0	0			166	224
2214	43	185			141	165
2215	46	46			141	104
2216	98	229			172	173
2217	0	0			99	99
2218	0	0			134	99
2219	3	0			152	134
2220	2	0			152	134
2221	117	90			164	169
2222	123	626			164	746
2223	0	1			167	167
2224	0	3			83	83
2225	1	0			83	110
2226	1	1			83	83
2227	0	1			110	83
2228	9	2			132	141
2229	0	22			99	99
2230	2	22			120	117
2231	32	0			162	153
2232	0	9			92	95
2233	300	4021			242	242
2234	30	57			259	583
2235	237	11			194	92
2236	186	11			245	92
2237	0	0			111	274
2238	67	0			158	108
2239	0	0			147	207
2240	0	0			129	163
2241	0	0			129	213
2242	0	0			129	173
2243	0	5			129	209
2244	0	0			129	178
2245	0	0			213	173
2246	0	5			213	209
2247	0	0			213	178
2248	0	0			153	215
2249	0	5			173	209
2250	0	0			173	178
2251	0	0			173	215
2252	5	0			209	178
2253	0	0			181	178
2254	0	0			178	123
2255	5	10			166	152
2256	16	41			278	473
2257	104	103			184	163
2258	47	172			166	234
2259	5	38			166	138
2260	0	4			163	146
2261	3	91			232	166
2262	11	17			109	143
2263	33	44			186	194
2264	0	53			139	148
2265	0	0			154	144
2266	0	2			200	274
2267	110	93			191	147
2268	16	2			342	150
2269	99	662			195	813
2270	99	84			195	149
2271	292	564			186	233
2272	5	53			121	260
2273	94	79			190	153
2274	0	0			163	111
2275	164	2105			119	279
2276	0	1			169	203
2277	0	1			196	203
2278	24	0			176	120
2279	0	0			196	220
2280	0	0			177	117
2281	354	244			390	198
2282	5	884			129	639
2283	23	11			177	243
2284	3	9			127	176
2285	0	0			150	109
2286	0	5			94	94
2287	106	192			204	165
2288	139	32			204	183
2289	0	0			121	133
2290	13	7			145	164
2291	9	25			145	208
2292	0	3			126	193
2293	38	57			197	213
2294	0	0			119	326
2295	0	0			202	99
2296	0	0			116	99
2297	0	0			116	202
2298	0	0			173	205
2299	1	0			210	173
2300	20	17			237	306
2301	0	5			227	217
2302	64	32			285	278
2303	13	14			160	156
2304	2	362			186	358
2305	2	153			186	186
2306	1136	461			1012	303
2307	72	135			189	252
2308	20	43			258	258
2309	3	1			165	149
2310	0	12			179	179
2311	9	0			135	135
2312	4	5			159	159
2313	3	7			159	108
2314	0	2			288	180
2315	26	346			109	381
2316	26	308			109	333
2317	41	123			147	159
2318	46	123			111	159
2319	121	280			131	202
2320	54	87			229	177
2321	0	0			193	192
2322	22	1			264	111
2323	0	9			174	138
2324	0	56			174	297
2325	74	71			423	357
2326	81	33			180	168
2327	0	0			123	192
2328	0	0			143	137
2329	0	0			151	220
2330	8	13			201	240
2331	0	19			78	78
2332	0	0			93	93
2333	0	2			195	195
2334	298	9			163	198
2335	0	0			90	78
2336	0	0			117	78
2337	0	28			168	177
2338	11	45			130	186
2339	13	18			198	456
2340	7	0			169	215
2341	5	20			240	231
2342	70	124			213	286
2343	96	6			213	210
2344	28	13			210	210
2345	16	8			270	258
2346	10	14			210	270
2347	0	19			127	340
2348	13	1			172	163
2349	0	0			204	162
2350	1	5			179	225
2351	92	109			189	171
2352	2	1			202	366
2353	37	12			171	169
2354	33	24			186	186
2355	34	11			198	192
2356	25	11			272	137
2357	56	4			256	113
2358	69	4			225	113
2359	53	10			256	113
2360	157	125			283	207
2361	1	0			321	167
2362	0	0			464	228
2363	0	0			182	163
2364	81	182			216	249
2365	2	11			125	411
2366	0	2			218	203
2367	1	0			246	218
2368	5	72			182	311
2369	48	108			174	293
2370	78	133			140	177
2371	115	177			177	190
2372	48	92			164	151
2373	10	12			155	170
2374	10	20			155	257
2375	23	129			177	170
2376	0	12			157	203
2377	52	42			202	172
2378	136	193			261	273
2379	11	5			124	117
2380	66	123			227	289
2381	4	10			173	207
2382	0	1			161	161
2383	0	0			132	120
2384	0	1			141	138
2385	0	1			93	93
2386	5	43			90	228
2387	0	0			131	141
2388	6	0			179	96
2389	19	2			816	211
2390	10	61			337	536
2391	2	1			261	213
2392	0	88			160	245
2393	0	0			160	188
2394	6	0			175	208
2395	2	6			158	175
2396	2	35			81	170
2397	24	85			147	249
2398	0	0			163	390
2399	2	18			194	397
2400	3	13			145	226
2401	4	14			130	178
2402	0	0			138	120
2403	55	2			208	127
2404	7	7			119	125
2405	112	208			222	210
2406	207	173			210	203
2407	1	0			368	152
2408	188	189			247	220
2409	0	0			81	81
2410	109	19			206	111
2411	0	0			172	172
2412	92	431			146	334
2413	92	330			146	342
2414	9	88			170	256
2415	40	34			264	264
2416	100	181			165	184
2417	0	0			173	192
2418	0	4			307	192
2419	78	160			186	244
2420	78	179			186	191
2421	72	62			315	115
2422	0	1			225	164
2423	0	0			145	160
2424	169	78			189	189
2425	41	32			293	245
2426	111	276			124	210
2427	32	0			160	144
2428	0	2			123	173
2429	0	0			93	93
2430	0	0			187	137
2431	9	7			240	240
2432	0	0			251	135
2433	0	3			191	133
2434	2	6			133	332
2435	584	690			232	204
2436	20	4			180	121
2437	13	1			126	126
2438	11	8			126	138
2439	0	11			126	138
2440	39	9			173	199
2441	1	9			149	199
2442	1	39			149	173
2443	17	34			184	173
2444	47	109			138	188
2445	47	41			201	224
2446	13	16			355	269
2447	67	146			165	156
2448	67	32			165	153
2449	78	38			156	117
2450	43	55			171	145
2451	59	68			197	210
2452	101	129			146	149
2453	49	259			171	247
2454	0	2			161	161
2455	49	26			194	226
2456	86	111			188	150
2457	102	225			150	222
2458	99	6			197	96
2459	99	137			197	236
2460	0	0			198	152
2461	20	15			142	113
2462	49	172			171	327
2463	168	78			327	204
2464	107	61			283	181
2465	16	20			162	196
2466	0	0			189	199
2467	8	11			156	177
2468	156	14			947	255
2469	204	22			257	158
2470	0	0			193	125
2471	3	193			150	1010
2472	7	4			178	308
2473	130	4			325	308
2474	130	7			325	178
2475	56	107			152	152
2476	22	79			147	172
2477	0	0			168	98
2478	0	0			168	98
2479	31	0			224	157
2480	24	0			218	157
2481	3	2			190	160
2482	3	0			190	168
2483	2	0			160	168
2484	0	0			157	114
2485	9	25			171	197
2486	6	5			177	220
2487	0	0			123	192
2488	213	105			185	163
2489	0	0			96	99
2490	4	0			248	171
2491	3	0			184	125
2492	36	90			153	185
2493	69	46			188	153
2494	69	105			220	231
2495	7	13			147	147
2496	4	11			147	147
2497	0	7			155	192
2498	15	22			277	271
2499	12	1372			118	585
2500	10	837			118	296
2501	5	2			218	180
2502	6	2			173	180
2503	0	0			94	94
2504	0	0			87	87
2505	0	0			87	87
2506	0	0			87	87
2507	0	0			172	172
2508	23	39			182	312
2509	187	3			234	196
2510	56	832			138	729
2511	14	7			268	297
2512	12	7			199	297
2513	0	0			219	210
2514	0	0			141	243
2515	0	0			141	243
2516	10	32			186	182
2517	48	22			273	144
2518	508	43			263	236
2519	0	2			154	187
2520	0	20			154	146
2521	0	19			154	137
2522	2	20			187	146
2523	2	19			187	137
2524	4	13			165	147
2525	0	0			123	192
2526	3	9			138	168
2527	61	54			140	103
2528	22	53			140	103
2529	9	19			174	214
2530	4	21			218	306
2531	4	16			218	226
2532	21	16			306	226
2533	8	16			226	199
2534	312	8			145	147
2535	35	32			150	147
2536	35	280			150	289
2537	1	45			146	147
2538	0	0			194	181
2539	155	11			207	161
2540	8	1			173	247
2541	4	1			186	247
2542	4	1			166	247
2543	26	57			159	221
2544	107	50			189	135
2545	23	28			173	163
2546	23	22			177	173
2547	107	56			599	322
2548	56	320			129	292
2549	5345	4851			212	165
2550	17	4850			144	165
2551	5345	6140			212	197
2552	2165	5676			131	212
2553	2	1675			125	122
2554	92	215			199	237
2555	10	35			117	162
2556	73	40			621	795
2557	0	0			109	143
2558	0	0			186	194
2559	2	0			219	189
2560	2	0			216	189
2561	2	3			126	148
2562	3	2			126	148
2563	3	13			126	148
2564	2	13			148	148
2565	1	8			148	148
2566	93	380			145	344
2567	219	380			182	344
2568	36	17			159	104
2569	31	32			173	204
2570	339	411			258	254
2571	139	324			188	261
2572	9	0			189	177
2573	32	0			196	160
2574	83	373			299	759
2575	32	185			120	117
2576	61	59			146	131
2577	0	0			387	366
2578	0	0			366	207
2579	12	12			276	202
2580	208	183			154	123
2581	208	162			154	118
2582	59	78			138	156
2583	94	50			201	127
2584	0	137			197	277
2585	6	7			160	248
2586	10	8			204	160
2587	0	0			140	213
2588	0	0			123	140
2589	0	13			232	460
2590	16	31			159	190
2591	12	58			142	194
2592	0	0			123	192
2593	48	15			258	178
2594	242	114			561	206
2595	180	721			165	291
2596	396	458			165	138
2597	521	425			174	165
2598	238	310			145	136
2599	0	18			147	150
2600	191	899			134	170
2601	11	3			352	180
2602	6	3			223	180
2603	9	3			352	180
2604	0	3			130	180
2605	58	3			156	180
2606	58	9			156	352
2607	58	0			156	130
2608	198	3			215	103
2609	70	149			143	215
2610	0	77			186	320
2611	47	144			237	579
2612	32	44			219	237
2613	29	45			219	237
2614	8	45			208	219
2615	0	11			142	116
2616	1	0			195	386
2617	145	42			348	122
2618	0	0			226	148
2619	28	169			180	279
2620	47	1			203	338
2621	0	0			192	228
2622	5	22			245	245
2623	10	12			126	212
2624	1	3			195	219
2625	26	56			169	202
2626	47	27			202	139
2627	35	40			204	177
2628	12	21			160	182
2629	13	21			211	182
2630	46	116			180	162
2631	0	0			96	102
2632	0	1			96	96
2633	331	92			214	214
2634	165	3			87	87
2635	0	0			177	162
2636	0	0			205	177
2637	0	0			132	205
2638	0	0			241	273
2639	57	52			183	201
2640	7	36			172	164
2641	1	1			403	121
2642	0	0			109	165
2643	0	9			247	196
2644	0	9			173	196
2645	0	9			228	196
2646	0	9			197	196
2647	0	0			173	247
2648	0	0			228	247
2649	0	0			197	247
2650	0	0			228	173
2651	0	0			197	173
2652	0	0			197	228
2653	0	0			123	192
2654	81	186			136	178
2655	112	1			186	136
2656	121	76			186	136
2657	21	47			167	216
2658	0	0			90	198
2659	59	41			174	147
2660	38	44			207	208
2661	41	37			208	192
2662	5	5			145	136
2663	0	0			129	129
2664	43	109			184	192
2665	0	0			78	78
2666	0	0			78	78
2667	0	0			78	78
2668	0	0			220	220
2669	0	2			179	179
2670	0	0			159	159
2671	50	39			190	155
2672	0	0			96	213
2673	0	0			208	147
2674	35	57			145	199
2675	116	62			206	203
2676	0	24			159	147
2677	4	12			141	135
2678	54	76			128	146
2679	4	0			198	171
2680	21	0			158	108
2681	4	1			209	155
2682	2	59			134	470
2683	22	41			387	327
2684	5	5			220	173
2685	18	26			111	168
2686	43	14			168	105
2687	12	14			117	105
2688	5	9			155	148
2689	87	97			186	156
2690	344	573			153	204
2691	5	18			101	130
2692	52	79			156	189
2693	29	52			182	177
2694	14	52			284	177
2695	72	0			228	261
2696	0	232			119	218
2697	0	0			159	159
2698	0	0			123	181
2699	0	0			190	152
2700	255	580			151	246
2701	4	0			237	132
2702	438	307			281	219
2703	0	0			138	195
2704	4	68			176	101
2705	3	19			176	101
2706	4	151			101	196
2707	0	0			192	221
2708	0	0			177	221
2709	0	0			177	192
2710	0	0			148	214
2711	0	0			187	214
2712	0	0			138	140
2713	0	0			261	386
2714	0	0			128	261
2715	0	0			246	261
2716	30	1			168	98
2717	34	15			168	98
2718	68	35			267	158
2719	77	125			224	192
2720	77	101			224	338
2721	85	239			192	311
2722	4	3			147	141
2723	36	124			154	225
2724	89	28			165	129
2725	6	0			96	96
2726	33	61			161	230
2727	2	79			168	128
2728	69	44			158	128
2729	30	22			146	149
2730	19	35			123	146
2731	7	18			141	123
2732	1	3			129	149
2733	4	8			221	139
2734	0	7			212	221
2735	172	364			152	219
2736	169	156			140	177
2737	128	229			183	180
2738	0	0			147	141
2739	69	0			163	102
2740	3	5			249	248
2741	60	5			233	173
2742	56	67			214	266
2743	0	1			173	130
2744	49	276			126	252
2745	43	15			226	168
2746	6	7			154	230
2747	10	10			130	191
2748	0	2			184	219
2749	828	508			136	186
2750	828	6361			136	715
2751	6707	1116			715	173
2752	0	0			168	153
2753	0	3			110	241
2754	0	0			168	184
2755	1	0			155	114
2756	0	0			102	132
2757	165	142			193	174
2758	8	29			198	180
2759	0	0			223	168
2760	8	6			178	250
2761	190	925			150	259
2762	13	13			693	678
2763	55	1180			173	339
2764	2327	0			538	116
2765	139	0			132	116
2766	836	752			271	161
2767	1	19			120	144
2768	511	452			254	144
2769	249	228			214	156
2770	3	61			81	165
2771	36	45			218	192
2772	53	30			192	177
2773	1	0			135	135
2774	0	0			132	159
2775	1	4			150	147
2776	0	0			145	159
2777	0	0			190	190
2778	27	103			120	260
2779	3	22			208	164
2780	2	6			116	208
2781	5	0			87	151
2782	0	0			218	103
2783	0	0			360	151
2784	0	0			150	275
2785	33	87			162	234
2786	0	0			197	156
2787	2	7			194	128
2788	1	2			169	174
2789	0	0			152	148
2790	2	12			162	178
2791	2	3			162	112
2792	7	2			203	191
2793	26	3			145	214
2794	0	0			105	147
