ID	IJC_SAMPLE_1	SJC_SAMPLE_1	IJC_SAMPLE_2	SJC_SAMPLE_2	IncFormLen	SkipFormLen
0	0	0			150	137
1	0	0			150	137
2	0	0			150	150
3	0	0			150	98
4	0	0			150	98
5	0	0			138	150
6	0	0			138	150
7	0	0			150	150
8	0	0			150	138
9	0	0			150	138
10	0	0			150	137
11	0	0			150	137
12	0	0			150	150
13	0	0			138	150
14	0	0			138	150
15	0	0			150	150
16	0	0			150	138
17	0	0			150	138
18	0	0			123	150
19	0	0			150	137
20	0	0			150	137
21	0	0			150	150
22	0	0			138	150
23	0	0			138	150
24	0	0			150	150
25	0	0			150	138
26	0	0			150	138
27	0	0			150	150
28	0	0			150	108
29	0	0			150	111
30	0	0			123	150
31	0	0			150	137
32	0	0			150	137
33	0	0			150	150
34	0	0			138	150
35	0	0			138	150
36	0	0			150	150
37	0	0			150	138
38	0	0			150	138
39	0	0			123	150
40	0	0			150	137
41	0	0			150	137
42	0	0			150	150
43	0	0			150	98
44	0	0			150	98
45	0	0			150	111
46	0	0			150	150
47	0	0			150	150
48	0	0			150	150
49	0	0			147	141
50	0	0			150	103
51	0	0			150	150
52	0	0			150	150
53	0	0			111	150
54	0	0			150	103
55	0	0			150	150
56	0	0			147	141
57	0	0			150	103
58	0	0			150	150
59	0	0			150	150
60	0	0			147	141
61	0	0			111	150
62	0	0			150	150
63	0	0			147	141
64	0	0			150	150
65	0	0			150	103
66	0	0			150	150
67	0	0			84	102
68	0	0			148	150
69	0	0			150	150
70	0	0			150	150
71	0	0			141	150
72	0	0			138	150
73	0	0			150	150
74	0	0			99	126
75	0	0			99	102
76	0	0			102	126
77	0	0			102	129
78	0	0			150	150
79	0	0			150	150
80	0	0			150	150
81	0	0			150	121
82	0	0			150	150
83	0	0			150	150
84	0	0			150	150
85	0	0			150	150
86	0	0			150	150
87	0	0			150	150
88	0	0			150	150
89	0	0			150	150
90	0	0			150	108
91	0	0			126	150
92	0	0			150	103
93	0	0			150	150
94	0	0			150	150
95	0	0			150	150
96	0	0			150	150
97	0	0			123	150
98	0	0			106	150
99	0	0			150	150
100	79	90			136	150
101	50	94			138	150
102	15	8			150	150
103	0	0			150	150
104	0	0			150	111
105	0	0			150	150
106	22	17			150	117
107	4	5			150	150
108	3	582			115	150
109	60	52			150	150
110	20	0			111	105
111	1	0			150	150
112	14	12			121	150
113	0	0			150	114
114	1	18			150	123
115	1	3			150	150
116	17	20			150	150
117	49	0			150	121
118	31	0			150	121
119	44	0			150	150
120	6	0			93	90
121	327	361			143	150
122	8	19			150	150
123	1	26			144	111
124	0	0			93	93
125	283	241			150	150
126	0	0			150	126
127	0	1			150	150
128	0	1			126	150
129	13	22			150	150
130	77	120			150	150
131	345	2			150	150
132	0	0			150	150
133	33	75			123	140
134	23	17			150	150
135	0	0			150	150
136	45	12			150	150
137	139	154			150	150
138	48	50			150	146
139	2	122			150	150
140	1175	1378			135	150
141	11	23			150	150
142	1	2			150	150
143	0	2			136	150
144	0	1			150	150
145	0	4			150	150
146	30	46			142	150
147	6	4			150	150
148	6	5			150	150
149	99	87			142	150
150	5	26			150	150
151	17	1			150	150
152	552	448			150	137
153	51	1			115	118
154	51	62			129	150
155	97	45			150	146
156	7	0			150	150
157	5	0			150	113
158	7	0			150	113
159	6	1			150	150
160	16	29			146	150
161	307	225			150	150
162	12	20			146	150
163	0	5			150	119
164	0	15			150	130
165	19	0			150	119
166	5	15			119	130
167	0	25			150	150
168	14	21			150	130
169	6	74			121	150
170	1	80			121	150
171	4	80			150	150
172	7	80			150	150
173	4	1			150	121
174	7	1			150	121
175	20	89			147	144
176	0	0			150	150
177	0	0			150	133
178	13	24			150	150
179	7	2			129	148
180	44	38			148	150
181	0	1			150	150
182	0	1			150	150
183	58	26			150	150
184	21	54			150	150
185	54	32			150	150
186	2	72			150	150
187	0	2			141	150
188	4	14			150	150
189	676	1964			129	150
190	664	411			150	132
191	55	31			150	150
192	3	7			150	144
193	0	2			117	150
194	9	4			150	150
195	0	2			150	150
196	3	0			150	150
197	0	0			123	150
198	2	35			150	147
199	2	59			150	150
200	592	503			150	150
201	3	288			150	150
202	0	8			150	150
203	0	3			150	150
204	443	270			150	108
205	572	10			148	150
206	62	285			150	150
207	67	64			150	150
208	0	12			150	150
209	110	134			148	123
210	250	273			150	124
211	78	104			150	150
212	0	0			141	139
213	0	0			150	118
214	497	14			150	150
215	497	12			150	150
216	44	57			150	150
217	0	0			150	150
218	0	0			150	150
219	0	0			150	150
220	12	4			150	122
221	133	149			150	150
222	0	1			150	150
223	15	4			106	150
224	68	45			150	150
225	1	1			97	97
226	5	0			111	150
227	0	0			150	103
228	0	0			150	150
229	12	9			150	150
230	52	51			150	150
231	8	39			147	150
232	85	56			150	113
233	0	0			150	150
234	2	0			136	150
235	1	0			147	150
236	178	0			133	150
237	30	44			150	143
238	69	194			119	136
239	29	1			150	150
240	0	0			148	150
241	292	408			150	150
242	61	117			150	150
243	1459	25			150	150
244	2151	20			150	141
245	60	65			150	150
246	0	0			150	150
247	0	0			150	150
248	71	63			150	150
249	0	0			150	150
250	1	12			135	150
251	51	20			136	150
252	53	30			150	136
253	53	30			144	136
254	23	61			150	144
255	58	0			150	120
256	21	16			129	150
257	49	126			150	150
258	0	0			150	150
259	0	0			150	150
260	2	4			124	121
261	7	5			150	150
262	1920	1338			150	150
263	1175	1902			150	117
264	98	155			150	150
265	0	0			122	119
266	276	278			150	150
267	39	31			150	150
268	67	128			150	150
269	2510	2641			150	150
270	132	116			150	150
271	0	0			150	118
272	40	3			150	150
273	74	1			85	85
274	210	191			150	150
275	2	0			150	150
276	53	37			117	128
277	126	530			150	150
278	45	35			150	150
279	512	1438			150	150
280	609	15			150	150
281	384	160			135	150
282	385	257			135	150
283	2	160			150	150
284	49	257			130	150
285	0	0			143	143
286	0	0			103	143
287	4	2			150	150
288	15	101			150	150
289	2	101			131	150
290	2	15			131	150
291	2	1			150	150
292	81	109			150	150
293	122	2			138	150
294	69	50			150	150
295	113	134			150	150
296	90	104			150	150
297	144	127			133	150
298	745	0			150	150
299	32	22			150	140
300	5	94			150	150
301	5	4			150	150
302	26	14			150	150
303	62	63			150	150
304	0	0			150	150
305	0	0			150	150
306	0	0			150	150
307	0	0			150	150
308	5	2			150	150
309	5	0			150	150
310	0	0			150	150
311	45	84			150	150
312	1	0			133	102
313	1	143			150	122
314	283	143			150	122
315	3887	3834			150	150
316	63	57			150	150
317	63	89			150	150
318	0	0			150	150
319	27	45			150	150
320	105	105			150	150
321	3	179			150	150
322	1	181			150	150
323	112	90			150	150
324	0	0			150	132
325	44	25			150	150
326	131	57			144	150
327	0	0			150	150
328	0	0			150	150
329	0	0			150	150
330	0	0			150	150
331	4684	5864			116	150
332	5	5838			116	150
333	17	8			150	150
334	5	0			150	150
335	0	0			150	150
336	0	2			125	143
337	5	0			150	150
338	0	5			150	150
339	0	5			150	150
340	1	5			150	150
341	0	22			150	150
342	0	0			150	136
343	0	2			116	150
344	0	1			123	150
345	0	0			150	150
346	0	70			150	141
347	18	31			150	150
348	1302	1429			150	150
349	99	0			150	150
350	2	0			150	150
351	0	0			150	150
352	2	0			150	150
353	2	0			150	150
354	1	0			150	150
355	0	2			150	150
356	2	2			150	150
357	2	2			150	150
358	2	0			150	150
359	2	0			150	150
360	2	2			150	150
361	2	1			150	150
362	24	20			145	150
363	2	10			150	150
364	9	6			150	150
365	637	887			150	150
366	6	1			150	150
367	5	4			150	150
368	0	0			150	150
369	0	0			150	121
370	52	76			150	143
371	21	50			117	150
372	3	22			150	108
373	18	33			108	150
374	99	140			122	150
375	99	148			122	150
376	35	98			117	149
377	0	5			131	125
378	210	0			150	150
379	161	0			150	150
380	14	10			150	150
381	20	21			149	150
382	2	1			148	150
383	8	25			150	150
384	0	0			150	150
385	4	2			150	150
386	41	44			150	150
387	11	13			150	144
388	8	10			150	150
389	1113	1292			150	150
390	1	1			150	150
391	34	3			145	119
392	29	62			138	150
393	0	0			120	120
394	5	1			133	150
395	23	2			150	114
396	113	84			150	150
397	137	190			150	150
398	88	15			150	134
399	18	11			127	126
400	11	8			150	150
401	5	23			129	150
402	0	1			150	123
403	66	119			150	150
404	4	0			150	150
405	5	120			150	143
406	6	120			150	143
407	0	0			150	150
408	0	0			129	150
409	112	95			150	144
410	71	89			150	150
411	64	83			150	150
412	0	644			100	100
413	90	153			119	150
414	49	3			127	119
415	7	0			150	95
416	0	0			150	96
417	65	83			124	150
418	0	0			135	150
419	17	12			150	150
420	87	80			150	134
421	0	1			150	150
422	50	71			147	140
423	15	71			150	140
424	11	71			150	140
425	50	76			147	150
426	15	76			150	150
427	11	76			150	150
428	214	261			150	141
429	0	0			150	150
430	905	967			150	150
431	26	38			150	150
432	15	6			150	150
433	20	25			150	150
434	1	0			150	142
435	5	1			150	150
436	53	67			150	150
437	159	151			150	132
438	5	0			150	138
439	5	0			150	147
440	0	0			138	147
441	30	40			123	150
442	0	0			150	150
443	30	31			150	150
444	0	31			150	150
445	15	10			150	150
446	88	81			150	150
447	402	468			126	115
448	223	469			150	140
449	70	105			150	150
450	1	141			117	150
451	34	43			150	150
452	328	2			150	150
453	337	358			150	150
454	0	0			150	150
455	2	0			150	133
456	0	0			108	135
457	104	138			150	150
458	649	436			150	150
459	8	76			150	150
460	1	2			150	150
461	1	2			150	150
462	7	86			150	148
463	5	1			150	150
464	2	11			150	150
465	172	5			140	150
466	76	75			114	150
467	81	60			135	102
468	3803	2231			150	150
469	1833	2			150	150
470	6	2509			145	150
471	1836	2509			150	150
472	220	130			150	150
473	14	12			150	150
474	5	0			150	150
475	2	0			150	150
476	14	22			150	150
477	5	10			150	150
478	2	10			150	150
479	76	108			150	150
480	117	83			150	139
481	123	17			150	150
482	49	54			150	150
483	0	1			150	150
484	0	0			150	150
485	0	0			150	104
486	8	0			150	150
487	149	83			150	150
488	0	1			150	150
489	21	31			150	150
490	8	39			95	150
491	3	4			150	150
492	29	6			150	150
493	9	17			150	150
494	9	17			150	150
495	0	3			84	84
496	70	47			150	150
497	50	88			150	150
498	0	1			150	150
499	228	171			150	137
500	202	186			150	150
501	0	1			150	150
502	6	5			102	150
503	5	18			128	150
504	17	9			150	128
505	1	117			150	137
506	40	89			150	150
507	9	44			150	150
508	40	63			150	150
509	70	114			150	150
510	0	232			150	135
511	45	61			150	129
512	2	52			147	147
513	3	7			150	150
514	11	7			150	150
515	11	3			150	150
516	14	0			150	133
517	0	0			150	150
518	0	0			150	150
519	36	78			150	146
520	52	16			150	150
521	635	752			150	150
522	1	0			150	150
523	22	17			150	150
524	46	30			133	150
525	2	59			150	150
526	90	115			150	150
527	6	1			150	150
528	0	0			150	150
529	6	0			150	150
530	6	0			150	150
531	1126	1			127	150
532	67	8			150	150
533	20	5			150	150
534	99	84			147	150
535	80	84			150	150
536	0	0			150	150
537	21	0			150	150
538	16	41			150	150
539	1020	0			147	150
540	0	0			150	84
541	4	0			150	84
542	4	0			150	150
543	15	23			150	150
544	115	108			150	150
545	0	1			150	150
546	5	157			146	150
547	0	6			145	150
548	0	6			145	150
549	15	41			126	150
550	1	68			150	150
551	53	40			150	150
552	24	21			150	150
553	74	55			150	150
554	0	0			150	150
555	105	152			150	150
556	0	0			150	119
557	0	0			79	82
558	33	0			150	150
559	4	9			150	150
560	1	1			150	150
561	0	1			150	150
562	3	131			144	120
563	122	136			144	120
564	6	238			108	144
565	6	55			108	102
566	0	0			78	150
567	12	257			150	150
568	12	125			150	150
569	24	70			111	150
570	58	57			150	150
571	46	0			150	150
572	2	17			150	150
573	23	23			150	150
574	11	2			113	137
575	486	449			150	150
576	107	88			118	150
577	144	249			150	150
578	30	36			150	150
579	172	318			150	150
580	63	54			150	150
581	0	0			150	150
582	0	0			150	125
583	34	28			150	144
584	57	28			150	117
585	220	344			148	150
586	2	0			150	150
587	1	0			150	81
588	7	0			138	150
589	0	6			150	150
590	0	0			150	150
591	6	0			150	150
592	0	0			150	150
593	0	0			150	150
594	34	38			150	150
595	3110	835			150	150
596	565	5542			150	150
597	55	6			150	140
598	80	1			149	137
599	61	3			150	150
600	60	82			150	150
601	0	0			98	98
602	0	0			81	81
603	30	8			128	132
604	0	0			150	105
605	0	0			117	105
606	0	3			150	150
607	45	33			150	150
608	37	38			138	150
609	0	0			150	150
610	49	60			150	150
611	3	2			150	150
612	3	0			150	150
613	15	154			147	144
614	14	2			147	150
615	1	9			142	150
616	49	59			133	147
617	87	54			147	150
618	64	63			150	140
619	181	252			150	150
620	29	54			150	150
621	0	8			150	150
622	32	58			114	149
623	0	0			147	141
624	1	6			150	150
625	1	4			150	146
626	13	0			84	84
627	17	8			150	150
628	31	41			150	150
629	78	164			150	150
630	353	44			120	120
631	100	17			120	120
632	154	263			126	120
633	104	58			150	118
634	3	4			150	150
635	2	0			150	150
636	7	0			150	150
637	51	15			144	108
638	72	80			150	150
639	0	0			150	141
640	41	31			150	150
641	0	0			150	150
642	1	133			130	150
643	124	62			150	130
644	124	92			150	150
645	124	92			150	150
646	0	10			150	150
647	0	20			150	115
648	19	9			150	150
649	35	49			150	150
650	0	0			150	150
651	47	0			126	150
652	1	0			150	150
653	12	17			150	120
654	0	2			150	135
655	0	0			96	96
656	44	29			150	116
657	85	34			150	150
658	95	20			150	150
659	0	0			150	150
660	0	2			129	137
661	15	17			150	150
662	173	0			100	100
663	6	10			150	150
664	47	35			150	150
665	0	0			150	150
666	0	2			150	150
667	27	8			150	114
668	21	15			150	150
669	0	0			150	125
670	0	0			150	150
671	42	29			148	147
672	12	29			150	147
673	2	1			150	142
674	2	3			142	150
675	0	0			142	111
676	0	0			150	150
677	14	18			133	150
678	36	0			150	114
679	4	188			150	150
680	0	0			150	150
681	30	31			150	150
682	0	0			150	150
683	0	1			150	150
684	9	332			150	150
685	1	1			150	148
686	6	0			150	150
687	5	57			103	150
688	8	8			150	150
689	9	7			150	150
690	15	7			150	150
691	0	7			76	150
692	78	78			150	150
693	103	11			150	150
694	0	0			138	150
695	0	4			150	150
696	30	52			143	150
697	39	84			99	150
698	11	0			150	138
699	54	0			150	138
700	54	11			150	150
701	0	0			110	127
702	0	0			126	150
703	102	121			150	150
704	6	0			125	150
705	0	0			150	142
706	13	87			150	150
707	5	3			150	150
708	69	47			150	134
709	13711	12380			150	150
710	32	11			150	150
711	0	2			143	150
712	0	0			141	150
713	80	37			105	150
714	80	164			105	150
715	0	0			123	99
716	0	24			150	150
717	12	16			150	150
718	0	0			150	131
719	0	0			150	150
720	30	27			150	150
721	0	4			150	150
722	2	74			150	150
723	3	157			150	150
724	96	175			150	150
725	54	39			126	150
726	19	3			150	150
727	46	41			150	135
728	26	29			150	150
729	32	27			150	150
730	34	43			150	150
731	18	10			150	148
732	12	0			150	150
733	6	13			150	150
734	6	4			150	150
735	257	5			150	149
736	2	19			125	150
737	69	50			150	150
738	0	0			120	150
739	12	0			147	150
740	1	0			150	150
741	0	0			135	150
742	0	0			150	150
743	40	52			150	149
744	0	1			150	126
745	0	22			121	144
746	1	34			150	110
747	12	69			92	150
748	15	4			150	126
749	6	20			150	140
750	0	0			150	150
751	108	0			150	150
752	112	198			150	150
753	16	128			150	150
754	2511	7243			150	150
755	2341	7243			150	150
756	13	20			150	138
757	20	38			150	138
758	2	18			114	150
759	1	26			150	150
760	0	35			150	150
761	3	74			150	146
762	21	4			150	150
763	19	4			150	150
764	4	39			143	150
765	1	72			150	142
766	45	10			150	150
767	45	10			150	150
768	45	34			150	150
769	47	1			150	90
770	0	0			81	81
771	74	53			150	146
772	7	5			150	150
773	14	1			150	150
774	12	1			150	150
775	12	14			150	150
776	2	59			134	150
777	0	0			150	102
778	1	0			111	114
779	1	2			134	118
780	11	105			150	150
781	1	5			150	150
782	8	2			150	150
783	1	1			150	150
784	5	0			87	84
785	7	0			150	147
786	7	0			150	150
787	9	0			150	150
788	15	75			150	150
789	0	0			142	106
790	50	104			150	150
791	8	104			150	150
792	68	91			150	150
793	105	1			83	83
794	14986	15572			150	150
795	12458	15572			150	150
796	12457	12336			150	150
797	0	0			150	150
798	5	0			84	84
799	80	165			150	150
800	85	117			150	150
801	65	2			92	92
802	0	11			99	99
803	0	0			150	150
804	0	1			150	144
805	0	0			150	150
806	1	0			144	150
807	60	39			150	150
808	1	3			150	150
809	1	3			150	133
810	1	0			150	150
811	3	0			150	150
812	3	0			133	150
813	2	2			143	132
814	10	0			150	150
815	7	0			150	150
816	173	68			132	150
817	306	23			150	150
818	26	1			150	150
819	26	40			150	150
820	1	40			150	150
821	214	250			150	150
822	3	4			150	109
823	138	128			150	132
824	1	128			150	132
825	0	0			150	150
826	0	0			150	150
827	1	37			150	150
828	14	36			150	150
829	484	0			150	150
830	40	52			150	150
831	136	164			150	141
832	5	5			150	150
833	136	204			150	150
834	106	7			125	136
835	0	2			150	128
836	455	76			150	150
837	16	0			150	113
838	532	529			143	150
839	44	0			150	150
840	123	26			147	150
841	0	0			150	132
842	0	0			150	132
843	0	0			150	150
844	407	411			150	150
845	16	49			112	150
846	1951	55			150	150
847	2648	10			107	113
848	4	3			150	150
849	0	18			150	150
850	0	0			150	150
851	139	116			150	150
852	40	75			150	150
853	40	45			150	124
854	44	24			150	150
855	44	5			150	124
856	44	96			150	150
857	26	59			150	150
858	26	27			150	110
859	24	96			150	150
860	5	96			124	150
861	0	1			138	149
862	2	91			150	113
863	118	0			150	150
864	60	0			150	150
865	85	124			150	150
866	72	132			150	150
867	122	277			125	150
868	139	161			150	150
869	120	37			150	115
870	2	8			150	150
871	0	2			150	150
872	12	8			150	150
873	1	3			150	114
874	16	31			150	150
875	0	0			114	150
876	18	17			122	147
877	20	62			150	150
878	38	30			150	108
879	7	14			150	143
880	60	107			150	150
881	0	0			97	99
882	4	3			150	150
883	7	7			150	150
884	11	0			150	150
885	8	30			150	150
886	0	1			120	120
887	1	2			135	150
888	11	11			150	150
889	2	5			150	150
890	0	0			150	150
891	188	90			150	150
892	6	102			150	150
893	18	7			150	108
894	1323	267			150	150
895	58	92			113	150
896	38	61			150	150
897	237	160			150	150
898	172	288			150	150
899	0	0			87	87
900	2	0			102	150
901	14	2			117	141
902	7	10			150	150
903	34	70			150	150
904	70	1			150	150
905	70	5			150	150
906	143	204			150	150
907	42	53			150	150
908	57	104			136	150
909	0	0			150	150
910	29	44			124	150
911	5	13			99	100
912	0	0			150	150
913	18	6			150	150
914	42	68			130	150
915	98	65			150	150
916	26	13			150	150
917	21	13			150	150
918	25	32			150	128
919	4	19			114	150
920	352	460			150	150
921	21	11			150	150
922	36	20			150	150
923	0	0			90	90
924	3	13			90	78
925	0	0			117	78
926	106	282			150	132
927	190	282			150	132
928	13	30			150	150
929	0	471			113	142
930	168	471			142	142
931	168	0			142	113
932	217	206			150	150
933	302	433			150	150
934	141	3			150	150
935	141	135			150	150
936	141	14			150	150
937	0	0			150	150
938	4	2			150	150
939	119	128			150	150
940	4	11			148	150
941	3	11			150	150
942	1	1			148	150
943	33	50			150	150
944	352	411			150	150
945	7	22			109	141
946	17	31			150	142
947	3	148			147	150
948	4	148			150	150
949	2	0			150	121
950	74	55			147	150
951	18	1			136	128
952	1	17			150	150
953	3	8			150	138
954	0	8			150	150
955	23	105			150	150
956	0	1			150	150
957	0	2			150	150
958	0	1			150	150
959	0	3			150	150
960	0	2			150	150
961	0	0			87	90
962	13	0			128	150
963	2142	5630			103	150
964	4974	5630			150	150
965	11	3			150	150
966	12	49			113	150
967	4	1			150	133
968	19	1			150	150
969	5	5			150	150
970	0	3			150	150
971	16	1			150	105
972	65	58			150	150
973	0	21			87	87
974	13	39			129	150
975	0	0			150	150
976	0	0			150	150
977	0	2			150	150
978	0	2			150	150
979	408	390			142	150
980	408	2			142	150
981	566	351			150	150
982	82	87			140	150
983	52	43			150	150
984	61	60			150	150
985	76	54			150	150
986	6	16			102	150
987	0	0			150	124
988	402	329			150	150
989	6	45			110	150
990	4	0			150	106
991	0	0			150	150
992	3	0			150	150
993	10	79			102	120
994	2	5			150	150
995	46	60			132	150
996	5	4			150	150
997	0	0			150	150
998	2	2			150	150
999	0	1			150	150
1000	112	79			150	150
1001	98	2			150	150
1002	6	3			141	149
1003	6	6			141	150
1004	1	3			150	150
1005	0	0			150	150
1006	5	12			114	102
1007	0	12			126	102
1008	24	11			150	102
1009	18	5			150	102
1010	9	42			150	150
1011	41	66			150	150
1012	51	13			150	150
1013	201	216			150	138
1014	38	128			150	150
1015	85	129			150	150
1016	27	5187			150	150
1017	4346	4065			150	150
1018	86	82			150	150
1019	13	18			150	150
1020	213	0			150	150
1021	0	0			150	150
1022	0	0			150	131
1023	0	0			150	131
1024	2	137			98	150
1025	0	0			150	150
1026	66	127			150	150
1027	40	50			135	146
1028	40	2			135	150
1029	96	6			150	150
1030	456	547			150	150
1031	17	21			150	150
1032	0	83			150	150
1033	1	0			117	150
1034	3	119			150	150
1035	70	72			150	150
1036	0	1			150	150
1037	0	0			150	150
1038	3	0			150	150
1039	29	36			150	150
1040	30	24			150	150
1041	0	0			127	129
1042	0	0			150	150
1043	12	12			150	150
1044	2	0			150	150
1045	3	1			150	150
1046	9	5			141	150
1047	0	0			110	150
1048	0	0			110	150
1049	0	0			150	146
1050	4	131			124	128
1051	66	0			150	150
1052	50	27			138	150
1053	1	59			150	136
1054	25	64			150	150
1055	0	0			98	95
1056	6	48			130	150
1057	48	45			144	150
1058	95	51			150	128
1059	93	9			150	128
1060	11	77			150	150
1061	15	24			150	150
1062	13	24			150	150
1063	1	58			106	150
1064	3	99			79	150
1065	8	26			98	150
1066	39	103			150	150
1067	12	0			150	150
1068	6	22			150	150
1069	0	1			150	150
1070	2	1			132	132
1071	22	26			125	150
1072	220	122			150	150
1073	117	124			150	150
1074	16	6			93	93
1075	14	3			96	90
1076	22	13			96	90
1077	70	5			87	99
1078	6	156			116	116
1079	55	258			150	150
1080	1	258			150	150
1081	214	263			150	150
1082	0	0			150	150
1083	17	60			146	150
1084	47	70			150	150
1085	66	1			98	101
1086	169	139			150	150
1087	31	1243			137	150
1088	254	1424			137	150
1089	848	652			150	150
1090	16	35			150	150
1091	16	45			150	150
1092	0	39			150	150
1093	25	58			150	150
1094	0	5			150	150
1095	0	2			150	150
1096	5	12			150	150
1097	10	19			138	150
1098	2	0			150	150
1099	0	7			150	150
1100	85	87			150	150
1101	29	21			150	150
1102	1015	1404			150	150
1103	727	1088			150	150
1104	0	32			150	150
1105	2	0			150	150
1106	9	81			136	150
1107	0	0			150	150
1108	0	0			150	136
1109	0	0			150	136
1110	22	37			133	146
1111	41	20			146	150
1112	23	25			150	150
1113	13	1404			124	150
1114	1	1404			118	150
1115	1369	1380			150	150
1116	4	84			150	150
1117	37	32			150	150
1118	7	52			150	150
1119	2	68			150	122
1120	52	70			109	126
1121	68	7			150	150
1122	17	39			150	135
1123	17	39			150	135
1124	7	9			141	150
1125	13	1			138	150
1126	10	3			138	150
1127	12	3			150	150
1128	12	10			150	138
1129	148	0			87	87
1130	0	0			150	150
1131	15	7			150	150
1132	3	1			140	95
1133	7	22			150	150
1134	48	31			150	150
1135	53	23			150	98
1136	51	50			150	150
1137	22	76			150	150
1138	2	60			115	150
1139	1	110			150	150
1140	0	0			146	135
1141	1	17			150	150
1142	6	23			130	150
1143	6	16			130	121
1144	23	51			150	150
1145	224	195			150	150
1146	19	25			150	150
1147	4	7			150	150
1148	4725	11376			119	150
1149	5	11			150	150
1150	33	0			107	97
1151	33	101			107	134
1152	0	101			97	134
1153	51	49			150	150
1154	0	50			150	150
1155	160	165			150	150
1156	10	0			81	81
1157	3	3			150	150
1158	7	47			150	150
1159	4	22			137	150
1160	6	12			150	137
1161	301	197			150	150
1162	0	0			150	150
1163	0	0			150	150
1164	0	0			150	150
1165	0	0			150	150
1166	0	0			84	84
1167	0	0			123	150
1168	2	0			150	150
1169	0	0			150	150
1170	0	0			150	131
1171	17	59			143	119
1172	22	59			150	119
1173	1	0			150	150
1174	0	0			138	150
1175	64	139			150	150
1176	120	126			127	150
1177	25	198			150	134
1178	84	92			150	137
1179	430	654			150	150
1180	401	680			150	150
1181	566	617			150	140
1182	606	967			140	150
1183	0	0			150	150
1184	40	157			150	150
1185	35	75			150	150
1186	129	61			150	150
1187	0	1			150	150
1188	20	32			141	150
1189	17	23			150	150
1190	7	9			108	150
1191	0	3			150	150
1192	7	3			150	150
1193	88	114			137	150
1194	1	2			150	150
1195	167	76			150	150
1196	1	4			150	150
1197	1	0			150	127
1198	4	0			150	127
1199	0	0			96	90
1200	2	7			150	150
1201	2	7			150	150
1202	0	2			150	150
1203	0	11			150	150
1204	0	10			150	150
1205	2	3			150	150
1206	17	0			150	95
1207	17	1			150	137
1208	0	1			95	137
1209	1	6			147	141
1210	3	6			150	141
1211	3	1			150	147
1212	0	0			108	150
1213	3	0			148	150
1214	1	1			150	150
1215	1	0			150	150
1216	0	0			150	150
1217	1	1			150	150
1218	1	0			150	150
1219	6	9			150	147
1220	50	73			150	150
1221	1	80			131	150
1222	99	79			150	150
1223	0	0			81	81
1224	0	0			150	150
1225	0	141			81	144
1226	3	141			81	144
1227	3	0			81	81
1228	0	1			150	150
1229	0	0			150	150
1230	108	22			150	135
1231	4	1			150	150
1232	7	7			150	150
1233	89	154			150	148
1234	5	976			150	150
1235	4	8			148	150
1236	0	0			150	137
1237	6	4			150	150
1238	3	2			132	150
1239	42	23			148	150
1240	42	11			148	150
1241	154	27			138	97
1242	23	22			97	150
1243	23	102			97	150
1244	31	109			150	150
1245	32	22			150	150
1246	32	102			150	150
1247	22	102			150	150
1248	41	73			150	150
1249	1	2			150	150
1250	3	4			150	150
1251	149	47			138	99
1252	85	104			150	150
1253	0	0			150	150
1254	223	509			104	150
1255	49	45			150	150
1256	124	0			150	150
1257	0	0			150	110
1258	86	146			150	150
1259	5	14			150	150
1260	88	101			150	150
1261	0	0			150	150
1262	42	61			150	150
1263	20	11			150	150
1264	14	36			150	150
1265	322	257			150	134
1266	0	2			150	150
1267	154	118			150	131
1268	1	2			150	150
1269	17	45			150	150
1270	0	0			150	150
1271	2	13			150	150
1272	18	13			150	150
1273	95	95			150	150
1274	51	100			150	150
1275	80	100			150	150
1276	61	0			90	93
1277	18	3			147	150
1278	37	45			150	150
1279	15	41			150	150
1280	1040	829			150	150
1281	0	0			150	103
1282	0	0			150	150
1283	0	0			120	150
1284	0	0			150	150
1285	0	0			150	120
1286	0	0			150	120
1287	0	0			150	150
1288	0	7			150	150
1289	31	0			111	114
1290	30	60			139	150
1291	1223	2608			150	150
1292	267	1997			150	150
1293	178	256			150	150
1294	0	1			150	150
1295	0	1			150	150
1296	10	0			150	150
1297	3	3			121	135
1298	0	10			150	135
1299	0	153			119	112
1300	125	232			125	150
1301	102	148			125	125
1302	3	273			102	150
1303	0	0			90	87
1304	7	17			150	150
1305	12	0			96	96
1306	0	0			150	150
1307	24	38			150	150
1308	8	16			150	146
1309	10	26			114	144
1310	0	0			147	141
1311	4	12			150	150
1312	39	47			150	150
1313	236	222			136	150
1314	13376	456			150	150
1315	0	0			150	150
1316	70	254			150	150
1317	27	36			150	150
1318	0	0			150	150
1319	1	7			150	150
1320	15	46			150	150
1321	19	46			150	150
1322	53	98			136	150
1323	5	15			126	123
1324	5	13			126	150
1325	0	4			129	135
1326	9	4			111	135
1327	7	0			111	150
1328	0	0			129	150
1329	75	3			150	150
1330	43	115			150	150
1331	6	102			150	150
1332	87	64			150	150
1333	0	4			110	93
1334	0	0			150	150
1335	1	0			150	150
1336	1	0			150	150
1337	0	0			150	150
1338	4	9716			150	150
1339	2	6			150	150
1340	3	6			150	150
1341	14	8			148	150
1342	23	27			150	150
1343	313	456			150	150
1344	27	14			150	109
1345	0	22			150	114
1346	14	7			150	126
1347	50	47			150	150
1348	2	3			132	150
1349	64	63			150	147
1350	0	0			150	150
1351	143	175			150	150
1352	272	0			150	150
1353	3	55			150	150
1354	1123	1745			147	150
1355	1123	141			147	118
1356	218	289			150	150
1357	86	0			150	150
1358	86	26			150	150
1359	2	63			150	135
1360	0	0			140	150
1361	11	7			142	150
1362	2	0			90	105
1363	193	121			138	115
1364	41	47			150	150
1365	7	1			150	150
1366	274	120			150	150
1367	199	450			111	150
1368	276	225			150	111
1369	0	0			150	150
1370	9	12			150	136
1371	24	44			120	140
1372	2	31			150	150
1373	0	0			150	150
1374	0	0			150	150
1375	0	0			150	150
1376	0	0			150	150
1377	0	0			150	150
1378	0	0			150	150
1379	0	0			150	150
1380	0	0			150	150
1381	0	0			150	150
1382	0	14			121	150
1383	0	0			121	133
1384	0	0			150	133
1385	0	0			150	121
1386	9	1			141	150
1387	0	55			150	150
1388	287	298			150	150
1389	216	270			150	150
1390	0	0			150	150
1391	8	51			150	150
1392	95	103			150	150
1393	0	0			150	150
1394	0	0			150	150
1395	4	6			150	150
1396	13	4			150	150
1397	7	14			102	150
1398	1	1			150	150
1399	47	62			149	150
1400	587	520			150	150
1401	2	4			150	100
1402	1	1			150	150
1403	0	0			150	114
1404	42	46			150	150
1405	0	0			150	98
1406	421	471			149	150
1407	4	350			150	150
1408	50	41			144	150
1409	1	0			150	150
1410	0	1			150	150
1411	0	3			150	150
1412	0	1			150	150
1413	0	4			150	150
1414	214	255			150	150
1415	202	202			150	150
1416	0	0			150	150
1417	0	0			84	96
1418	0	0			144	93
1419	0	0			102	117
1420	6	0			133	117
1421	4	1			150	109
1422	0	2			150	109
1423	3	0			150	150
1424	23	16			144	132
1425	0	0			135	150
1426	65	125			150	150
1427	256	258			150	150
1428	5	0			150	106
1429	121	36			120	117
1430	0	0			150	150
1431	0	0			150	150
1432	7	7			111	150
1433	71	134			150	141
1434	39	6			150	150
1435	39	28			150	150
1436	6	28			150	150
1437	0	0			150	150
1438	0	0			123	150
1439	35	51			150	150
1440	106	64			150	122
1441	1	92			150	150
1442	0	0			150	150
1443	0	0			150	150
1444	0	0			150	130
1445	0	0			150	149
1446	38	35			150	150
1447	38	10			150	150
1448	38	12			150	121
1449	30	10			150	121
1450	35	10			150	150
1451	35	12			150	121
1452	67	10			150	121
1453	10	506			150	150
1454	0	0			150	150
1455	15	15			150	150
1456	1	0			147	137
1457	0	0			114	150
1458	0	0			133	150
1459	23	0			150	87
1460	37	40			150	150
1461	142	159			150	150
1462	20	1			150	150
1463	4	4			150	150
1464	4	4			150	150
1465	0	0			150	150
1466	0	0			150	150
1467	0	0			84	93
1468	0	3			150	150
1469	61	15			150	150
1470	0	0			110	150
1471	54	31			150	150
1472	3	0			150	150
1473	4	3			137	150
1474	12	4			143	150
1475	0	3			150	150
1476	12	33			150	150
1477	3	3			150	150
1478	92	5			150	150
1479	1413	1194			150	150
1480	39	3			150	150
1481	0	2			150	150
1482	17	1			150	150
1483	45	46			150	150
1484	1	0			150	150
1485	0	0			78	78
1486	44	60			150	150
1487	3	60			150	150
1488	29	107			126	150
1489	0	0			150	150
1490	230	419			150	150
1491	182	229			150	150
1492	182	1			150	118
1493	52	52			150	150
1494	119	55			137	150
1495	44	56			150	150
1496	97	72			150	139
1497	102	93			150	150
1498	15	93			139	150
1499	77	98			139	150
1500	5	1			133	150
1501	228	0			150	150
1502	42	36			150	150
1503	27	17			150	150
1504	0	0			150	99
1505	0	45			150	81
1506	1	0			128	150
1507	2	39			150	150
1508	26	53			150	150
1509	64	36			150	150
1510	2	0			150	150
1511	8	13			150	150
1512	0	0			134	150
1513	1	6			114	150
1514	37	0			150	92
1515	1	10			150	127
1516	0	0			150	150
1517	57	78			127	150
1518	358	62			150	150
1519	0	37			150	150
1520	29	112			143	150
1521	29	1			143	150
1522	0	3			148	150
1523	50	24			150	138
1524	0	0			150	150
1525	0	0			150	150
1526	0	0			150	150
1527	0	0			150	150
1528	0	0			150	150
1529	0	0			150	150
1530	0	0			150	150
1531	0	0			150	103
1532	0	0			150	150
1533	0	2			150	150
1534	6	117			144	150
1535	0	15			150	133
1536	0	0			150	150
1537	0	0			150	150
1538	3	0			149	149
1539	10	15			150	150
1540	25	11			150	150
1541	10	0			150	121
1542	3	6			150	150
1543	0	5			105	133
1544	64	57			150	132
1545	103	115			150	150
1546	111	34			150	123
1547	6	0			150	150
1548	6	0			150	150
1549	1	0			150	150
1550	1	6			150	150
1551	1	6			150	150
1552	0	0			121	147
1553	21	89			150	150
1554	0	0			150	150
1555	2	2			150	140
1556	6	8			119	150
1557	1	1			150	150
1558	179	185			150	150
1559	13	5			150	150
1560	40	57			150	150
1561	131	94			150	150
1562	112	143			135	150
1563	82	82			150	150
1564	83	100			150	150
1565	28	29			150	150
1566	1419	1503			150	150
1567	0	0			144	131
1568	125	211			150	150
1569	1	0			126	150
1570	170	167			150	150
1571	176	94			150	120
1572	172	8			150	120
1573	172	4			150	120
1574	172	116			150	131
1575	4	116			120	131
1576	85	149			120	150
1577	78	118			120	131
1578	587	51			150	150
1579	111	188			150	150
1580	2	1			150	150
1581	1	0			150	121
1582	1	39			111	150
1583	2	2			150	150
1584	510	37			150	150
1585	0	5			150	150
1586	20	0			99	99
1587	15	23			134	150
1588	18	23			150	150
1589	1	2			150	150
1590	32	46			129	150
1591	49	2			125	115
1592	10	19			150	138
1593	0	0			150	150
1594	0	0			150	150
1595	0	0			150	150
1596	0	0			141	150
1597	0	0			150	130
1598	0	0			150	130
1599	0	0			150	150
1600	0	0			150	150
1601	0	0			150	150
1602	0	0			150	150
1603	0	0			150	136
1604	3	0			138	150
1605	2	0			150	150
1606	84	63			141	143
1607	36	97			143	146
1608	72	84			146	133
1609	4	6			142	124
1610	68	90			150	150
1611	4	41			146	150
1612	58	2			150	150
1613	58	42			150	150
1614	38	76			150	150
1615	0	0			134	150
1616	0	0			96	96
1617	184	33			150	150
1618	173	132			150	150
1619	151	144			150	150
1620	14	10			150	150
1621	0	0			147	141
1622	1	11			150	150
1623	21	35			150	150
1624	21	24			119	150
1625	2	31			150	140
1626	0	0			123	150
1627	0	0			123	150
1628	0	0			123	78
1629	0	0			150	78
1630	0	0			150	78
1631	20	35			150	150
1632	102	0			79	79
1633	0	16			150	150
1634	0	0			150	150
1635	4	5			150	150
1636	3	1			150	150
1637	3	1			150	150
1638	45	21			150	150
1639	331	34			113	136
1640	0	0			150	150
1641	0	0			115	150
1642	0	0			139	128
1643	0	0			108	123
1644	104	182			150	150
1645	54	1			128	79
1646	4	18			150	150
1647	4	22			150	150
1648	18	22			150	150
1649	94	232			150	144
1650	171	0			150	76
1651	0	0			150	136
1652	3	0			150	150
1653	0	3			150	150
1654	1	11			150	150
1655	0	0			150	150
1656	0	27			150	131
1657	0	27			150	131
1658	0	0			150	150
1659	0	0			150	122
1660	202	22			150	150
1661	52	67			150	150
1662	0	0			150	150
1663	153	279			114	132
1664	7	41			150	150
1665	0	43			150	122
1666	0	0			150	150
1667	0	0			150	150
1668	47	63			150	150
1669	45	22			150	150
1670	45	58			150	150
1671	22	58			150	150
1672	51	57			150	150
1673	32	27			150	150
1674	0	0			81	81
1675	34	51			130	150
1676	234	181			150	129
1677	214	178			150	129
1678	0	26			96	96
1679	0	25			96	93
1680	69	169			118	150
1681	63	51			133	150
1682	62	78			129	150
1683	0	0			150	150
1684	0	0			150	150
1685	0	1			142	150
1686	0	1			114	145
1687	0	3			150	150
1688	0	1			150	150
1689	0	1			150	150
1690	0	6			150	145
1691	3	1			150	150
1692	3	1			150	150
1693	3	6			150	145
1694	1	6			150	145
1695	1	6			150	145
1696	0	0			123	150
1697	49	34			150	150
1698	0	0			150	108
1699	4	0			126	99
1700	16	24			150	150
1701	2	0			150	150
1702	2	0			150	150
1703	0	0			150	150
1704	0	0			150	150
1705	1	6			150	150
1706	0	0			96	90
1707	17	17			150	150
1708	25	18			150	150
1709	25	37			150	150
1710	201	1			150	150
1711	32	66			150	150
1712	95	75			150	108
1713	2	0			150	150
1714	28	40			150	150
1715	7	23			150	150
1716	15	3			150	150
1717	2	5			150	150
1718	0	0			144	150
1719	0	0			150	150
1720	138	1			150	150
1721	50	40			150	150
1722	29	54			150	150
1723	1	0			150	150
1724	1	0			150	150
1725	0	0			87	87
1726	0	0			150	147
1727	0	0			150	147
1728	0	15			79	150
1729	9	4			150	150
1730	9	23			150	150
1731	5	4			150	150
1732	5	23			150	150
1733	4	23			150	150
1734	206	137			150	150
1735	8	13			139	150
1736	59	105			150	150
1737	1	55			84	150
1738	0	0			150	150
1739	16	14			123	150
1740	10	3			150	150
1741	134	110			150	135
1742	103	99			150	150
1743	190	155			150	136
1744	0	128			98	98
1745	1713	1691			150	150
1746	1713	1580			150	150
1747	64	6			150	135
1748	75	56			150	150
1749	24	85			150	150
1750	7	0			140	125
1751	74	103			150	150
1752	0	0			150	107
1753	1	9			150	150
1754	8	19			106	150
1755	57	91			138	150
1756	14	2			150	90
1757	5	3			150	150
1758	0	3			111	150
1759	0	0			150	150
1760	11	76			150	150
1761	0	23			120	150
1762	1	2			150	150
1763	2	91			132	150
1764	1	0			150	114
1765	65	36			150	143
1766	2	4			150	150
1767	0	4			105	150
1768	0	2			105	150
1769	0	0			150	150
1770	88	80			150	150
1771	1	1			126	150
1772	0	149			82	150
1773	0	2			150	150
1774	416	264			150	150
1775	0	0			150	150
1776	5	1			150	150
1777	5	1			150	150
1778	28	1			150	150
1779	79	5962			150	150
1780	4331	5962			111	150
1781	43	42			110	125
1782	121	42			150	125
1783	13	0			147	150
1784	78	43			150	150
1785	67	88			150	126
1786	1	83			147	147
1787	0	0			150	150
1788	93	52			137	141
1789	0	0			150	150
1790	7	15			133	150
1791	1	1			150	150
1792	1	0			150	150
1793	1	0			150	150
1794	0	78			150	150
1795	0	49			150	150
1796	0	0			106	106
1797	0	0			100	100
1798	1	0			150	135
1799	1050	0			150	150
1800	2161	0			150	150
1801	0	0			150	150
1802	2820	4170			150	150
1803	88	127			150	150
1804	286	0			150	150
1805	3	123			150	150
1806	3	175			150	150
1807	3	116			150	150
1808	0	0			150	150
1809	0	0			150	150
1810	0	0			131	150
1811	8	51			132	150
1812	120	118			150	150
1813	149	120			150	150
1814	41	33			150	150
1815	82	8			150	150
1816	110	0			84	87
1817	1184	269			150	119
1818	833	0			132	150
1819	10	0			138	115
1820	3	39			150	150
1821	17	39			150	150
1822	0	17			150	150
1823	0	0			150	150
1824	0	0			150	108
1825	3	11			124	150
1826	2	10			150	150
1827	6	6			150	150
1828	27	60			150	150
1829	24	0			141	150
1830	1	0			150	137
1831	0	0			150	137
1832	0	1			150	150
1833	29	21			150	150
1834	0	0			123	150
1835	72	101			141	141
1836	51	94			150	141
1837	2	105			118	150
1838	146	78			150	135
1839	0	0			93	126
1840	0	37			150	150
1841	15	15			150	150
1842	0	0			150	150
1843	0	0			150	150
1844	0	12			150	150
1845	23	29			150	150
1846	50	0			150	129
1847	3	4			150	150
1848	13	13			150	138
1849	2	1			150	143
1850	7	10			114	150
1851	0	0			150	98
1852	0	0			150	98
1853	111	155			135	117
1854	89	202			117	132
1855	17	2			150	128
1856	1	8			150	150
1857	22	26			150	150
1858	100	132			150	150
1859	111	95			150	150
1860	51	40			150	139
1861	3	96			150	150
1862	148	195			150	150
1863	12	16			150	150
1864	258	299			150	150
1865	0	3			150	145
1866	25	26			150	150
1867	47	1			150	150
1868	40	21			150	150
1869	34	72			150	150
1870	0	0			150	150
1871	0	1			129	114
1872	76	1			148	97
1873	76	64			148	150
1874	28	14			150	150
1875	24	410			150	150
1876	42	43			150	150
1877	20	113			135	150
1878	52	42			142	150
1879	0	0			144	150
1880	0	0			144	150
1881	0	0			150	150
1882	8	7			150	132
1883	916	639			150	150
1884	924	118			150	150
1885	10	4			142	150
1886	0	26			96	93
1887	0	0			150	98
1888	0	0			150	98
1889	10	8			111	150
1890	454	1			120	150
1891	151	11			120	150
1892	69	271			117	150
1893	135	104			150	117
1894	268	72			150	117
1895	182	203			150	150
1896	16	1895			150	150
1897	9	1895			150	150
1898	171	143			150	150
1899	46	94			150	150
1900	0	0			150	150
1901	59	49			150	150
1902	10	17			150	150
1903	10	14			150	150
1904	4	4			150	150
1905	94	26			150	150
1906	90	106			150	150
1907	0	0			99	132
1908	29	178			150	150
1909	32	85			150	150
1910	32	137			150	135
1911	85	137			150	135
1912	79	102			150	150
1913	56	1			150	150
1914	56	74			150	150
1915	0	10			149	150
1916	0	6			149	150
1917	9	3			107	150
1918	13	22			150	150
1919	22	13			150	150
1920	25	3			150	150
1921	15	10			150	150
1922	1	36			150	150
1923	14	36			150	150
1924	46	33			150	150
1925	31	98			150	150
1926	59	54			150	150
1927	1	82			150	150
1928	0	0			77	150
1929	326	245			150	150
1930	48	46			146	146
1931	144	75			150	150
1932	4	75			143	150
1933	127	111			150	150
1934	20	39			150	150
1935	33	0			150	80
1936	9180	10636			150	150
1937	673	709			150	135
1938	725	728			135	145
1939	14	11			150	150
1940	109	0			150	135
1941	148	25			150	150
1942	109	94			150	148
1943	256	87			144	144
1944	3	29			150	150
1945	0	0			111	150
1946	247	261			145	150
1947	9	31			150	150
1948	64	68			150	150
1949	37	46			150	150
1950	13	46			150	150
1951	4	10			150	150
1952	6	14			150	150
1953	6	13			150	150
1954	0	24			150	150
1955	0	0			150	150
1956	0	0			150	79
1957	10	15			150	150
1958	8	15			150	150
1959	89	76			150	132
1960	150	3			150	150
1961	227	465			120	150
1962	18	12			125	150
1963	20	12			125	150
1964	1	12			127	150
1965	18	12			125	150
1966	5	2			131	125
1967	48	7			150	150
1968	0	0			116	150
1969	13	14			150	150
1970	2	9			150	150
1971	2	0			150	150
1972	1	1			150	150
1973	4	2			150	150
1974	0	0			150	150
1975	7	30			150	150
1976	118	2			138	150
1977	4	10			150	150
1978	0	5			150	150
1979	0	0			150	150
1980	0	0			150	150
1981	256	860			150	141
1982	47	45			150	150
1983	2	0			127	150
1984	80	76			150	147
1985	9	80			133	150
1986	4	0			104	150
1987	595	801			150	150
1988	67	163			150	150
1989	0	0			132	150
1990	58	0			150	150
1991	0	0			93	93
1992	0	3			93	150
1993	13	37			150	141
1994	12	4			150	150
1995	10	0			150	150
1996	10	20			150	149
1997	0	20			150	149
1998	47	161			150	150
1999	0	0			150	114
2000	0	0			150	114
2001	3	0			150	150
2002	3	0			150	150
2003	1	11			150	150
2004	1	18			150	150
2005	3	0			134	150
2006	3	0			134	150
2007	1	27			134	150
2008	0	0			150	150
2009	11	18			150	150
2010	1	0			150	150
2011	0	0			150	137
2012	0	0			150	137
2013	0	0			150	150
2014	0	30			150	150
2015	46	5			150	150
2016	3	227			150	150
2017	3	227			150	150
2018	0	0			150	150
2019	9	0			150	122
2020	71	66			150	150
2021	0	106			150	150
2022	1	29			150	131
2023	10	12			150	150
2024	63	147			150	150
2025	37	147			150	150
2026	7	147			150	150
2027	3	0			150	150
2028	118	5			150	114
2029	82	5			150	114
2030	46	39			114	150
2031	0	7			135	117
2032	2	7			108	117
2033	2	0			108	135
2034	0	0			108	135
2035	85	4			148	148
2036	17	9			142	150
2037	15	9			120	150
2038	16	8			150	142
2039	0	7			120	142
2040	0	17			117	150
2041	16	17			120	150
2042	0	17			117	150
2043	0	17			120	150
2044	0	26			150	150
2045	8	19			150	150
2046	8	0			150	150
2047	3	1			135	147
2048	120	142			150	150
2049	0	11			115	130
2050	0	33			115	130
2051	12	29			150	150
2052	0	0			150	150
2053	289	446			150	150
2054	0	0			133	122
2055	0	0			133	150
2056	0	0			122	150
2057	16	6			150	150
2058	0	42			93	93
2059	15	28			121	150
2060	29	5			150	121
2061	4	37			123	150
2062	125	132			150	134
2063	16	6			150	117
2064	0	0			121	150
2065	0	0			150	150
2066	0	0			121	150
2067	0	0			84	84
2068	0	0			150	84
2069	0	0			150	84
2070	90	0			150	150
2071	35	5			147	147
2072	89	87			150	133
2073	8	8			150	150
2074	0	0			150	150
2075	57	61			150	150
2076	269	192			139	150
2077	35	38			150	149
2078	0	0			150	150
2079	8	30			150	150
2080	25	22			150	129
2081	10	4			150	150
2082	5	29			150	150
2083	199	104			150	150
2084	0	6			150	150
2085	1	4			150	129
2086	245	183			150	150
2087	131	208			150	150
2088	2	12			109	150
2089	21	41			150	150
2090	6	8			150	150
2091	1	2			126	150
2092	2	2			105	150
2093	0	6			150	150
2094	0	2			150	150
2095	6	2			150	150
2096	14	4			123	150
2097	0	7			93	93
2098	1	0			150	150
2099	39	43			142	136
2100	94	171			139	150
2101	11	29			150	150
2102	0	0			115	118
2103	25	5			150	123
2104	16	4			150	146
2105	78	23			150	150
2106	9	23			150	150
2107	8	12			150	150
2108	10	4			150	150
2109	27	21			143	150
2110	26	36			143	150
2111	0	0			150	150
2112	11	0			99	126
2113	0	1			99	102
2114	3	0			102	126
2115	3	0			102	129
2116	258	110			150	102
2117	162	212			150	150
2118	5	0			150	150
2119	0	0			150	98
2120	0	0			150	98
2121	10	7			139	150
2122	5	4			150	150
2123	3	0			150	150
2124	10	26			150	150
2125	0	3			150	150
2126	0	11			150	150
2127	158	282			150	150
2128	101	50			135	141
2129	13	10			150	150
2130	1	0			147	127
2131	63	50			150	150
2132	73	6			150	109
2133	46	3			142	150
2134	0	0			102	99
2135	64	40			150	150
2136	0	0			97	150
2137	65	71			150	150
2138	73	30			121	150
2139	216	208			150	150
2140	0	0			93	90
2141	1	41			102	150
2142	1	33			102	150
2143	61	78			150	150
2144	0	0			150	99
2145	3	25			148	78
2146	17	0			123	99
2147	6	16			150	150
2148	21	27			150	142
2149	26	27			150	150
2150	266	186			150	150
2151	1	0			144	81
2152	1	0			120	150
2153	216	11			150	150
2154	62	58			150	150
2155	10	42			150	150
2156	2	0			108	96
2157	33	0			150	96
2158	33	2			150	108
2159	0	0			150	111
2160	3	54			150	150
2161	3	105			150	150
2162	88	65			150	150
2163	8	18			150	150
2164	8	14			150	150
2165	0	3			150	150
2166	0	0			125	150
2167	22	0			150	150
2168	0	0			150	150
2169	0	0			150	150
2170	199	0			150	97
2171	208	556			150	150
2172	34	36			132	150
2173	211	207			150	150
2174	0	1			150	150
2175	9	28			150	136
2176	1	0			150	117
2177	0	3			150	150
2178	1	3			150	150
2179	0	3			150	150
2180	0	3			150	150
2181	0	3			150	150
2182	0	1			150	150
2183	0	0			150	150
2184	84	98			150	150
2185	144	6			150	150
2186	0	0			150	150
2187	35	212			111	150
2188	167	157			150	150
2189	18	10			141	120
2190	85	170			150	150
2191	2	170			150	150
2192	6	4			150	150
2193	1	0			87	87
2194	5	1			150	150
2195	20	38			150	150
2196	25	55			150	150
2197	288	6			150	150
2198	4	13			150	150
2199	97	114			150	150
2200	121	110			150	150
2201	0	0			150	150
2202	3	64			150	150
2203	10	108			150	150
2204	5	114			150	150
2205	62	121			150	150
2206	61	88			150	133
2207	6	86			150	133
2208	110	86			150	133
2209	97	59			150	150
2210	125	0			120	150
2211	13	203			131	150
2212	101	134			150	147
2213	0	4			150	150
2214	34	19			150	131
2215	33	75			150	150
2216	0	0			150	150
2217	3	2			150	146
2218	0	2			150	146
2219	0	3			150	150
2220	10	35			150	150
2221	25	78			150	150
2222	38	64			150	150
2223	0	1			150	150
2224	0	0			150	150
2225	0	2			150	150
2226	14	23			150	147
2227	26	12			150	136
2228	24	16			150	150
2229	16	54			150	150
2230	1	0			150	150
2231	48	0			150	150
2232	2	168			150	150
2233	31	71			150	150
2234	2	2			150	150
2235	0	0			138	150
2236	0	0			138	150
2237	0	0			150	150
2238	0	0			150	138
2239	0	0			150	138
2240	0	1			150	150
2241	130	128			150	150
2242	35	50			150	150
2243	45	73			150	149
2244	0	0			139	150
2245	21	24			150	150
2246	0	0			150	150
2247	75	109			150	150
2248	101	98			150	150
2249	0	4			108	150
2250	0	0			144	147
2251	0	0			150	150
2252	191	0			150	150
2253	34	59			150	150
2254	89	98			150	150
2255	0	0			83	77
2256	158	1004			138	150
2257	3	1			150	133
2258	0	0			150	150
2259	1	0			150	87
2260	0	1			87	150
2261	0	2			150	150
2262	54	55			149	150
2263	26	49			150	150
2264	30	46			150	150
2265	4444	4365			150	150
2266	22	23			150	150
2267	28	28			150	150
2268	6	8			150	114
2269	19	13			150	150
2270	33	61			150	150
2271	33	61			126	150
2272	76	62			150	150
2273	76	2			150	126
2274	368	293			150	150
2275	1	48			118	150
2276	76	79			150	150
2277	0	0			150	150
2278	151	44			150	150
2279	11	22			150	150
2280	246	296			150	150
2281	64	114			150	150
2282	43	98			123	150
2283	746	920			150	150
2284	8	11			150	150
2285	1	11			150	150
2286	1	14			150	150
2287	0	0			150	150
2288	39	61			150	150
2289	39	60			150	150
2290	0	0			150	141
2291	0	0			150	150
2292	0	0			123	150
2293	106	6			150	150
2294	1	0			150	150
2295	0	0			150	129
2296	3	13			150	150
2297	0	0			125	150
2298	0	17			150	150
2299	1	0			150	129
2300	499	162			150	150
2301	0	0			150	133
2302	2	31			150	150
2303	2	48			150	149
2304	8	80			150	149
2305	0	0			129	150
2306	726	558			150	150
2307	43	103			126	150
2308	0	0			130	150
2309	0	0			93	150
2310	3	6			150	150
2311	112	166			150	150
2312	4	5			150	150
2313	1	5			150	150
2314	1	4			150	150
2315	28	14			148	150
2316	26	9			148	150
2317	23	18			150	148
2318	5	4			150	150
2319	14	12			150	126
2320	3	4			120	90
2321	3	0			120	90
2322	4	0			90	90
2323	47	66			122	150
2324	9	19			150	144
2325	57	38			150	150
2326	29	5			150	102
2327	0	0			150	98
2328	0	0			150	98
2329	22	72			150	150
2330	1	54			150	150
2331	0	54			109	150
2332	0	1			109	150
2333	19	109			150	150
2334	19	59			150	150
2335	7	12			150	150
2336	7	7			150	150
2337	6	12			135	149
2338	0	17			150	135
2339	395	10			108	111
2340	0	2			143	134
2341	51	36			150	105
2342	23	11			150	150
2343	0	1			150	140
2344	90	27			150	150
2345	11	0			150	149
2346	11	53			150	150
2347	0	74			149	150
2348	213	427			128	150
2349	315	406			150	150
2350	35	69			150	150
2351	0	0			150	150
2352	3269	3996			147	150
2353	400	3169			150	149
2354	3833	3169			150	149
2355	2	53			150	150
2356	2	53			150	150
2357	2	53			150	150
2358	0	0			150	150
2359	0	0			150	150
2360	0	0			150	150
2361	0	0			150	150
2362	0	0			150	150
2363	0	0			150	150
2364	0	0			150	150
2365	0	0			150	150
2366	0	0			150	150
2367	32	58			150	150
2368	105	70			150	150
2369	22	28			149	150
2370	43	51			150	150
2371	88	62			150	150
2372	1	0			150	134
2373	5	6			147	150
2374	0	0			150	150
2375	0	0			150	150
2376	35	0			150	87
2377	9	0			87	87
2378	3	1			138	150
2379	0	1			138	150
2380	1	1			150	150
2381	1	0			150	138
2382	1	0			150	138
2383	91	126			150	150
2384	35	53			105	103
2385	205	138			150	150
2386	0	0			150	150
2387	0	45			150	150
2388	6	1			150	150
2389	3	1			150	150
2390	1296	17			150	150
2391	1296	0			150	77
2392	17	0			150	77
2393	0	0			150	150
2394	0	0			127	127
2395	0	0			150	150
2396	0	0			127	127
2397	0	0			127	127
2398	0	0			127	127
2399	4	50			150	150
2400	0	0			150	126
2401	34	60			150	150
2402	2	5			150	150
2403	10	16			147	150
2404	6	1			135	150
2405	4	28			135	150
2406	15	1			150	150
2407	2	0			150	150
2408	35	66			116	150
2409	79	2			87	87
2410	79	3			87	150
2411	0	0			150	103
2412	0	0			150	150
2413	4	14			112	150
2414	12	25			150	116
2415	22	25			150	116
2416	12	62			150	150
2417	22	62			150	150
2418	531	774			150	150
2419	585	306			129	150
2420	391	252			150	150
2421	32	46			150	150
2422	0	8			102	99
2423	214	266			150	150
2424	1	3			150	150
2425	4	0			150	150
2426	111	22			150	106
2427	35	6			129	141
2428	0	0			150	150
2429	2	0			150	150
2430	0	2			150	150
2431	11	0			150	150
2432	1	0			136	150
2433	0	0			150	150
2434	0	3			150	150
2435	0	228			111	121
2436	2	107			150	150
2437	54	29			141	150
2438	0	0			150	150
2439	4	64			150	150
2440	29	66			141	150
2441	56	2			150	141
2442	4	2			150	141
2443	56	2			150	141
2444	4	2			150	141
2445	28	79			150	150
2446	0	0			99	99
2447	1	1			134	99
2448	15	1			150	134
2449	15	0			150	134
2450	0	0			150	150
2451	0	6			83	83
2452	2	1			83	110
2453	2	0			83	83
2454	1	0			110	83
2455	4	0			132	141
2456	0	10			99	99
2457	1	11			120	117
2458	8	5			150	150
2459	0	2			92	95
2460	24	11			150	150
2461	38	20			150	102
2462	292	616			150	150
2463	16	41			150	150
2464	357	350			150	92
2465	173	350			150	92
2466	0	0			111	150
2467	41	0			150	108
2468	0	0			147	150
2469	0	0			129	150
2470	0	0			129	150
2471	0	0			129	150
2472	0	0			129	150
2473	0	0			129	150
2474	0	0			150	150
2475	0	0			150	150
2476	0	0			150	150
2477	0	0			150	150
2478	0	0			150	150
2479	0	0			150	150
2480	0	0			150	150
2481	0	0			150	150
2482	0	0			150	150
2483	0	0			150	123
2484	66	194			150	150
2485	2	194			116	150
2486	6	194			150	150
2487	95	89			150	150
2488	21	21			150	150
2489	0	0			150	150
2490	0	0			150	150
2491	1	16			150	138
2492	0	0			150	146
2493	0	120			150	150
2494	22	21			109	143
2495	23	38			150	150
2496	1	45			139	148
2497	0	0			150	144
2498	18	30			150	150
2499	0	0			150	150
2500	83	142			150	147
2501	5	9			150	150
2502	40	84			150	150
2503	18	14			121	150
2504	105	143			150	150
2505	0	0			150	111
2506	25	13			119	150
2507	0	4			150	150
2508	0	4			150	150
2509	18	1			150	120
2510	0	0			150	150
2511	0	0			150	117
2512	34	233			150	150
2513	2	293			129	150
2514	43	0			150	150
2515	126	2933			150	150
2516	16	21			150	150
2517	0	0			150	109
2518	0	4			94	94
2519	96	129			150	150
2520	6	2			150	150
2521	3	3			150	150
2522	172	3			150	150
2523	172	3			150	150
2524	0	0			121	133
2525	21	10			145	150
2526	12	14			145	150
2527	0	0			126	150
2528	0	0			119	150
2529	0	0			150	99
2530	0	0			116	99
2531	0	0			116	150
2532	0	0			150	150
2533	0	0			150	150
2534	16	2			150	150
2535	1	5			150	150
2536	82	131			150	150
2537	0	1			150	150
2538	34	34			144	150
2539	0	86			150	150
2540	0	85			150	150
2541	146	109			150	150
2542	9	14			150	150
2543	3	6			150	149
2544	24	34			150	150
2545	0	25			150	150
2546	29	2			135	135
2547	13	25			150	150
2548	14	18			150	108
2549	0	1			150	150
2550	223	286			131	150
2551	49	150			150	150
2552	0	0			150	150
2553	8	1			150	111
2554	0	7			150	138
2555	0	5			150	150
2556	15	15			150	150
2557	52	1			150	150
2558	0	0			123	150
2559	0	0			143	137
2560	0	4			150	150
2561	1	0			150	150
2562	0	1			150	150
2563	2	12			78	78
2564	0	2			93	93
2565	62	150			150	150
2566	1	27			150	150
2567	295	10			150	150
2568	0	0			90	78
2569	0	0			117	78
2570	1	2			150	150
2571	171	351			130	150
2572	112	168			147	150
2573	29	23			150	150
2574	12	0			150	150
2575	6	8			150	150
2576	222	131			150	150
2577	380	9			150	150
2578	27	0			150	150
2579	27	37			150	150
2580	23	68			150	150
2581	5	6			150	150
2582	2	2			150	150
2583	0	1			127	150
2584	2	0			150	150
2585	0	0			150	150
2586	5	1			150	150
2587	98	87			150	150
2588	0	0			150	150
2589	59	0			150	150
2590	37	36			150	150
2591	17	7			150	150
2592	16	11			150	137
2593	13	12			113	137
2594	49	12			150	137
2595	59	12			150	137
2596	49	13			150	113
2597	59	13			150	113
2598	46	17			150	113
2599	7	0			150	150
2600	18	29			130	150
2601	0	0			150	150
2602	75	94			150	150
2603	0	0			150	150
2604	12	27			125	150
2605	30	45			150	150
2606	62	77			150	149
2607	1	25			150	150
2608	68	50			150	150
2609	112	139			150	150
2610	10	72			150	150
2611	45	73			150	150
2612	9	100			150	150
2613	15	4			150	150
2614	15	4			150	150
2615	0	15			150	150
2616	308	295			150	150
2617	90	105			150	150
2618	5	13			150	150
2619	181	134			150	150
2620	6	10			150	150
2621	384	691			150	150
2622	263	614			127	150
2623	18	11			150	150
2624	34	53			150	150
2625	18	25			124	117
2626	0	0			150	150
2627	207	28			150	132
2628	184	59			132	120
2629	161	209			132	138
2630	263	65			141	120
2631	180	234			141	138
2632	0	16			93	93
2633	3	6			90	150
2634	6	1			150	150
2635	0	0			131	141
2636	7	0			150	96
2637	586	857			150	150
2638	637	673			150	150
2639	6	0			150	150
2640	1	7			150	150
2641	1	0			150	150
2642	0	0			150	150
2643	0	0			150	150
2644	0	0			150	150
2645	0	0			150	150
2646	12	16			136	150
2647	2	4			81	150
2648	20	45			147	150
2649	0	0			150	150
2650	1	4			150	150
2651	2	7			145	150
2652	3	17			130	150
2653	0	0			138	120
2654	14	5			150	127
2655	8	19			119	125
2656	0	1			150	150
2657	0	0			81	81
2658	0	0			150	150
2659	195	214			150	150
2660	25	28			150	150
2661	163	179			150	150
2662	0	0			150	150
2663	2	8			150	150
2664	0	0			150	150
2665	0	58			150	115
2666	0	0			150	150
2667	0	0			145	150
2668	105	81			150	150
2669	20	1			150	144
2670	0	1			123	150
2671	0	0			93	93
2672	0	0			150	137
2673	2	2			150	150
2674	1	2			150	135
2675	0	1			150	133
2676	0	0			133	150
2677	115	278			150	150
2678	1345	1250			150	144
2679	1962	1185			150	150
2680	124	252			128	150
2681	161	248			150	150
2682	40	12			150	121
2683	328	218			150	150
2684	19	2			126	126
2685	18	10			126	138
2686	7	13			126	138
2687	2	49			149	150
2688	15	39			150	150
2689	20	24			150	150
2690	14	15			150	150
2691	27	99			150	150
2692	27	25			150	150
2693	56	13			150	117
2694	13	6			150	124
2695	23	70			150	150
2696	60	52			146	149
2697	18	86			150	150
2698	0	6			150	150
2699	21	8			150	150
2700	105	118			150	150
2701	152	170			150	150
2702	325	289			150	150
2703	62	15			150	96
2704	62	18			150	150
2705	0	0			150	150
2706	5	115			113	150
2707	0	102			113	150
2708	6	102			142	150
2709	6	0			142	113
2710	26	18			142	113
2711	26	57			150	150
2712	15	47			150	150
2713	125	104			150	150
2714	54	56			150	150
2715	10	11			150	150
2716	159	140			136	127
2717	0	0			150	150
2718	14	13			150	150
2719	11	10			150	150
2720	143	4			150	150
2721	2	0			150	125
2722	0	0			150	150
2723	26	0			150	150
2724	26	0			150	150
2725	189	209			150	150
2726	34	99			147	150
2727	0	0			150	98
2728	0	0			150	98
2729	2	0			150	150
2730	0	0			150	150
2731	2	0			150	150
2732	2	0			150	150
2733	0	0			150	150
2734	0	0			150	114
2735	10	42			150	150
2736	6	40			150	150
2737	8	7			150	150
2738	0	0			123	150
2739	72	211			150	150
2740	20	12			150	143
2741	46	56			137	150
2742	2075	1651			150	150
2743	1	26			150	150
2744	777	410			145	122
2745	0	0			96	99
2746	8	1			150	150
2747	5	0			150	125
2748	90	97			150	150
2749	183	242			125	147
2750	213	183			143	150
2751	35	41			150	150
2752	25	48			150	150
2753	21	34			150	150
2754	16	30			150	150
2755	7	5			147	147
2756	4	4			147	147
2757	0	1			150	150
2758	21	15			150	150
2759	9	0			150	150
2760	6	0			150	150
2761	0	8			94	94
2762	0	0			87	87
2763	0	0			87	87
2764	0	0			87	87
2765	0	0			150	150
2766	12	16			150	150
2767	399	100			149	111
2768	399	80			149	111
2769	2	24			150	150
2770	110	11			150	150
2771	992	927			150	150
2772	14	12			150	137
2773	93	109			150	150
2774	88	7			138	150
2775	87	114			138	150
2776	7	0			150	150
2777	5	0			150	150
2778	0	0			150	150
2779	0	0			141	150
2780	0	0			141	150
2781	14	10			150	150
2782	13	11			150	144
2783	152	1			150	150
2784	275	1013			150	150
2785	3	7			150	150
2786	3	105			150	146
2787	3	72			150	137
2788	7	105			150	146
2789	7	72			150	137
2790	5	1			150	150
2791	10	26			150	147
2792	16	29			150	150
2793	0	0			123	150
2794	262	247			150	150
2795	6	7			138	150
2796	41	35			140	103
2797	45	57			150	150
2798	5	1			150	150
2799	5	1			150	150
2800	1	1			150	150
2801	0	0			150	150
2802	505	9			145	147
2803	32	50			150	147
2804	32	22			150	150
2805	1	60			146	147
2806	25	436			150	150
2807	2	0			150	150
2808	54	9			150	150
2809	4	0			150	150
2810	4	0			150	150
2811	0	0			150	150
2812	44	72			150	150
2813	44	70			150	150
2814	9	0			150	150
2815	53	60			150	150
2816	26	40			150	150
2817	22	27			150	150
2818	76	181			129	150
2819	49	62			150	150
2820	49	1			150	150
2821	60	74			150	150
2822	5	74			144	150
2823	60	74			150	150
2824	39	52			131	150
2825	0	39			125	122
2826	39	74			150	150
2827	59	72			117	150
2828	6	44			150	150
2829	107	154			150	150
2830	0	0			109	143
2831	0	0			150	150
2832	7	1			150	133
2833	4	0			150	150
2834	6	0			150	150
2835	20	10			126	148
2836	34	18			126	148
2837	34	13			126	148
2838	18	13			148	148
2839	29	8			148	148
2840	1	462			102	150
2841	101	4			128	150
2842	101	4			128	150
2843	147	197			128	150
2844	52	136			117	128
2845	62	24			150	104
2846	32	24			150	150
2847	69	55			123	150
2848	196	184			150	150
2849	225	179			150	150
2850	0	0			150	150
2851	20	0			150	150
2852	40	6			150	150
2853	128	195			150	150
2854	12	22			150	150
2855	55	190			120	117
2856	28	3			150	150
2857	0	0			150	150
2858	0	0			150	150
2859	8	10			150	150
2860	78	72			150	123
2861	78	65			150	118
2862	8	7			150	127
2863	0	84			150	150
2864	2	0			150	150
2865	3	5			150	150
2866	0	0			140	150
2867	0	0			123	140
2868	0	0			150	150
2869	52	73			150	150
2870	0	0			123	150
2871	19	15			150	150
2872	105	110			150	150
2873	405	432			150	138
2874	426	420			150	150
2875	293	340			145	136
2876	0	0			147	150
2877	363	1491			134	150
2878	8	3			150	150
2879	7	3			150	150
2880	10	4			150	150
2881	9	4			130	150
2882	85	4			150	150
2883	85	10			150	150
2884	85	9			150	130
2885	141	1			150	103
2886	0	61			150	150
2887	337	285			150	150
2888	7	20			150	150
2889	0	9			142	116
2890	0	0			150	150
2891	20	28			150	122
2892	0	0			150	148
2893	176	227			150	144
2894	1	8			150	150
2895	12	6			150	150
2896	66	0			150	150
2897	149	224			143	150
2898	2	0			150	150
2899	2	48			150	150
2900	21	21			126	150
2901	0	0			150	150
2902	47	46			150	150
2903	50	44			150	139
2904	100	102			150	149
2905	110	11			150	150
2906	19	40			150	150
2907	26	33			150	150
2908	0	0			96	102
2909	0	0			96	96
2910	151	91			150	150
2911	115	1			87	87
2912	0	0			150	150
2913	0	0			150	150
2914	0	0			132	150
2915	0	0			150	150
2916	0	4			150	121
2917	82	64			150	150
2918	64	38			150	150
2919	1	0			109	150
2920	0	6			150	150
2921	0	6			150	150
2922	1	6			150	150
2923	0	6			150	150
2924	0	0			150	150
2925	1	0			150	150
2926	0	0			150	150
2927	1	0			150	150
2928	0	0			150	150
2929	0	1			150	150
2930	75	88			150	150
2931	0	0			123	150
2932	79	168			136	150
2933	0	0			90	150
2934	99	153			126	150
2935	17	2			150	150
2936	21	21			150	150
2937	0	1			129	129
2938	20	250			150	150
2939	0	0			78	78
2940	0	0			78	78
2941	0	0			78	78
2942	0	0			150	150
2943	0	0			150	150
2944	1	0			150	150
2945	75	105			150	150
2946	0	0			96	150
2947	0	0			150	147
2948	48	12			150	150
2949	0	23			150	147
2950	13	13			141	135
2951	27	45			128	146
2952	197	198			144	150
2953	2	0			150	150
2954	20	2			150	108
2955	0	1			150	150
2956	5	10			150	150
2957	9	16			150	150
2958	151	172			150	150
2959	238	111			126	105
2960	160	508			111	150
2961	396	133			150	105
2962	222	134			117	105
2963	321	9			129	150
2964	321	646			129	150
2965	376	566			120	150
2966	190	1123			129	120
2967	9	22			150	148
2968	161	381			150	150
2969	500	460			150	150
2970	90	82			150	150
2971	21	36			150	150
2972	14	8			101	130
2973	21	53			150	150
2974	4	53			150	150
2975	59	60			150	150
2976	153	85			150	150
2977	232	2			150	150
2978	17	25			150	147
2979	0	82			119	150
2980	3	6			150	150
2981	0	1			123	150
2982	1	0			150	150
2983	22	12			150	150
2984	10	0			150	132
2985	90	156			119	150
2986	251	218			150	150
2987	0	0			138	150
2988	5	257			101	150
2989	0	0			150	150
2990	0	0			150	150
2991	0	0			150	150
2992	0	0			148	150
2993	0	0			150	150
2994	0	0			138	140
2995	0	0			150	150
2996	0	0			128	150
2997	0	0			150	150
2998	9	7			150	98
2999	10	19			150	98
3000	8	19			150	150
3001	66	116			150	150
3002	66	13			150	150
3003	59	115			150	150
3004	1	0			147	141
3005	9	9			150	150
3006	25	49			150	150
3007	21	4			150	129
3008	1	0			96	96
3009	15	14			150	150
3010	0	62			150	128
3011	3880	3869			150	150
3012	610	970			150	150
3013	19	31			123	146
3014	20	19			141	123
3015	0	7			129	149
3016	3	19			150	139
3017	1	9			150	150
3018	96	35			140	150
3019	7	5			150	115
3020	52	98			150	150
3021	0	0			147	141
3022	5	5			150	150
3023	36	2			150	150
3024	1	0			150	130
3025	18	15			150	109
3026	22	15			150	150
3027	14	25			130	150
3028	0	0			150	150
3029	182	232			150	150
3030	2	0			150	150
3031	0	2			110	150
3032	0	0			150	150
3033	71	60			150	150
3034	50	51			150	150
3035	0	6			150	114
3036	0	0			102	132
3037	46	51			150	150
3038	3	1			150	150
3039	0	0			150	150
3040	20	15			150	150
3041	53	71			150	150
3042	8	21			150	150
3043	6	22			150	150
3044	2	2			150	150
3045	25	0			150	116
3046	38	0			132	116
3047	0	42			150	150
3048	9	9			120	144
3049	320	326			150	150
3050	0	62			81	150
3051	36	39			150	150
3052	129	176			150	150
3053	128	199			135	150
3054	217	105			150	135
3055	23	46			135	135
3056	28	53			150	135
3057	26	44			132	150
3058	47	58			150	123
3059	21	8			150	147
3060	87	8			150	150
3061	43	14			150	150
3062	0	0			145	150
3063	2654	2407			150	150
3064	0	3			150	150
3065	0	17			150	150
3066	2	0			116	150
3067	25	0			87	150
3068	0	0			150	103
3069	0	0			150	150
3070	0	0			150	150
3071	60	59			150	150
3072	67	55			150	136
3073	0	0			150	150
3074	65	48			150	150
3075	0	3			150	128
3076	3	9			150	150
3077	1	1			150	148
3078	19	36			150	150
3079	42	38			148	150
3080	6	7			150	150
3081	6	4			150	112
3082	0	0			150	150
3083	47	0			145	150
3084	0	0			105	147
