ID	IJC_SAMPLE_1	SJC_SAMPLE_1	IJC_SAMPLE_2	SJC_SAMPLE_2	IncFormLen	SkipFormLen
0	0	0			247	137
1	0	0			367	137
2	0	0			367	247
3	0	0			168	98
4	0	0			168	98
5	0	0			138	255
6	0	0			138	255
7	0	0			153	255
8	0	0			153	138
9	0	0			153	138
10	0	0			247	137
11	0	0			367	137
12	0	0			367	247
13	0	0			138	255
14	0	0			138	255
15	0	0			153	255
16	0	0			153	138
17	0	0			153	138
18	0	0			123	165
19	0	0			247	137
20	0	0			367	137
21	0	0			367	247
22	0	0			138	255
23	0	0			138	255
24	0	0			153	255
25	0	0			153	138
26	0	0			153	138
27	0	0			174	214
28	0	0			224	108
29	0	0			192	111
30	0	0			123	165
31	0	0			247	137
32	0	0			367	137
33	0	0			367	247
34	0	0			138	255
35	0	0			138	255
36	0	0			153	255
37	0	0			153	138
38	0	0			153	138
39	0	0			123	165
40	0	0			247	137
41	0	0			367	137
42	0	0			367	247
43	0	0			168	98
44	0	0			168	98
45	0	0			192	111
46	0	0			179	259
47	0	0			259	333
48	0	0			193	192
49	0	0			147	141
50	0	0			218	103
51	0	0			360	151
52	0	0			193	192
53	0	0			111	153
54	0	0			218	103
55	0	0			360	151
56	0	0			147	141
57	0	0			218	103
58	0	0			360	151
59	0	0			193	192
60	0	0			147	141
61	0	0			111	153
62	0	0			193	192
63	0	0			147	141
64	0	0			372	372
65	0	0			218	103
66	0	0			360	151
67	0	0			84	102
68	0	0			148	226
69	0	0			165	238
70	0	0			231	174
71	0	0			141	312
72	0	0			138	297
73	0	0			1374	252
74	0	0			99	126
75	0	0			99	102
76	0	0			102	126
77	0	0			102	129
78	0	0			170	186
79	0	0			206	217
80	0	0			230	203
81	0	0			403	121
82	0	0			182	177
83	0	0			284	177
84	0	0			172	246
85	0	0			172	153
86	0	0			232	211
87	0	0			232	170
88	0	0			190	183
89	0	0			166	291
90	0	0			160	108
91	0	0			126	179
92	0	0			218	103
93	0	0			360	151
94	0	0			173	173
95	0	0			372	372
96	0	0			210	165
97	0	0			123	165
98	0	0			106	170
99	0	0			420	238
100	79	95			136	153
101	50	305			138	297
102	19	13			170	186
103	0	0			193	192
104	0	0			192	111
105	0	0			231	231
106	49	17			193	117
107	4	8			194	457
108	3	772			115	205
109	83	64			184	176
110	20	0			111	105
111	1	0			217	183
112	14	16			121	173
113	0	0			193	114
114	3	18			213	123
115	3	5			184	222
116	34	48			206	217
117	59	0			175	121
118	41	0			175	121
119	502	0			1266	192
120	6	0			93	90
121	327	565			143	183
122	12	32			210	231
123	1	26			144	111
124	0	0			93	93
125	475	290			211	161
126	0	0			206	126
127	0	1			206	235
128	0	1			126	235
129	24	39			198	213
130	114	154			167	168
131	357	39			153	210
132	0	0			175	160
133	33	75			123	140
134	47	30			211	172
135	0	0			420	238
136	47	20			155	173
137	206	198			181	172
138	111	50			252	146
139	2	166			188	185
140	1175	1839			135	177
141	35	273			262	738
142	1	2			163	207
143	0	2			136	168
144	0	1			182	221
145	0	5			167	212
146	30	78			142	227
147	208	5			2424	234
148	6	8			167	195
149	99	457			142	427
150	14	38			263	215
151	29	1			215	169
152	590	448			155	137
153	51	1			115	118
154	51	74			129	168
155	112	45			154	146
156	15	0			223	434
157	13	0			223	113
158	15	0			223	113
159	30	2			282	254
160	16	70			146	229
161	905	473			299	222
162	12	21			146	153
163	1	5			153	119
164	1	15			153	130
165	20	0			153	119
166	5	15			119	130
167	0	50			154	255
168	39	21			255	130
169	6	128			121	204
170	1	134			121	204
171	29	134			175	204
172	32	134			180	204
173	29	1			175	121
174	32	1			180	121
175	20	89			147	144
176	0	0			175	215
177	0	0			185	133
178	15	32			161	170
179	7	2			129	148
180	44	66			148	194
181	3	2			1030	221
182	0	2			197	221
183	120	74			242	264
184	68	62			254	157
185	126	79			254	254
186	36	168			199	233
187	0	2			141	175
188	9	20			219	184
189	676	2295			129	176
190	1411	411			243	132
191	76	105			191	294
192	8	7			300	144
193	0	5			117	243
194	58	6			765	163
195	0	3			222	207
196	13	0			645	198
197	0	0			123	182
198	20	35			157	147
199	7	105			193	225
200	1280	1704			255	318
201	5	310			155	164
202	0	15			232	266
203	1	3			357	155
204	459	270			153	108
205	572	195			148	230
206	136	412			218	204
207	96	125			201	217
208	0	17			151	192
209	110	134			148	123
210	723	273			293	124
211	94	222			159	251
212	0	0			141	139
213	1	0			163	118
214	544	55			161	222
215	544	70			161	278
216	50	169			158	277
217	0	0			183	168
218	0	0			150	222
219	1	1			319	319
220	18	4			192	122
221	210	241			186	197
222	0	2			193	193
223	15	8			106	226
224	73	464			152	265
225	1	1			97	97
226	5	0			111	153
227	0	0			218	103
228	0	0			360	151
229	27	10			247	177
230	97	113			214	254
231	8	82			147	285
232	531	56			729	113
233	1	0			249	373
234	2	2			136	229
235	1	2			147	229
236	178	79			133	243
237	62	44			207	143
238	69	194			119	136
239	97	15			451	197
240	0	0			148	198
241	356	484			163	162
242	164	166			254	199
243	1628	25			161	161
244	2232	20			156	141
245	176	94			252	171
246	4	10			268	366
247	4	10			314	366
248	232	63			355	150
249	9	13			240	240
250	1	15			135	169
251	51	85			136	227
252	56	30			164	136
253	53	30			144	136
254	26	61			154	144
255	86	0			213	120
256	21	61			129	288
257	57	126			159	150
258	0	0			200	195
259	0	1			200	250
260	2	4			124	121
261	7	8			153	157
262	3088	2698			192	207
263	1498	1902			168	117
264	135	328			166	253
265	0	0			122	119
266	422	588			176	228
267	100	58			287	220
268	180	375			237	269
269	3918	4425			196	206
270	234	199			202	195
271	0	0			171	118
272	100	4			328	174
273	74	1			85	85
274	284	440			170	213
275	2	0			173	206
276	53	37			117	128
277	586	530			244	150
278	66	104			208	281
279	1491	2705			209	193
280	1128	422			255	280
281	384	679			135	255
282	385	776			135	255
283	6	679			159	255
284	49	776			130	255
285	0	0			143	143
286	0	0			103	143
287	7	3			299	249
288	22	272			163	393
289	2	272			131	393
290	2	22			131	163
291	2	2			172	172
292	131	121			200	155
293	122	3			138	193
294	100	100			179	201
295	203	152			192	158
296	225	283			243	285
297	144	169			133	181
298	960	0			192	265
299	116	22			352	140
300	165	177			248	193
301	6	9			164	202
302	48	37			253	198
303	86	142			183	243
304	13	7			230	202
305	0	0			157	265
306	2	0			269	265
307	2	0			269	157
308	5	8			162	230
309	9	2			206	187
310	3	2			202	187
311	75	156			195	238
312	1	0			133	102
313	245	143			234	122
314	501	143			196	122
315	5355	13163			177	298
316	149	173			311	299
317	149	208			311	302
318	0	0			248	173
319	51	111			238	242
320	221	293			238	276
321	174	307			262	237
322	172	309			262	237
323	169	339			192	306
324	0	0			163	132
325	48	25			158	158
326	131	138			144	243
327	0	0			166	291
328	0	0			190	183
329	0	0			232	170
330	0	0			232	211
331	4684	8956			116	210
332	5	8930			116	210
333	50	13			397	200
334	5	0			202	226
335	0	0			166	226
336	0	2			125	143
337	5	0			202	204
338	0	5			223	202
339	0	5			166	202
340	2	5			207	202
341	2	49			373	300
342	0	0			167	136
343	0	4			116	199
344	0	1			123	232
345	0	2			204	213
346	35	70			199	141
347	26	39			174	172
348	2086	2306			195	195
349	99	6			153	270
350	4	0			194	190
351	0	0			216	190
352	3	0			241	190
353	2	0			199	190
354	2	3			241	211
355	0	4			216	194
356	3	4			241	194
357	2	4			199	194
358	3	0			241	216
359	2	0			199	216
360	2	3			199	241
361	2	2			199	241
362	24	28			145	172
363	3	10			185	159
364	23	26			241	227
365	1916	1413			276	204
366	6	6			150	198
367	5	7			150	174
368	0	0			158	189
369	0	0			202	121
370	61	76			162	143
371	21	97			117	205
372	8	22			160	108
373	18	43			108	180
374	99	166			122	161
375	99	180			122	165
376	35	98			117	149
377	0	5			131	125
378	308	6			185	173
379	216	6			160	173
380	17	11			174	165
381	20	28			149	180
382	2	1			148	154
383	23	42			225	222
384	0	0			174	214
385	7	4			214	179
386	60	74			194	214
387	21	13			168	144
388	10	10			165	155
389	2588	1693			241	172
390	1	2			168	193
391	34	3			145	119
392	29	64			138	158
393	0	0			120	120
394	5	1			133	150
395	27	2			183	114
396	164	107			177	172
397	266	228			224	165
398	206	15			268	134
399	18	11			127	126
400	17	15			184	252
401	5	33			129	204
402	0	1			268	123
403	93	133			177	158
404	4	0			150	215
405	95	120			209	143
406	86	120			185	143
407	6	2			201	170
408	0	0			129	153
409	177	95			188	144
410	131	140			195	196
411	106	134			204	196
412	0	644			100	100
413	90	211			119	180
414	49	3			127	119
415	20	0			230	95
416	0	0			174	96
417	65	161			124	225
418	0	0			135	177
419	24	12			167	155
420	189	80			224	134
421	2	1			198	187
422	50	71			147	140
423	20	71			162	140
424	26	71			214	140
425	50	170			147	229
426	20	170			162	229
427	26	170			214	229
428	283	261			167	141
429	0	0			166	295
430	1483	1468			189	183
431	26	62			155	224
432	39	13			224	187
433	59	56			220	249
434	3	0			176	142
435	16	3			250	176
436	79	227			164	348
437	240	151			189	132
438	12	0			199	138
439	12	0			199	147
440	0	0			138	147
441	30	83			123	227
442	0	0			167	167
443	77	48			243	177
444	37	48			219	177
445	49	19			250	229
446	88	125			151	196
447	402	468			126	115
448	298	469			176	140
449	398	298			338	217
450	1	251			117	271
451	51	70			174	192
452	481	148			171	171
453	490	504			171	171
454	0	2			450	651
455	5	0			176	133
456	0	0			108	135
457	364	210			252	183
458	659	1127			154	282
459	31	147			172	209
460	5	5			337	200
461	5	5			337	196
462	46	86			302	148
463	7	2			202	159
464	4	21			171	198
465	172	15			140	178
466	76	90			114	246
467	81	60			135	102
468	7636	4236			244	205
469	3236	3835			188	244
470	6	6342			145	244
471	3239	6342			188	244
472	265	151			181	181
473	17	21			189	249
474	18	9			179	249
475	16	9			182	249
476	17	31			189	189
477	18	19			179	189
478	16	19			182	189
479	117	138			176	163
480	147	83			163	139
481	176	25			192	165
482	169	93			284	192
483	0	1			430	150
484	0	0			163	366
485	0	0			197	104
486	13	0			182	151
487	347	136			241	169
488	2	2			197	273
489	44	46			198	191
490	8	42			95	156
491	14	17			276	254
492	38	9			177	177
493	24	31			220	221
494	24	31			201	221
495	0	3			84	84
496	133	67			211	168
497	68	131			168	178
498	5	3			328	200
499	481	171			250	137
500	225	439			168	250
501	1	3			231	220
502	6	14			102	201
503	5	50			128	243
504	22	9			187	128
505	1	117			169	137
506	115	145			200	199
507	98	67			280	217
508	47	116			156	220
509	167	145			234	171
510	0	232			156	135
511	45	61			150	129
512	2	52			147	147
513	7	23			214	278
514	17	23			212	278
515	17	7			212	214
516	31	0			286	133
517	0	0			244	174
518	0	0			189	228
519	96	78			284	146
520	95	16			215	159
521	733	772			159	152
522	4	0			226	197
523	42	32			197	207
524	46	47			133	166
525	6	76			166	166
526	145	127			184	165
527	13	1			217	154
528	0	0			168	168
529	26	0			363	168
530	26	0			363	168
531	1126	5			127	229
532	81	8			207	161
533	26	6			197	200
534	99	89			147	155
535	108	89			172	155
536	2	0			260	258
537	23	0			207	161
538	17	74			162	255
539	1020	18			147	245
540	20	0			321	84
541	44	0			516	84
542	6	35			205	462
543	21	41			173	340
544	180	219			194	222
545	0	3			191	195
546	5	362			146	440
547	0	10			145	220
548	0	16			145	671
549	15	56			126	177
550	2	102			200	227
551	71	114			160	218
552	28	51			160	255
553	129	86			205	172
554	0	0			185	189
555	133	439			175	289
556	0	0			179	119
557	0	0			79	82
558	46	5			214	214
559	8	52			220	368
560	35	5			704	197
561	0	5			253	197
562	3	131			144	120
563	122	136			144	120
564	6	238			108	144
565	6	55			108	102
566	0	0			78	255
567	29	365			186	205
568	29	234			186	233
569	24	84			111	161
570	106	204			211	322
571	53	3			162	198
572	137	42			926	263
573	24	33			154	213
574	11	2			113	137
575	892	758			225	195
576	107	250			118	238
577	306	258			238	153
578	79	98			250	239
579	702	318			267	150
580	118	66			216	160
581	2	0			216	192
582	0	0			158	125
583	89	28			270	144
584	90	28			183	117
585	220	801			148	259
586	5	0			249	246
587	6	0			246	81
588	7	0			138	236
589	0	7			159	168
590	0	0			159	162
591	7	0			168	162
592	0	0			192	196
593	0	0			354	354
594	50	72			198	203
595	4126	1234			201	201
596	569	5580			151	151
597	75	6			163	140
598	80	1			149	137
599	80	8			161	164
600	79	87			161	164
601	0	0			98	98
602	0	0			81	81
603	30	8			128	132
604	0	0			168	105
605	0	0			117	105
606	0	5			196	193
607	59	107			179	313
608	37	52			138	179
609	0	0			171	171
610	65	186			183	244
611	5	6			198	292
612	3	0			163	215
613	15	154			147	144
614	14	25			147	261
615	1	94			142	797
616	49	59			133	147
617	87	97			147	207
618	107	63			207	140
619	232	414			178	205
620	97	60			258	156
621	0	12			236	197
622	32	58			114	149
623	0	0			147	141
624	1	6			207	161
625	1	4			157	146
626	13	0			84	84
627	26	34			190	251
628	31	59			154	171
629	202	943			204	750
630	353	44			120	120
631	100	17			120	120
632	154	263			126	120
633	143	58			184	118
634	8	4			196	151
635	21	0			692	190
636	11	2			196	163
637	51	15			144	108
638	93	90			178	159
639	0	0			225	141
640	118	54			263	187
641	0	0			260	455
642	1	195			130	191
643	217	62			192	130
644	217	173			192	185
645	217	242			192	243
646	19	13			240	181
647	19	20			240	115
648	24	13			176	198
649	62	126			192	267
650	3	0			171	231
651	47	3			126	270
652	1	0			221	170
653	18	17			208	120
654	0	2			153	135
655	0	0			96	96
656	64	29			190	116
657	175	34			231	150
658	185	20			231	150
659	0	0			160	173
660	0	2			129	137
661	35	31			219	204
662	173	0			100	100
663	19	16			279	234
664	51	42			169	181
665	0	0			318	421
666	0	2			318	318
667	59	8			222	114
668	21	30			156	201
669	0	0			172	125
670	0	0			193	192
671	42	29			148	147
672	30	29			180	147
673	2	1			200	142
674	2	3			142	194
675	0	0			142	111
676	0	0			182	179
677	14	18			133	168
678	36	0			168	114
679	130	308			252	190
680	1	0			252	180
681	67	62			230	203
682	0	0			168	246
683	0	1			174	200
684	23	399			223	167
685	3	1			226	148
686	6	0			165	153
687	5	63			103	183
688	11	17			186	216
689	25	18			286	213
690	26	18			222	213
691	0	12			76	211
692	117	136			172	171
693	159	56			210	172
694	0	0			138	195
695	0	10			186	194
696	30	114			143	250
697	39	212			99	413
698	11	0			163	138
699	103	0			243	138
700	103	11			243	163
701	0	0			110	127
702	0	0			126	180
703	228	147			245	162
704	6	0			125	195
705	0	0			530	142
706	29	174			251	242
707	13	5			245	189
708	118	47			188	134
709	21979	13420			186	160
710	41	17			174	171
711	0	2			143	284
712	0	0			141	255
713	80	322			105	280
714	80	413			105	243
715	0	0			123	99
716	1	31			211	214
717	41	186			306	1007
718	0	0			198	131
719	0	0			193	192
720	31	39			155	179
721	0	41			191	732
722	3	110			166	178
723	4	193			166	178
724	283	654			224	304
725	54	54			126	170
726	43	105			203	506
727	46	41			151	135
728	63	70			210	234
729	76	68			225	234
730	78	80			225	210
731	25	10			182	148
732	36	17			594	412
733	14	39			290	256
734	14	30			290	255
735	325	5			193	149
736	2	24			125	185
737	123	73			211	166
738	0	0			120	208
739	12	0			147	354
740	1	0			168	202
741	0	0			135	237
742	0	0			211	151
743	55	52			184	149
744	0	1			169	126
745	0	22			121	144
746	73	34			243	110
747	12	96			92	183
748	41	4			227	126
749	15	20			168	140
750	0	0			262	317
751	183	1			227	215
752	361	228			275	166
753	2003	205			960	177
754	4589	17007			222	261
755	3276	17007			181	261
756	21	20			176	138
757	52	38			228	138
758	2	20			114	170
759	4	57			213	234
760	1	67			168	248
761	3	74			151	146
762	47	8			255	168
763	47	8			291	168
764	4	49			143	185
765	15	72			269	142
766	87	76			225	324
767	61	76			180	324
768	61	100			180	324
769	129	1			218	90
770	0	0			81	81
771	120	53			177	146
772	12	7			195	179
773	17	1			178	183
774	21	1			197	183
775	21	17			197	178
776	2	68			134	168
777	1	0			233	102
778	1	0			111	114
779	1	2			134	118
780	24	282			270	314
781	2	5			197	159
782	20	3			316	197
783	9	13			239	316
784	5	0			87	84
785	11	0			255	147
786	11	0			255	150
787	11	0			183	150
788	21	107			173	193
789	0	0			142	106
790	127	142			213	181
791	61	142			198	181
792	122	168			215	213
793	105	1			83	83
794	36563	24205			289	189
795	22140	24205			188	189
796	22139	33913			188	289
797	0	0			200	196
798	5	0			84	84
799	200	333			243	252
800	178	136			226	152
801	65	2			92	92
802	0	11			99	99
803	0	0			208	211
804	2	1			206	144
805	2	0			206	167
806	1	0			144	167
807	125	151			214	286
808	3	11			262	299
809	3	3			262	133
810	3	0			262	236
811	11	0			299	236
812	3	0			133	236
813	2	2			143	132
814	20	0			278	195
815	17	0			274	191
816	173	304			132	216
817	542	95			216	219
818	36	7			158	180
819	36	46			158	168
820	7	46			180	168
821	250	328			157	179
822	3	4			178	109
823	189	128			177	132
824	60	128			203	132
825	0	0			186	358
826	0	0			186	186
827	5	60			157	211
828	36	52			274	197
829	641	4			185	197
830	61	70			171	182
831	232	164			183	141
832	6	9			158	238
833	280	311			227	198
834	106	7			125	136
835	102	2			286	128
836	674	192			207	195
837	270	0			203	113
838	532	1106			143	226
839	56	5			185	249
840	123	38			147	185
841	1	0			279	132
842	0	0			173	132
843	0	1			173	279
844	797	662			198	195
845	16	118			112	225
846	2951	72			178	173
847	2648	10			107	113
848	10	13			198	279
849	16	62			207	290
850	0	0			255	206
851	409	175			287	175
852	62	81			191	158
853	62	45			191	124
854	66	30			191	158
855	66	5			191	124
856	66	121			191	177
857	32	172			158	262
858	32	27			158	110
859	30	121			158	177
860	5	121			124	177
861	0	1			138	149
862	179	91			241	113
863	151	0			185	150
864	99	0			214	150
865	225	200			516	201
866	91	208			168	201
867	122	412			125	183
868	279	206			222	173
869	141	37			158	115
870	4	11			189	186
871	2	3			217	230
872	13	52			156	232
873	5	3			204	114
874	37	57			252	243
875	0	0			114	200
876	18	17			122	147
877	36	118			162	238
878	38	30			153	108
879	14	14			216	143
880	93	126			174	173
881	0	0			97	99
882	30	26			251	200
883	10	9			171	179
884	14	0			171	158
885	124	101			321	260
886	0	1			120	120
887	1	5			135	195
888	13	11			164	155
889	6	10			192	174
890	0	0			164	279
891	393	114			260	160
892	97	307			186	260
893	18	7			160	108
894	2058	677			195	171
895	58	253			113	254
896	47	68			173	168
897	539	234			228	172
898	251	440			173	183
899	0	0			87	87
900	2	1			102	229
901	14	2			117	141
902	44	27			534	354
903	78	83			245	185
904	102	19			182	252
905	102	18			182	163
906	262	308			198	195
907	69	71			195	206
908	57	132			136	171
909	1	0			297	195
910	29	48			124	153
911	5	13			99	100
912	0	0			231	150
913	22	14			177	209
914	42	91			130	170
915	121	88			167	170
916	29	25			153	169
917	91	25			250	169
918	81	32			243	128
919	4	25			114	195
920	499	513			178	161
921	68	69			387	366
922	94	38			366	207
923	0	0			90	90
924	3	13			90	78
925	0	0			117	78
926	253	282			180	132
927	320	282			177	132
928	35	37			211	163
929	0	471			113	142
930	168	471			142	142
931	168	0			142	113
932	297	498			171	251
933	361	435			171	151
934	191	111			186	223
935	191	276			186	244
936	191	160			186	277
937	0	0			167	167
938	5	16			192	381
939	257	160			209	184
940	4	13			148	198
941	3	13			223	198
942	1	3			148	198
943	45	120			201	270
944	612	451			216	155
945	7	22			109	141
946	33	31			225	142
947	3	247			147	247
948	10	247			206	247
949	3	0			175	121
950	74	55			147	167
951	18	1			136	128
952	1	30			170	244
953	3	8			157	138
954	1	13			219	198
955	87	119			282	168
956	0	1			234	195
957	0	2			209	174
958	0	1			209	174
959	0	3			273	174
960	0	2			273	174
961	0	0			87	90
962	13	0			128	199
963	2142	13184			103	263
964	6792	13184			170	263
965	32	4			293	169
966	12	62			113	164
967	5	1			200	133
968	32	32			164	245
969	10	7			213	225
970	4	3			190	190
971	21	1			192	105
972	72	63			169	157
973	0	21			87	87
974	13	62			129	189
975	14	1			399	224
976	3	1			245	205
977	3	4			245	314
978	1	4			205	314
979	408	801			142	213
980	408	243			142	180
981	977	596			213	192
982	82	100			140	165
983	63	75			163	192
984	64	71			162	163
985	145	65			236	215
986	6	81			102	346
987	0	0			154	124
988	535	381			172	156
989	6	136			110	348
990	5	0			178	106
991	1	0			184	282
992	4	0			332	306
993	10	79			102	120
994	55	55			462	636
995	46	67			132	155
996	17	18			189	216
997	0	0			162	152
998	5	2			207	300
999	0	1			200	300
1000	306	123			299	185
1001	142	312			185	366
1002	6	3			141	149
1003	6	6			141	152
1004	2	5			173	262
1005	1	0			245	231
1006	5	12			114	102
1007	0	12			126	102
1008	31	11			160	102
1009	68	5			244	102
1010	46	516			204	634
1011	515	138			634	201
1012	123	113			201	220
1013	247	216			163	138
1014	115	129			266	152
1015	155	181			199	188
1016	3637	13693			210	279
1017	12852	8544			279	215
1018	233	204			218	215
1019	16	43			156	227
1020	406	128			219	203
1021	0	0			180	167
1022	0	0			180	131
1023	0	0			167	131
1024	2	226			98	239
1025	0	1			217	252
1026	69	176			152	176
1027	40	50			135	146
1028	40	2			135	164
1029	109	12			164	235
1030	876	890			225	198
1031	28	22			198	165
1032	0	100			188	171
1033	1	0			117	161
1034	4	141			165	189
1035	120	122			199	195
1036	0	2			162	207
1037	0	0			199	168
1038	3	0			198	180
1039	57	68			222	218
1040	58	40			222	228
1041	0	0			127	129
1042	0	0			216	269
1043	18	26			194	223
1044	5	1			474	474
1045	4	2			474	474
1046	9	24			141	239
1047	0	0			110	198
1048	0	0			110	229
1049	0	0			215	146
1050	4	131			124	128
1051	122	0			242	184
1052	50	82			138	234
1053	2	59			151	136
1054	40	88			195	251
1055	0	0			98	95
1056	6	63			130	201
1057	48	113			144	225
1058	99	51			153	128
1059	97	9			153	128
1060	47	118			233	179
1061	17	69			159	272
1062	14	69			156	272
1063	1	63			106	155
1064	3	174			79	247
1065	8	31			98	176
1066	76	166			185	254
1067	33	2			250	203
1068	27	73			250	328
1069	4	2			258	160
1070	2	1			132	132
1071	22	40			125	181
1072	220	134			150	159
1073	128	136			156	159
1074	16	6			93	93
1075	14	3			96	90
1076	22	13			96	90
1077	70	5			87	99
1078	6	156			116	116
1079	240	483			213	217
1080	265	483			240	217
1081	478	488			240	217
1082	0	0			345	360
1083	17	71			146	164
1084	64	81			166	163
1085	66	1			98	101
1086	227	182			168	177
1087	31	1525			137	166
1088	254	1706			137	166
1089	1407	1648			193	249
1090	69	40			301	162
1091	69	77			274	209
1092	6	92			283	274
1093	38	135			180	222
1094	0	7			173	173
1095	0	2			282	211
1096	9	21			204	204
1097	10	22			138	179
1098	8	8			266	278
1099	0	9			223	220
1100	228	139			247	184
1101	37	33			165	196
1102	2993	3785			261	315
1103	833	3066			159	261
1104	0	75			167	235
1105	6	0			250	220
1106	9	103			136	193
1107	0	0			181	171
1108	0	0			181	136
1109	0	0			171	136
1110	22	37			133	146
1111	41	32			146	183
1112	59	73			238	249
1113	13	2521			124	208
1114	1	2521			118	208
1115	2486	2694			208	215
1116	5	239			158	473
1117	96	62			273	262
1118	19	71			171	188
1119	11	68			207	122
1120	52	70			109	126
1121	68	18			150	164
1122	35	39			360	135
1123	75	39			849	135
1124	7	12			141	177
1125	13	2			138	204
1126	10	4			138	204
1127	12	4			150	204
1128	12	10			150	138
1129	148	0			87	87
1130	0	0			165	155
1131	26	9			220	220
1132	3	1			140	95
1133	11	32			164	202
1134	149	59			318	207
1135	174	23			443	98
1136	172	163			443	279
1137	220	127			520	196
1138	2	94			115	216
1139	35	135			216	173
1140	0	0			146	135
1141	4	18			249	162
1142	6	72			130	270
1143	6	16			130	121
1144	72	62			270	179
1145	542	469			259	252
1146	32	79			204	289
1147	9	22			204	264
1148	4725	14554			119	161
1149	12	12			237	177
1150	33	0			107	97
1151	33	101			107	134
1152	0	101			97	134
1153	141	77			268	204
1154	0	93			173	236
1155	189	305			162	216
1156	10	0			81	81
1157	8	7			225	243
1158	105	118			232	240
1159	4	31			137	211
1160	17	12			227	137
1161	582	765			219	307
1162	0	0			281	172
1163	0	0			281	187
1164	0	0			281	237
1165	0	0			213	281
1166	0	0			84	84
1167	0	0			123	219
1168	2	0			203	162
1169	0	0			173	172
1170	0	0			205	131
1171	17	59			143	119
1172	39	59			212	119
1173	1	0			220	190
1174	0	0			138	169
1175	190	141			226	155
1176	120	247			127	209
1177	151	198			210	134
1178	116	92			169	137
1179	628	811			191	171
1180	558	1339			171	237
1181	1225	617			237	140
1182	606	2215			140	238
1183	0	0			211	163
1184	80	206			168	170
1185	46	76			174	153
1186	266	108			220	180
1187	0	1			251	190
1188	20	39			141	166
1189	25	40			178	192
1190	7	18			108	180
1191	4	3			254	174
1192	14	3			204	156
1193	88	181			137	194
1194	1	2			194	162
1195	205	269			167	227
1196	1	7			174	279
1197	1	0			174	127
1198	7	0			279	127
1199	0	0			96	90
1200	2	14			157	210
1201	2	14			157	210
1202	3	2			254	157
1203	3	11			254	157
1204	1	10			194	157
1205	3	6			194	254
1206	25	0			209	95
1207	25	1			209	137
1208	0	1			95	137
1209	1	6			147	141
1210	3	6			152	141
1211	3	1			152	147
1212	0	0			108	245
1213	3	0			148	167
1214	3	8			188	244
1215	3	20			188	319
1216	2	7			188	244
1217	2	8			162	244
1218	2	20			162	319
1219	11	9			174	147
1220	68	82			168	163
1221	1	85			131	153
1222	104	121			153	194
1223	0	0			81	81
1224	0	0			172	172
1225	0	141			81	144
1226	3	141			81	144
1227	3	0			81	81
1228	1	2			177	180
1229	0	0			241	183
1230	108	22			150	135
1231	5	1			175	154
1232	15	24			229	266
1233	270	154			267	148
1234	2312	2053			376	240
1235	4	10			148	172
1236	0	0			166	137
1237	6	7			153	343
1238	3	3			132	176
1239	42	24			148	165
1240	42	12			148	161
1241	154	27			138	97
1242	23	115			97	204
1243	23	154			97	192
1244	53	202			263	204
1245	54	115			263	204
1246	54	154			263	192
1247	115	154			204	192
1248	52	163			167	252
1249	2	2			195	161
1250	3	7			161	211
1251	149	47			138	99
1252	118	191			183	216
1253	0	0			218	177
1254	223	2191			104	364
1255	333	88			630	220
1256	299	0			262	213
1257	11	0			303	110
1258	349	548			348	348
1259	31	47			351	348
1260	301	288			348	348
1261	0	0			211	172
1262	75	65			190	174
1263	43	24			214	189
1264	83	38			364	153
1265	462	257			191	134
1266	0	3			173	199
1267	177	118			167	131
1268	1	2			160	206
1269	40	83			240	228
1270	0	0			197	197
1271	32	45			318	306
1272	48	45			306	306
1273	109	113			162	166
1274	195	112			249	162
1275	226	112			252	162
1276	61	0			90	93
1277	18	3			147	202
1278	62	93			181	226
1279	32	106			221	325
1280	1302	1370			168	190
1281	0	0			218	103
1282	1	0			360	151
1283	0	0			120	160
1284	0	0			168	160
1285	0	0			168	120
1286	0	0			160	120
1287	0	0			202	189
1288	2	221			165	1290
1289	31	0			111	114
1290	30	84			139	166
1291	1979	4736			179	201
1292	999	2753			187	179
1293	490	893			288	405
1294	0	1			292	215
1295	0	1			159	215
1296	10	0			163	220
1297	3	3			121	135
1298	1	10			167	135
1299	0	153			119	112
1300	125	261			125	158
1301	102	148			125	125
1302	3	448			102	263
1303	0	0			90	87
1304	75	32			372	372
1305	12	0			96	96
1306	0	0			280	196
1307	121	80			357	276
1308	15	16			212	146
1309	10	26			114	144
1310	0	0			147	141
1311	10	25			230	214
1312	86	59			211	170
1313	236	322			136	180
1314	13673	465			151	151
1315	0	0			214	169
1316	153	304			213	175
1317	58	63			235	255
1318	45	3			438	208
1319	4	26			208	316
1320	26	49			209	159
1321	69	49			226	159
1322	53	237			136	245
1323	5	15			126	123
1324	5	14			126	186
1325	0	4			129	135
1326	9	4			111	135
1327	7	2			111	262
1328	0	2			129	231
1329	125	77			193	213
1330	74	189			199	213
1331	37	176			199	213
1332	137	95			193	199
1333	0	4			110	93
1334	2	1			267	270
1335	2	0			270	190
1336	2	0			270	187
1337	1	0			211	182
1338	4020	18092			185	217
1339	5	7			296	173
1340	4	7			183	173
1341	14	28			148	247
1342	57	33			251	190
1343	963	600			306	180
1344	53	14			215	109
1345	0	22			205	114
1346	23	7			206	126
1347	84	127			191	242
1348	2	4			132	226
1349	87	63			171	147
1350	0	0			201	184
1351	196	411			172	246
1352	325	0			172	153
1353	3	125			248	308
1354	1123	2253			147	175
1355	1123	141			147	118
1356	255	297			169	152
1357	145	0			241	169
1358	99	69			168	206
1359	13	63			286	135
1360	0	0			140	234
1361	11	8			142	161
1362	2	0			90	105
1363	193	121			138	115
1364	54	59			160	176
1365	13	2			163	155
1366	491	209			269	269
1367	199	683			111	181
1368	323	225			156	111
1369	0	0			256	242
1370	9	12			151	136
1371	24	44			120	140
1372	27	46			197	181
1373	0	1			158	268
1374	0	1			153	268
1375	1	1			258	268
1376	0	1			181	268
1377	0	0			153	158
1378	1	0			258	158
1379	0	0			181	158
1380	1	0			258	153
1381	0	0			181	153
1382	0	15			121	162
1383	0	0			121	133
1384	0	0			177	133
1385	0	0			177	121
1386	9	1			141	163
1387	6	139			195	270
1388	565	532			226	221
1389	450	518			221	227
1390	0	0			217	208
1391	20	113			160	254
1392	162	112			197	162
1393	0	0			153	298
1394	1	1			170	205
1395	13	11			205	193
1396	18	5			193	154
1397	7	86			102	177
1398	4	12			246	220
1399	47	69			149	159
1400	1011	1555			231	330
1401	5	4			164	100
1402	1	1			226	185
1403	2	0			209	114
1404	98	126			219	302
1405	2	0			222	98
1406	421	717			149	195
1407	93	376			177	163
1408	50	84			144	231
1409	2	2			213	219
1410	0	7			159	342
1411	0	8			159	264
1412	0	2			186	196
1413	0	4			155	213
1414	427	476			219	196
1415	423	261			196	172
1416	0	0			151	175
1417	0	0			84	96
1418	0	0			144	93
1419	0	0			102	117
1420	6	0			133	117
1421	4	1			168	109
1422	0	2			231	109
1423	18	0			708	168
1424	23	16			144	132
1425	0	0			135	168
1426	83	142			159	171
1427	487	266			211	152
1428	8	0			221	106
1429	121	36			120	117
1430	0	0			195	171
1431	0	0			176	171
1432	7	9			111	194
1433	241	134			255	141
1434	84	95			239	326
1435	84	44			239	176
1436	95	44			326	176
1437	0	0			423	189
1438	0	0			123	192
1439	60	69			198	170
1440	134	64			167	122
1441	13	236			153	247
1442	0	0			246	210
1443	0	0			198	246
1444	0	0			176	130
1445	0	0			176	149
1446	80	373			197	427
1447	80	10			197	275
1448	80	12			197	121
1449	368	10			427	121
1450	373	10			427	275
1451	373	12			427	121
1452	405	10			427	121
1453	38	761			226	220
1454	0	0			353	330
1455	18	17			158	159
1456	1	0			147	137
1457	0	0			114	170
1458	0	0			133	199
1459	30	0			198	87
1460	44	82			160	204
1461	205	197			181	164
1462	1455	10			674	262
1463	5	8			182	184
1464	8	10			184	215
1465	0	4			249	461
1466	0	4			249	461
1467	0	0			84	93
1468	0	81			173	3082
1469	66	166			154	221
1470	0	0			110	223
1471	99	70			218	201
1472	11	0			459	193
1473	4	3			137	173
1474	12	5			143	168
1475	0	4			156	177
1476	13	47			156	183
1477	6	5			209	158
1478	108	7			163	158
1479	3234	2059			249	190
1480	53	4			186	166
1481	0	3			156	177
1482	25	1			202	156
1483	81	99			196	215
1484	1	0			153	163
1485	0	0			78	78
1486	62	110			186	380
1487	149	110			870	380
1488	29	221			126	282
1489	0	0			154	207
1490	260	771			166	219
1491	186	259			151	166
1492	186	1			151	118
1493	81	100			179	215
1494	119	89			137	192
1495	67	77			192	186
1496	136	72			187	139
1497	219	192			404	216
1498	15	192			139	216
1499	77	197			139	216
1500	5	1			133	196
1501	370	1			238	192
1502	472	72			1005	246
1503	33	447			156	1005
1504	0	0			294	99
1505	0	45			155	81
1506	1	0			128	278
1507	70	75			271	217
1508	70	61			208	161
1509	84	63			222	194
1510	3	6			172	183
1511	8	17			153	180
1512	0	0			134	302
1513	1	7			114	180
1514	37	0			152	92
1515	5	10			266	127
1516	0	0			185	156
1517	57	128			127	198
1518	383	98			153	183
1519	1	78			226	280
1520	29	229			143	197
1521	29	116			143	193
1522	0	3			148	226
1523	81	24			209	138
1524	0	0			163	220
1525	0	0			198	159
1526	0	0			198	292
1527	0	0			166	291
1528	0	0			190	183
1529	0	0			232	170
1530	0	0			232	211
1531	0	0			218	103
1532	0	0			360	151
1533	0	5			173	224
1534	6	214			144	252
1535	3	15			210	133
1536	0	3			159	210
1537	0	0			166	287
1538	3	0			149	149
1539	20	32			185	220
1540	113	21			429	185
1541	20	0			289	121
1542	4	17			186	245
1543	0	5			105	133
1544	143	57			229	132
1545	250	193			215	188
1546	154	34			188	123
1547	6	1			173	193
1548	8	1			197	193
1549	2	1			214	193
1550	2	6			214	173
1551	2	8			214	197
1552	0	0			121	147
1553	118	93			636	154
1554	0	0			165	173
1555	4	2			195	140
1556	6	8			119	153
1557	1	7			194	227
1558	300	399			198	252
1559	21	17			161	169
1560	110	63			242	157
1561	153	100			159	156
1562	112	165			135	159
1563	84	238			153	263
1564	223	227			260	218
1565	349	54			1095	199
1566	2472	1852			215	170
1567	0	0			144	131
1568	154	246			175	166
1569	1	0			126	179
1570	369	271			232	190
1571	280	94			190	120
1572	276	8			190	120
1573	276	4			190	120
1574	276	116			190	131
1575	4	116			120	131
1576	85	292			120	226
1577	78	118			120	131
1578	611	54			153	153
1579	260	357			214	217
1580	3	2			243	182
1581	2	0			182	121
1582	1	79			111	227
1583	2	2			166	198
1584	520	37			151	151
1585	0	6			180	201
1586	20	0			99	99
1587	15	25			134	154
1588	23	25			160	154
1589	1	3			226	169
1590	32	84			129	237
1591	49	2			125	115
1592	13	19			160	138
1593	0	0			180	330
1594	0	0			258	438
1595	0	0			258	438
1596	0	0			141	259
1597	0	0			152	130
1598	0	0			150	130
1599	0	0			152	156
1600	0	0			150	156
1601	0	0			150	152
1602	0	0			150	152
1603	0	0			186	136
1604	3	0			138	167
1605	2	0			174	206
1606	84	63			141	143
1607	36	97			143	146
1608	72	84			146	133
1609	4	6			142	124
1610	76	137			156	199
1611	4	58			146	183
1612	70	84			158	234
1613	70	124			158	234
1614	79	78			234	152
1615	0	0			134	581
1616	0	0			96	96
1617	422	53			273	159
1618	411	219			273	186
1619	171	231			159	186
1620	27	54			247	334
1621	0	0			147	141
1622	3	11			173	164
1623	34	39			163	160
1624	21	37			119	163
1625	11	31			187	140
1626	0	0			123	284
1627	0	0			123	273
1628	0	0			123	78
1629	0	0			284	78
1630	0	0			273	78
1631	24	69			173	222
1632	102	0			79	79
1633	63	66			304	291
1634	0	0			179	169
1635	11	14			243	252
1636	8	1			309	205
1637	7	1			275	205
1638	88	50			256	211
1639	331	34			113	136
1640	0	0			194	457
1641	0	0			115	205
1642	0	0			139	128
1643	0	0			108	123
1644	229	266			222	188
1645	54	1			128	79
1646	12	34			164	184
1647	12	58			164	216
1648	34	58			184	216
1649	131	232			242	144
1650	206	0			178	76
1651	0	0			238	136
1652	4	0			173	270
1653	0	4			185	173
1654	15	50			225	231
1655	0	0			201	219
1656	0	27			191	131
1657	0	27			173	131
1658	0	0			170	212
1659	0	0			456	122
1660	370	45			240	231
1661	134	197			213	266
1662	0	0			195	153
1663	153	279			114	132
1664	7	45			162	162
1665	0	43			223	122
1666	0	0			215	267
1667	0	0			196	267
1668	101	349			227	603
1669	99	308			227	603
1670	99	146			227	304
1671	308	146			603	304
1672	337	145			603	304
1673	75	139			213	304
1674	0	0			81	81
1675	34	123			130	288
1676	414	181			193	129
1677	273	178			177	129
1678	0	26			96	96
1679	0	25			96	93
1680	69	214			118	174
1681	63	59			133	155
1682	62	123			129	210
1683	2	0			395	168
1684	0	2			154	395
1685	0	1			142	150
1686	0	1			114	145
1687	0	5			166	193
1688	0	2			166	188
1689	0	2			166	212
1690	0	6			166	145
1691	5	2			193	188
1692	5	2			193	212
1693	5	6			193	145
1694	2	6			188	145
1695	2	6			212	145
1696	0	0			123	192
1697	119	98			247	233
1698	0	0			151	108
1699	4	0			126	99
1700	29	47			210	235
1701	2	1			159	177
1702	2	1			156	177
1703	2	0			209	155
1704	0	0			245	155
1705	3	34			272	407
1706	0	0			96	90
1707	33	38			265	222
1708	34	60			172	247
1709	34	496			172	1032
1710	301	2			210	172
1711	149	136			269	230
1712	196	75			208	108
1713	4	2			1374	252
1714	102	66			243	201
1715	7	23			174	174
1716	40	68			223	345
1717	9	30			214	269
1718	0	0			144	162
1719	0	0			322	199
1720	338	10			248	306
1721	171	52			349	178
1722	39	64			173	173
1723	2	2			234	225
1724	2	2			234	240
1725	0	0			87	87
1726	0	0			165	147
1727	0	0			159	147
1728	0	41			79	260
1729	30	30			278	260
1730	30	50			278	234
1731	12	30			188	260
1732	12	50			188	234
1733	30	50			260	234
1734	566	534			236	291
1735	8	21			139	194
1736	119	151			195	183
1737	1	183			84	309
1738	0	0			165	337
1739	16	19			123	165
1740	11	5			172	191
1741	181	110			165	135
1742	408	334			363	354
1743	302	155			186	136
1744	0	128			98	98
1745	6367	3557			351	192
1746	6367	4072			351	210
1747	104	6			221	135
1748	130	209			191	267
1749	94	156			216	210
1750	7	0			140	125
1751	76	162			151	210
1752	5	0			438	107
1753	1	13			150	187
1754	8	32			106	202
1755	57	192			138	230
1756	18	2			180	90
1757	21	26			339	351
1758	0	3			111	169
1759	0	0			194	237
1760	13	85			207	161
1761	0	27			120	171
1762	1	2			153	153
1763	2	326			132	290
1764	6	0			268	114
1765	142	36			212	143
1766	2	5			152	194
1767	0	5			105	194
1768	0	2			105	152
1769	0	0			354	354
1770	196	155			239	213
1771	1	8			126	245
1772	0	159			82	163
1773	0	2			210	231
1774	929	461			236	212
1775	68	15			309	240
1776	8	2			198	292
1777	8	1			198	159
1778	29	2			163	220
1779	134	8874			200	183
1780	4331	8874			111	183
1781	43	42			110	125
1782	143	42			158	125
1783	13	1			147	209
1784	83	98			152	202
1785	98	88			169	126
1786	1	83			147	147
1787	0	0			208	237
1788	93	52			137	141
1789	0	0			241	214
1790	7	22			133	207
1791	1	4			193	215
1792	1	0			193	295
1793	4	0			215	295
1794	3	124			215	226
1795	3	112			215	364
1796	0	0			106	106
1797	0	0			100	100
1798	2	0			236	135
1799	1184	0			177	174
1800	2212	0			156	174
1801	0	0			219	157
1802	5457	9176			214	240
1803	280	311			269	237
1804	413	1			267	175
1805	16	125			232	156
1806	16	212			232	191
1807	16	167			232	236
1808	1	2			159	239
1809	1	2			159	305
1810	0	1			131	159
1811	8	57			132	165
1812	155	136			171	172
1813	171	138			172	172
1814	43	69			156	213
1815	89	12			163	182
1816	110	0			84	87
1817	1915	269			163	119
1818	833	8			132	428
1819	10	0			138	115
1820	24	58			223	186
1821	27	58			191	186
1822	0	39			230	193
1823	0	0			258	240
1824	0	0			361	108
1825	3	17			124	192
1826	4	20			164	229
1827	12	8			215	164
1828	326	368			599	459
1829	24	0			141	192
1830	3	0			247	137
1831	2	0			367	137
1832	2	3			367	247
1833	71	50			258	233
1834	0	0			123	192
1835	72	101			141	141
1836	53	94			153	141
1837	2	126			118	187
1838	247	78			197	135
1839	0	0			93	126
1840	3	37			168	168
1841	30	18			207	158
1842	0	0			193	251
1843	0	0			167	193
1844	8	31			218	292
1845	82	38			247	179
1846	57	0			183	129
1847	5	4			165	205
1848	28	13			195	138
1849	9	1			490	143
1850	7	12			114	171
1851	0	0			168	98
1852	0	0			168	98
1853	111	155			135	117
1854	89	202			117	132
1855	28	2			219	128
1856	3	21			293	359
1857	32	81			160	257
1858	100	208			150	194
1859	187	108			194	158
1860	74	40			200	139
1861	65	2865			3036	5337
1862	466	201			266	156
1863	14	16			207	161
1864	417	691			179	241
1865	0	3			164	145
1866	70	84			267	223
1867	77	13			235	176
1868	46	108			164	323
1869	84	135			228	237
1870	0	0			247	255
1871	0	1			129	114
1872	76	1			148	97
1873	76	65			148	151
1874	35	25			180	174
1875	101	617			400	235
1876	51	57			174	171
1877	20	165			135	193
1878	52	119			142	252
1879	0	0			144	197
1880	0	0			144	157
1881	1	8			159	243
1882	8	7			150	132
1883	1467	797			207	200
1884	3438	1281			342	204
1885	10	6			142	217
1886	0	26			96	93
1887	0	0			168	98
1888	0	0			168	98
1889	10	13			111	196
1890	454	7			120	247
1891	151	402			120	203
1892	69	337			117	159
1893	185	104			164	117
1894	710	72			266	117
1895	344	220			202	157
1896	62	2627			200	197
1897	162	2627			304	197
1898	221	189			170	200
1899	229	294			332	342
1900	0	0			156	207
1901	85	103			196	242
1902	22	26			270	183
1903	13	22			222	208
1904	7	6			188	231
1905	140	27			205	157
1906	246	124			267	159
1907	0	0			99	132
1908	29	315			150	234
1909	32	222			150	234
1910	32	137			150	135
1911	222	137			234	135
1912	125	193			203	226
1913	108	47			220	203
1914	108	120			220	203
1915	0	26			149	364
1916	0	6			149	152
1917	9	37			107	218
1918	40	286			220	758
1919	27	36			168	217
1920	30	26			168	217
1921	38	33			220	261
1922	26	42			309	169
1923	37	42			261	169
1924	56	52			159	200
1925	60	174			198	241
1926	63	172			156	263
1927	1	198			153	294
1928	0	0			77	401
1929	425	635			174	243
1930	48	46			146	146
1931	266	85			195	156
1932	4	85			143	156
1933	137	268			156	252
1934	26	55			167	207
1935	39	0			167	80
1936	16804	18354			192	202
1937	1002	709			177	135
1938	725	728			135	145
1939	14	106			153	653
1940	152	0			187	135
1941	151	26			155	155
1942	176	94			219	148
1943	256	87			144	144
1944	4	32			166	157
1945	0	0			111	153
1946	247	764			145	263
1947	14	57			236	236
1948	102	68			208	151
1949	68	84			191	208
1950	52	84			251	208
1951	7	16			184	254
1952	13	32			180	270
1953	28	31			316	270
1954	0	31			325	180
1955	0	0			167	167
1956	1	0			235	79
1957	27	32			214	218
1958	17	32			187	218
1959	189	76			234	132
1960	250	7			234	159
1961	227	1194			120	265
1962	18	15			125	168
1963	20	15			125	168
1964	1	15			127	168
1965	18	15			125	168
1966	5	2			131	125
1967	54	20			161	195
1968	0	0			116	158
1969	43	28			294	204
1970	4	21			162	231
1971	2	0			168	168
1972	1	2			168	168
1973	7	3			180	180
1974	0	0			180	180
1975	30	76			217	250
1976	118	2			138	150
1977	5	17			153	225
1978	2	5			177	156
1979	0	0			175	205
1980	0	0			159	152
1981	281	860			156	141
1982	91	131			231	238
1983	2	0			127	195
1984	152	76			189	147
1985	9	99			133	178
1986	4	2			104	155
1987	1239	1321			217	192
1988	121	212			183	188
1989	0	0			132	169
1990	85	0			207	192
1991	0	0			93	93
1992	0	8			93	228
1993	26	37			167	141
1994	13	10			167	220
1995	11	6			167	220
1996	11	20			167	149
1997	6	20			220	149
1998	54	177			166	166
1999	0	0			171	114
2000	0	0			174	114
2001	3	0			194	173
2002	3	0			194	197
2003	1	21			194	196
2004	1	41			194	303
2005	3	0			134	173
2006	3	0			134	197
2007	1	37			134	196
2008	0	0			173	197
2009	21	41			196	303
2010	3	0			195	174
2011	0	0			247	137
2012	0	0			367	137
2013	0	0			367	247
2014	3	273			154	189
2015	289	108			189	205
2016	106	573			205	219
2017	106	549			205	216
2018	0	0			171	228
2019	17	0			196	122
2020	87	124			161	233
2021	2	144			161	248
2022	11	29			220	131
2023	19	22			189	220
2024	229	314			231	219
2025	209	314			376	219
2026	173	314			231	219
2027	7	7			270	291
2028	481	5			417	114
2029	413	5			372	114
2030	46	43			114	153
2031	0	7			135	117
2032	2	7			108	117
2033	2	0			108	135
2034	0	0			108	135
2035	85	4			148	148
2036	17	14			142	163
2037	15	14			120	163
2038	20	8			161	142
2039	0	7			120	142
2040	0	21			117	161
2041	16	21			120	161
2042	0	21			117	161
2043	0	21			120	161
2044	0	45			179	259
2045	27	70			259	333
2046	8	0			162	153
2047	3	1			135	147
2048	200	332			205	261
2049	0	11			115	130
2050	0	33			115	130
2051	13	32			159	159
2052	0	0			237	237
2053	630	547			217	163
2054	0	0			133	122
2055	0	8			133	250
2056	0	8			122	250
2057	37	18			198	201
2058	0	42			93	93
2059	15	29			121	156
2060	48	5			199	121
2061	4	73			123	243
2062	141	132			159	134
2063	16	6			156	117
2064	0	0			121	190
2065	0	0			190	199
2066	0	0			121	190
2067	0	0			84	84
2068	0	0			156	84
2069	0	0			156	84
2070	129	1			228	171
2071	35	5			147	147
2072	96	87			159	133
2073	15	14			249	244
2074	0	0			150	164
2075	75	177			193	344
2076	269	374			139	231
2077	49	38			174	149
2078	0	1			251	525
2079	70	34			301	163
2080	29	22			163	129
2081	11	6			165	179
2082	10	162			195	420
2083	462	228			251	247
2084	0	7			151	172
2085	2	4			165	129
2086	472	236			224	167
2087	306	435			227	224
2088	2	17			109	204
2089	35	84			178	210
2090	8	32			196	392
2091	1	2			126	150
2092	2	2			105	150
2093	0	7			152	187
2094	0	5			152	267
2095	7	5			187	267
2096	14	9			123	167
2097	0	7			93	93
2098	1	0			158	228
2099	39	43			142	136
2100	94	327			139	228
2101	17	42			211	198
2102	0	0			115	118
2103	42	5			197	123
2104	19	4			231	146
2105	125	33			207	213
2106	403	49			1874	251
2107	15	13			179	159
2108	10	5			160	166
2109	27	26			143	166
2110	26	65			143	210
2111	0	0			190	169
2112	11	0			99	126
2113	0	1			99	102
2114	3	0			102	126
2115	3	0			102	129
2116	512	110			204	102
2117	271	287			204	204
2118	7	3			180	201
2119	0	0			168	98
2120	0	0			168	98
2121	10	9			139	171
2122	6	6			186	199
2123	5	0			198	247
2124	61	46			322	197
2125	0	4			153	169
2126	0	13			157	156
2127	226	764			170	312
2128	101	50			135	141
2129	29	35			261	261
2130	1	0			147	127
2131	123	86			210	213
2132	89	6			175	109
2133	46	19			142	175
2134	0	0			102	99
2135	70	50			160	162
2136	0	0			97	200
2137	78	505			162	452
2138	73	116			121	233
2139	282	310			186	193
2140	0	0			93	90
2141	1	77			102	245
2142	1	58			102	197
2143	74	125			162	201
2144	3	0			206	99
2145	3	25			148	78
2146	17	0			123	99
2147	15	345			229	1631
2148	54	27			209	142
2149	59	49			237	195
2150	764	419			320	235
2151	1	0			144	81
2152	1	0			120	150
2153	234	12			171	156
2154	76	75			157	174
2155	28	621			184	915
2156	2	0			108	96
2157	35	0			189	96
2158	35	2			189	108
2159	0	0			192	111
2160	4	92			158	182
2161	4	162			158	208
2162	141	117			205	231
2163	17	22			167	175
2164	8	21			150	209
2165	0	3			162	168
2166	0	34			125	231
2167	31	43			172	236
2168	0	0			327	185
2169	0	0			338	200
2170	203	0			151	97
2171	418	1131			212	284
2172	34	177			132	282
2173	349	385			200	210
2174	5	2			210	156
2175	29	28			247	136
2176	1	0			189	117
2177	2	8			336	192
2178	2	8			192	192
2179	0	8			243	192
2180	0	4			243	192
2181	2	4			336	192
2182	2	1			336	243
2183	2	2			177	336
2184	205	225			233	256
2185	270	41			215	212
2186	0	0			193	192
2187	35	247			111	170
2188	210	402			165	238
2189	18	10			141	120
2190	337	405			304	239
2191	202	405			251	239
2192	8	7			198	207
2193	1	0			87	87
2194	6	3			197	157
2195	20	87			162	208
2196	67	55			218	151
2197	314	7			173	179
2198	6	26			171	263
2199	192	184			219	201
2200	191	263			201	257
2201	1	1			198	229
2202	50	70			249	159
2203	87	187			259	212
2204	84	224			212	211
2205	141	231			212	211
2206	140	88			212	133
2207	116	86			211	133
2208	220	86			211	133
2209	252	123			208	212
2210	125	0			120	162
2211	13	214			131	153
2212	164	134			183	147
2213	0	4			176	231
2214	141	19			265	131
2215	75	237			204	323
2216	0	0			232	292
2217	4	2			165	146
2218	0	2			164	146
2219	0	4			164	165
2220	17	64			222	285
2221	55	105			188	191
2222	53	77			185	185
2223	1	2			233	265
2224	0	0			210	247
2225	3	2			268	223
2226	39	23			226	147
2227	106	12			372	136
2228	47	21			231	174
2229	32	112			196	256
2230	1	1			234	213
2231	104	0			263	183
2232	2	215			168	180
2233	115	74			312	153
2234	3	2			218	302
2235	0	0			138	255
2236	0	0			138	255
2237	0	0			153	255
2238	0	0			153	138
2239	0	0			153	138
2240	0	3			291	170
2241	182	249			181	217
2242	95	135			207	216
2243	66	73			196	149
2244	0	1			139	164
2245	60	57			273	270
2246	0	1			182	300
2247	229	150			279	198
2248	142	100			198	152
2249	0	5			108	194
2250	0	0			144	147
2251	2	0			660	304
2252	330	94			193	177
2253	75	102			226	220
2254	135	99			179	151
2255	0	0			83	77
2256	158	1280			138	180
2257	9	1			176	133
2258	0	0			157	196
2259	1	0			164	87
2260	0	2			87	222
2261	0	2			190	190
2262	54	79			149	191
2263	39	60			196	208
2264	31	61			165	188
2265	7997	11457			198	262
2266	24	87			161	236
2267	65	28			205	150
2268	15	8			212	114
2269	39	53			299	229
2270	145	89			391	181
2271	33	89			126	181
2272	144	174			233	391
2273	144	2			233	126
2274	368	450			150	173
2275	1	59			118	169
2276	122	124			192	198
2277	0	0			262	183
2278	197	86			173	204
2279	19	34			188	182
2280	473	419			189	168
2281	89	159			167	197
2282	43	123			123	167
2283	1141	1537			180	222
2284	11	14			173	175
2285	1	29			168	191
2286	1	52			168	291
2287	0	0			168	183
2288	53	61			184	153
2289	53	78			184	196
2290	0	0			159	141
2291	0	0			163	164
2292	0	0			123	165
2293	157	12			219	213
2294	1	0			167	167
2295	0	0			164	129
2296	4	16			169	170
2297	0	0			125	212
2298	6	42			293	231
2299	1	0			190	129
2300	878	285			243	243
2301	7	0			177	133
2302	41	49			269	195
2303	4	48			184	149
2304	10	80			184	149
2305	0	0			129	156
2306	974	1704			174	297
2307	43	115			126	158
2308	0	0			130	159
2309	0	0			93	159
2310	7	7			179	186
2311	117	310			156	221
2312	5	6			199	169
2313	4	6			193	169
2314	4	5			193	199
2315	28	16			148	170
2316	26	12			148	153
2317	25	18			156	148
2318	8	14			243	218
2319	14	12			153	126
2320	3	4			120	90
2321	3	0			120	90
2322	4	0			90	90
2323	47	134			122	395
2324	33	19			239	144
2325	196	107			301	225
2326	75	5			217	102
2327	0	0			168	98
2328	0	0			168	98
2329	29	203			162	252
2330	24	65			490	166
2331	0	65			109	166
2332	0	24			109	490
2333	27	262			170	329
2334	27	128			170	227
2335	11	22			216	207
2336	11	11			216	183
2337	6	12			135	149
2338	4	17			187	135
2339	395	10			108	111
2340	0	2			143	134
2341	106	36			209	105
2342	27	15			155	165
2343	0	1			172	140
2344	274	89			235	189
2345	16	0			176	149
2346	16	177			176	280
2347	0	170			149	249
2348	213	830			128	218
2349	718	481			218	163
2350	35	84			151	164
2351	0	0			223	168
2352	3269	4980			147	169
2353	1398	3169			172	149
2354	4817	3169			169	149
2355	11	87			165	208
2356	12	87			193	208
2357	13	87			198	208
2358	0	0			1325	189
2359	0	0			234	169
2360	0	0			234	189
2361	0	0			169	189
2362	0	0			189	213
2363	0	0			213	186
2364	0	0			213	274
2365	0	0			187	186
2366	0	0			186	274
2367	167	155			297	249
2368	147	141			174	220
2369	22	47			149	220
2370	98	132			196	281
2371	156	117			236	196
2372	1	0			174	134
2373	5	6			147	175
2374	0	0			221	255
2375	0	1			190	192
2376	35	0			150	87
2377	9	0			87	87
2378	3	3			138	255
2379	0	3			138	255
2380	1	3			153	255
2381	1	0			153	138
2382	1	0			153	138
2383	159	164			198	177
2384	35	53			105	103
2385	227	225			165	193
2386	0	0			220	664
2387	2	81			221	235
2388	8	1			206	210
2389	5	1			221	210
2390	2210	21			206	161
2391	2210	0			206	77
2392	21	0			161	77
2393	0	0			248	248
2394	0	0			127	127
2395	0	0			248	248
2396	0	0			127	127
2397	0	0			127	127
2398	0	0			127	127
2399	6	70			167	221
2400	0	0			169	126
2401	47	88			167	183
2402	2	5			156	150
2403	10	29			147	260
2404	6	2			135	154
2405	4	41			135	260
2406	67	2			440	210
2407	2	0			198	230
2408	35	121			116	200
2409	79	2			87	87
2410	79	5			87	193
2411	0	0			218	103
2412	0	0			360	151
2413	4	27			112	184
2414	14	25			157	116
2415	33	25			181	116
2416	14	75			157	169
2417	33	75			181	169
2418	577	860			158	155
2419	585	484			129	296
2420	1207	933			231	219
2421	287	85			649	234
2422	0	8			102	99
2423	435	287			207	164
2424	9	8			237	215
2425	6	1			191	214
2426	149	22			197	106
2427	35	6			129	141
2428	2	0			230	204
2429	4	0			217	204
2430	0	4			200	175
2431	11	1			150	178
2432	1	0			136	167
2433	0	0			207	218
2434	0	5			193	192
2435	0	228			111	121
2436	70	123			205	158
2437	54	140			141	312
2438	0	0			166	224
2439	20	91			165	182
2440	29	82			141	165
2441	90	2			202	141
2442	54	2			264	141
2443	90	2			202	141
2444	54	2			264	141
2445	48	96			172	173
2446	0	0			99	99
2447	1	1			134	99
2448	15	1			152	134
2449	15	0			152	134
2450	0	0			167	167
2451	0	6			83	83
2452	2	1			83	110
2453	2	0			83	83
2454	1	0			110	83
2455	4	0			132	141
2456	0	10			99	99
2457	1	11			120	117
2458	8	5			162	153
2459	0	2			92	95
2460	33	25			184	235
2461	53	20			178	102
2462	501	1065			242	242
2463	50	257			259	583
2464	552	350			194	92
2465	409	350			245	92
2466	0	0			111	274
2467	44	0			158	108
2468	0	0			147	207
2469	0	0			129	163
2470	0	0			129	213
2471	0	0			129	173
2472	0	4			129	209
2473	0	1			129	178
2474	0	0			213	173
2475	0	4			213	209
2476	0	1			213	178
2477	0	0			153	215
2478	0	4			173	209
2479	0	1			173	178
2480	0	0			173	215
2481	4	1			209	178
2482	0	1			181	178
2483	1	0			178	123
2484	129	741			180	342
2485	2	741			116	342
2486	59	741			176	342
2487	257	213			284	247
2488	25	21			166	152
2489	0	0			278	473
2490	0	1			166	234
2491	1	16			166	138
2492	0	0			163	146
2493	2	132			232	166
2494	22	21			109	143
2495	40	57			186	194
2496	1	45			139	148
2497	0	0			154	144
2498	29	30			175	152
2499	0	0			200	274
2500	133	142			191	147
2501	19	9			342	150
2502	77	228			186	233
2503	18	36			121	260
2504	190	144			190	153
2505	0	0			163	111
2506	25	100			119	279
2507	0	5			169	203
2508	2	5			196	203
2509	21	1			176	120
2510	0	0			196	220
2511	0	0			177	117
2512	493	401			390	198
2513	2	1538			129	639
2514	53	13			177	243
2515	179	7813			162	283
2516	52	29			345	219
2517	0	0			150	109
2518	0	4			94	94
2519	165	156			204	165
2520	22	11			183	183
2521	19	12			183	183
2522	241	12			204	183
2523	241	19			204	183
2524	0	0			121	133
2525	21	15			145	164
2526	12	33			145	208
2527	0	0			126	193
2528	0	0			119	326
2529	0	0			202	99
2530	0	0			116	99
2531	0	0			116	202
2532	0	0			173	205
2533	0	0			210	173
2534	27	4			237	306
2535	1	8			227	217
2536	99	150			169	156
2537	0	5			285	278
2538	34	37			144	152
2539	4	424			186	358
2540	4	155			186	186
2541	211	204			189	252
2542	23	29			258	258
2543	5	6			165	149
2544	36	65			213	213
2545	0	31			179	179
2546	29	2			135	135
2547	15	27			159	159
2548	16	18			159	108
2549	0	1			288	180
2550	223	512			131	202
2551	156	192			229	177
2552	0	0			193	192
2553	18	1			264	111
2554	0	7			174	138
2555	0	16			174	297
2556	71	66			423	357
2557	56	5			180	168
2558	0	0			123	192
2559	0	0			143	137
2560	1	4			336	210
2561	1	0			151	220
2562	0	1			201	240
2563	2	12			78	78
2564	0	2			93	93
2565	106	258			198	207
2566	40	80			195	195
2567	318	12			163	198
2568	0	0			90	78
2569	0	0			117	78
2570	3	12			168	177
2571	171	503			130	186
2572	112	177			147	156
2573	45	119			198	456
2574	14	0			169	215
2575	13	21			240	231
2576	400	567			213	286
2577	558	26			213	210
2578	42	0			210	210
2579	74	89			260	273
2580	64	116			220	226
2581	13	12			270	258
2582	5	10			210	270
2583	0	25			127	340
2584	2	3			172	163
2585	2	3			204	162
2586	5	4			179	225
2587	146	129			189	171
2588	0	0			202	366
2589	76	9			171	169
2590	59	56			186	186
2591	23	15			198	192
2592	44	11			272	137
2593	13	12			113	137
2594	82	12			256	137
2595	89	12			225	137
2596	82	13			256	113
2597	89	13			225	113
2598	79	17			256	113
2599	12	0			321	167
2600	18	50			130	193
2601	0	0			464	228
2602	110	165			174	200
2603	0	0			182	163
2604	12	112			125	411
2605	40	67			172	186
2606	112	77			221	149
2607	4	62			182	311
2608	293	62			402	160
2609	162	225			177	190
2610	28	74			164	151
2611	63	75			164	151
2612	11	118			155	164
2613	17	6			155	170
2614	17	8			155	257
2615	0	21			157	203
2616	846	1061			273	297
2617	209	193			211	196
2618	11	43			178	332
2619	370	187			242	170
2620	14	12			202	172
2621	1730	6378			318	686
2622	263	1144			127	218
2623	32	26			212	210
2624	91	135			261	273
2625	18	25			124	117
2626	0	0			161	161
2627	546	28			267	132
2628	184	59			132	120
2629	161	209			132	138
2630	263	65			141	120
2631	180	234			141	138
2632	0	16			93	93
2633	3	25			90	228
2634	55	11			312	192
2635	0	0			131	141
2636	12	0			179	96
2637	1073	1713			204	221
2638	1493	801			221	159
2639	41	2			816	211
2640	4	31			337	536
2641	6	3			261	213
2642	0	0			160	245
2643	0	0			160	188
2644	0	0			175	208
2645	0	0			158	175
2646	12	29			136	190
2647	2	4			81	170
2648	20	87			147	249
2649	0	0			163	390
2650	3	24			194	397
2651	2	13			145	226
2652	3	19			130	178
2653	0	0			138	120
2654	32	5			208	127
2655	8	19			119	125
2656	0	1			368	152
2657	0	0			81	81
2658	0	0			172	172
2659	1293	394			392	186
2660	66	78			264	264
2661	194	267			165	184
2662	1	0			173	192
2663	2	9			193	189
2664	0	0			307	192
2665	124	58			315	115
2666	0	0			225	164
2667	0	0			145	160
2668	133	101			189	189
2669	21	1			160	144
2670	0	1			123	173
2671	0	0			93	93
2672	0	0			187	137
2673	5	2			240	240
2674	1	2			251	135
2675	0	1			191	133
2676	0	1			133	332
2677	136	450			172	227
2678	1413	1250			156	144
2679	1986	1253			154	156
2680	124	269			128	159
2681	416	499			232	204
2682	49	12			180	121
2683	550	403			208	209
2684	19	2			126	126
2685	18	10			126	138
2686	7	13			126	138
2687	2	56			149	173
2688	19	46			184	173
2689	44	46			201	224
2690	46	38			355	269
2691	44	107			165	156
2692	44	30			165	153
2693	64	13			156	117
2694	17	6			170	124
2695	63	97			197	210
2696	60	52			146	149
2697	27	140			171	247
2698	0	6			161	161
2699	42	13			273	171
2700	204	118			188	150
2701	152	344			150	222
2702	413	491			169	203
2703	117	15			197	96
2704	117	154			197	236
2705	0	0			198	152
2706	5	128			113	159
2707	0	115			113	159
2708	6	115			142	159
2709	6	0			142	113
2710	26	18			142	113
2711	76	70			218	169
2712	65	60			218	169
2713	397	143			297	168
2714	74	174			187	240
2715	10	21			162	196
2716	159	140			136	127
2717	0	0			189	199
2718	15	13			156	177
2719	130	31			947	255
2720	328	22			257	158
2721	2	0			193	125
2722	0	4			178	308
2723	76	4			325	308
2724	76	0			325	178
2725	208	219			152	152
2726	34	159			147	172
2727	0	0			168	98
2728	0	0			168	98
2729	7	2			224	157
2730	4	2			218	157
2731	3	0			190	160
2732	3	2			190	168
2733	0	2			160	168
2734	0	0			157	114
2735	20	74			171	197
2736	10	48			191	162
2737	13	15			177	220
2738	0	0			123	192
2739	225	263			241	178
2740	30	12			186	143
2741	46	95			137	185
2742	3561	6877			193	338
2743	6	97			217	327
2744	777	410			145	122
2745	0	0			96	99
2746	13	1			248	171
2747	5	0			184	125
2748	1632	517			1213	336
2749	183	242			125	147
2750	213	525			143	266
2751	35	74			153	185
2752	49	48			188	153
2753	34	42			208	182
2754	34	44			220	231
2755	7	5			147	147
2756	4	4			147	147
2757	0	3			155	192
2758	63	48			277	271
2759	9	0			218	180
2760	6	0			173	180
2761	0	8			94	94
2762	0	0			87	87
2763	0	0			87	87
2764	0	0			87	87
2765	0	0			172	172
2766	19	47			182	312
2767	399	100			149	111
2768	399	80			149	111
2769	86	163			493	800
2770	176	21			234	196
2771	2679	2798			292	330
2772	23	12			224	137
2773	1056	255			729	238
2774	88	970			138	729
2775	87	1077			138	729
2776	11	0			268	297
2777	9	0			199	297
2778	0	0			219	210
2779	0	0			141	243
2780	0	0			141	243
2781	21	18			186	182
2782	39	11			273	144
2783	441	69			263	236
2784	554	1498			216	210
2785	3	9			154	187
2786	3	105			154	146
2787	3	72			154	137
2788	9	105			187	146
2789	9	72			187	137
2790	7	2			187	152
2791	13	26			165	147
2792	30	54			198	234
2793	0	0			123	192
2794	266	286			153	161
2795	6	9			138	168
2796	41	35			140	103
2797	58	139			174	214
2798	5	4			218	306
2799	5	3			218	226
2800	4	3			306	226
2801	0	0			226	199
2802	505	9			145	147
2803	32	50			150	147
2804	32	212			150	289
2805	1	60			146	147
2806	215	781			289	200
2807	2	1			194	181
2808	74	9			207	161
2809	6	0			173	247
2810	7	0			186	247
2811	2	0			166	247
2812	54	98			159	172
2813	54	134			159	221
2814	13	5			186	242
2815	124	122			235	218
2816	32	50			177	173
2817	127	88			599	322
2818	76	411			129	292
2819	70	93			182	197
2820	70	37			182	358
2821	126	87			212	165
2822	5	87			144	165
2823	126	119			212	197
2824	39	118			131	212
2825	0	39			125	122
2826	84	129			199	237
2827	59	77			117	162
2828	228	168			621	795
2829	395	848			320	482
2830	0	0			109	143
2831	0	0			186	194
2832	17	1			258	133
2833	5	0			219	189
2834	7	0			216	189
2835	20	10			126	148
2836	34	18			126	148
2837	34	13			126	148
2838	18	13			148	148
2839	29	8			148	148
2840	1	1083			102	237
2841	101	290			128	241
2842	101	225			128	217
2843	147	235			128	166
2844	52	136			117	128
2845	64	24			159	104
2846	46	48			173	204
2847	69	55			123	154
2848	492	410			258	254
2849	348	417			188	261
2850	0	0			189	177
2851	33	0			196	160
2852	50	329			168	867
2853	136	283			155	186
2854	71	185			299	759
2855	55	190			120	117
2856	55	4			273	189
2857	0	0			387	366
2858	0	0			366	207
2859	22	15			276	202
2860	90	72			154	123
2861	90	65			154	118
2862	13	7			201	127
2863	0	144			197	277
2864	2	3			160	248
2865	4	5			204	160
2866	0	0			140	213
2867	0	0			123	140
2868	0	22			232	460
2869	63	114			159	190
2870	0	0			123	192
2871	38	18			258	178
2872	135	284			165	291
2873	444	432			165	138
2874	609	459			174	165
2875	293	340			145	136
2876	0	0			147	150
2877	363	1893			134	170
2878	30	4			352	180
2879	16	4			223	180
2880	32	5			352	180
2881	9	5			130	180
2882	92	5			156	180
2883	92	32			156	352
2884	92	9			156	130
2885	219	1			215	103
2886	0	158			186	320
2887	590	1684			198	347
2888	12	31			208	219
2889	0	9			142	116
2890	0	0			195	386
2891	111	28			348	122
2892	0	0			226	148
2893	351	227			209	144
2894	7	34			180	279
2895	17	17			246	189
2896	110	3			203	338
2897	149	302			143	174
2898	3	0			192	228
2899	14	106			245	245
2900	21	32			126	212
2901	0	0			195	219
2902	56	81			169	202
2903	85	44			202	139
2904	105	102			156	149
2905	115	52			153	165
2906	39	61			204	177
2907	37	39			180	162
2908	0	0			96	102
2909	0	0			96	96
2910	243	160			214	214
2911	115	1			87	87
2912	0	0			177	162
2913	0	0			205	177
2914	0	0			132	205
2915	0	0			241	273
2916	0	4			403	121
2917	151	227			206	281
2918	65	46			154	189
2919	1	0			109	165
2920	0	7			247	196
2921	0	7			173	196
2922	2	7			228	196
2923	0	7			197	196
2924	0	0			173	247
2925	2	0			228	247
2926	0	0			197	247
2927	2	0			228	173
2928	0	0			197	173
2929	0	2			197	228
2930	135	214			202	245
2931	0	0			123	192
2932	79	227			136	178
2933	0	1			90	198
2934	99	164			126	158
2935	36	21			207	208
2936	40	160			208	732
2937	0	1			129	129
2938	186	449			184	192
2939	0	0			78	78
2940	0	0			78	78
2941	0	0			78	78
2942	0	0			220	220
2943	0	0			179	179
2944	1	0			159	159
2945	112	110			190	155
2946	0	0			96	213
2947	0	0			208	147
2948	90	39			206	203
2949	0	23			159	147
2950	13	13			141	135
2951	27	45			128	146
2952	197	211			144	158
2953	3	0			198	171
2954	22	2			158	108
2955	1	1			209	155
2956	21	44			387	327
2957	28	21			220	173
2958	369	263			240	189
2959	238	111			126	105
2960	160	575			111	168
2961	463	133			168	105
2962	222	134			117	105
2963	321	127			129	162
2964	321	1422			129	240
2965	376	1159			120	201
2966	190	1123			129	120
2967	9	22			155	148
2968	272	399			186	156
2969	512	885			153	204
2970	171	168			229	213
2971	32	68			189	224
2972	14	8			101	130
2973	32	61			182	177
2974	19	61			284	177
2975	101	127			198	211
2976	309	355			228	327
2977	388	6			228	261
2978	81	25			289	147
2979	0	125			119	218
2980	4	7			159	159
2981	0	1			123	181
2982	1	0			190	152
2983	37	21			182	179
2984	13	0			237	132
2985	90	255			119	217
2986	642	322			281	219
2987	0	0			138	195
2988	5	385			101	196
2989	0	0			192	221
2990	0	0			177	221
2991	0	0			177	192
2992	0	0			148	214
2993	0	0			187	214
2994	0	0			138	140
2995	0	0			261	386
2996	0	0			128	261
2997	0	0			246	261
2998	13	7			168	98
2999	14	19			168	98
3000	34	23			267	158
3001	145	194			224	192
3002	145	107			224	338
3003	137	338			192	311
3004	1	0			147	141
3005	10	19			154	225
3006	37	69			180	181
3007	22	4			165	129
3008	1	0			96	96
3009	17	26			161	230
3010	1	62			168	128
3011	8780	12119			205	227
3012	841	1640			169	202
3013	19	31			123	146
3014	20	19			141	123
3015	0	7			129	149
3016	5	19			221	139
3017	2	11			212	221
3018	96	70			140	177
3019	184	5			1209	115
3020	94	150			183	180
3021	0	0			147	141
3022	8	9			249	248
3023	45	2			233	173
3024	1	0			173	130
3025	41	15			247	109
3026	51	23			226	168
3027	14	26			130	154
3028	0	0			184	219
3029	248	305			186	173
3030	2	0			168	153
3031	0	17			110	241
3032	0	0			168	184
3033	105	99			186	190
3034	68	89			177	224
3035	0	6			155	114
3036	0	0			102	132
3037	80	77			193	174
3038	6	3			198	180
3039	0	0			223	168
3040	46	17			233	175
3041	168	233			234	254
3042	12	45			178	250
3043	53	133			693	678
3044	5	75			173	339
3045	156	0			538	116
3046	38	0			132	116
3047	52	50			271	161
3048	9	9			120	144
3049	517	497			187	171
3050	0	81			81	165
3051	64	54			192	177
3052	140	193			156	153
3053	128	210			135	156
3054	217	105			150	135
3055	23	46			135	135
3056	35	53			159	135
3057	26	51			132	159
3058	47	58			150	123
3059	21	8			150	147
3060	87	8			150	150
3061	43	14			150	150
3062	0	0			145	159
3063	5376	4080			213	186
3064	0	3			190	190
3065	3	18			208	164
3066	2	3			116	208
3067	25	0			87	151
3068	0	0			218	103
3069	0	0			360	151
3070	0	0			150	275
3071	67	121			162	234
3072	270	55			337	136
3073	0	0			197	156
3074	76	92			173	205
3075	0	3			194	128
3076	7	14			169	174
3077	1	1			152	148
3078	19	77			152	253
3079	42	57			148	178
3080	13	17			162	178
3081	13	4			162	112
3082	2	0			203	191
3083	47	0			145	214
3084	0	0			105	147
