ID	IJC_SAMPLE_1	SJC_SAMPLE_1	IJC_SAMPLE_2	SJC_SAMPLE_2	IncFormLen	SkipFormLen
0	0	0			150	137
1	0	0			150	137
2	0	0			150	150
3	0	0			150	98
4	0	0			150	98
5	0	0			138	150
6	0	0			138	150
7	0	0			150	150
8	0	0			150	138
9	0	0			150	138
10	0	0			150	137
11	0	0			150	137
12	0	0			150	150
13	0	0			138	150
14	0	0			138	150
15	0	0			150	150
16	0	0			150	138
17	0	0			150	138
18	0	0			123	150
19	0	0			150	137
20	0	0			150	137
21	0	0			150	150
22	0	0			138	150
23	0	0			138	150
24	0	0			150	150
25	0	0			150	138
26	0	0			150	138
27	0	0			150	150
28	0	0			150	108
29	0	0			150	111
30	0	0			123	150
31	0	0			150	137
32	0	0			150	137
33	0	0			150	150
34	0	0			138	150
35	0	0			138	150
36	0	0			150	150
37	0	0			150	138
38	0	0			150	138
39	0	0			123	150
40	0	0			150	137
41	0	0			150	137
42	0	0			150	150
43	0	0			150	98
44	0	0			150	98
45	0	0			150	111
46	0	0			150	150
47	0	0			150	150
48	0	0			150	150
49	0	0			147	141
50	0	0			150	103
51	0	0			150	150
52	0	0			150	150
53	0	0			111	150
54	0	0			150	103
55	0	0			150	150
56	0	0			147	141
57	0	0			150	103
58	0	0			150	150
59	0	0			150	150
60	0	0			147	141
61	0	0			111	150
62	0	0			150	150
63	0	0			147	141
64	0	0			150	150
65	0	0			150	103
66	0	0			150	150
67	0	0			84	102
68	0	0			148	150
69	0	0			150	150
70	0	0			150	150
71	0	0			141	150
72	0	0			138	150
73	0	0			150	150
74	0	0			99	126
75	0	0			99	102
76	0	0			102	126
77	0	0			102	129
78	0	0			150	150
79	0	0			150	150
80	0	0			150	150
81	0	0			150	121
82	0	0			150	150
83	0	0			150	150
84	0	0			150	150
85	0	0			150	150
86	0	0			150	150
87	0	0			150	150
88	0	0			150	150
89	0	0			150	150
90	0	0			150	108
91	0	0			126	150
92	0	0			150	103
93	0	0			150	150
94	0	0			150	150
95	0	0			150	150
96	0	0			150	150
97	0	0			123	150
98	0	0			106	150
99	0	0			150	150
100	10	10			138	150
101	4	6			150	150
102	0	0			150	150
103	0	0			150	111
104	0	0			150	150
105	0	0			150	150
106	3	55			115	150
107	5	2			120	150
108	7	0			111	105
109	0	0			150	150
110	0	0			150	114
111	0	5			150	123
112	0	0			150	150
113	13	14			150	150
114	32	2			150	121
115	39	51			150	144
116	4	0			150	150
117	22	0			93	90
118	7	4			150	150
119	0	5			144	111
120	0	0			93	93
121	0	0			150	126
122	0	0			150	150
123	0	0			126	150
124	32	89			114	141
125	84	59			150	140
126	255	2			150	150
127	0	0			150	150
128	19	26			123	140
129	0	0			150	150
130	0	2			150	150
131	12	10			150	146
132	0	36			150	150
133	5	8			150	150
134	0	0			150	150
135	0	0			136	150
136	0	0			150	150
137	0	3			150	150
138	6	1			142	150
139	2	3			150	150
140	0	0			150	150
141	12	0			150	150
142	9	27			115	118
143	35	42			129	150
144	13	17			150	146
145	1	0			150	150
146	0	0			150	113
147	1	0			150	113
148	4	0			150	150
149	27	46			146	150
150	8	15			150	150
151	2	4			146	150
152	0	1			150	119
153	0	3			150	130
154	4	0			150	119
155	1	3			119	130
156	0	1			150	150
157	1	9			150	130
158	3	18			121	150
159	2	20			121	150
160	0	20			150	150
161	3	20			150	150
162	0	2			150	121
163	3	2			150	121
164	0	16			147	144
165	0	0			150	150
166	0	0			150	133
167	2	0			129	148
168	1	2			150	150
169	1	2			150	150
170	2177	2411			150	150
171	12	6			150	150
172	1	9			150	150
173	0	4			141	150
174	0	1			150	150
175	434	364			150	129
176	372	224			150	132
177	19	17			150	150
178	27	15			150	150
179	61	90			150	150
180	0	0			150	144
181	0	0			117	150
182	0	0			150	150
183	0	0			150	150
184	0	0			123	150
185	0	7			150	150
186	598	615			150	150
187	0	174			150	150
188	0	5			150	150
189	0	3			150	150
190	13	8			150	150
191	72	0			148	150
192	21	46			150	150
193	23	9			150	150
194	0	4			150	150
195	52	57			148	123
196	1	0			141	139
197	0	0			150	118
198	127	16			150	150
199	127	33			150	150
200	0	0			150	150
201	0	0			150	150
202	0	0			150	150
203	9	0			150	122
204	28	14			150	150
205	0	0			150	150
206	6	1			106	150
207	116	225			97	97
208	0	0			111	150
209	0	0			150	103
210	0	0			150	150
211	0	0			150	150
212	27	24			147	150
213	0	0			150	150
214	0	0			136	150
215	1	0			147	150
216	432	0			133	150
217	21	29			150	143
218	24	18			150	150
219	19	0			150	150
220	0	0			148	150
221	37	72			150	150
222	3	140			150	150
223	124	21			150	150
224	196	66			150	141
225	0	0			150	150
226	0	0			150	150
227	0	0			150	150
228	10	11			150	136
229	14	0			150	120
230	2	3			150	150
231	0	0			150	150
232	0	0			150	150
233	1017	992			150	150
234	1	1			124	121
235	1	0			150	150
236	506	434			150	150
237	371	550			150	117
238	0	0			122	119
239	44	76			150	150
240	27	30			150	150
241	0	0			150	118
242	99	3			150	150
243	69	1			85	85
244	0	0			150	150
245	62	63			150	150
246	0	0			143	143
247	0	0			103	143
248	0	0			150	150
249	7	62			150	150
250	2	0			150	150
251	32	42			150	150
252	148	0			138	150
253	198	0			150	150
254	3	5			150	150
255	76	104			150	150
256	0	0			150	150
257	0	0			150	150
258	0	0			150	150
259	0	0			150	150
260	6	4			150	150
261	10	1			150	150
262	10	5			150	150
263	3	1			150	150
264	0	0			133	102
265	2248	1635			147	150
266	18	22			150	150
267	18	25			150	150
268	0	1			150	150
269	11	12			150	150
270	82	55			150	150
271	3788	10914			103	150
272	37	33			150	150
273	0	0			150	132
274	20	1			150	150
275	41	23			150	150
276	62	25			144	150
277	0	0			150	150
278	1	0			150	150
279	0	2			150	150
280	0	2			150	150
281	50	30			150	150
282	0	0			150	150
283	0	0			150	150
284	0	0			125	143
285	0	0			150	150
286	0	0			150	150
287	0	0			150	150
288	0	0			150	150
289	0	1			150	150
290	0	0			150	136
291	0	3			116	150
292	0	0			123	150
293	0	0			150	150
294	0	11			150	141
295	33	5			150	150
296	0	0			150	150
297	0	0			150	150
298	0	0			150	150
299	0	0			150	150
300	0	0			150	150
301	0	0			150	150
302	0	0			150	150
303	0	0			150	150
304	0	0			150	150
305	0	0			150	150
306	0	0			150	150
307	0	0			150	150
308	5	7			145	150
309	0	0			150	150
310	0	0			150	150
311	0	0			150	150
312	0	0			150	121
313	33	19			148	114
314	11	30			150	108
315	22	29			108	150
316	249	501			122	150
317	11	16			117	149
318	0	6			131	125
319	24	0			150	150
320	15	0			150	150
321	83	106			150	150
322	13	6			149	150
323	3	0			148	150
324	0	0			150	150
325	38	71			139	150
326	0	7			150	150
327	47	6			150	144
328	1	1			150	150
329	414	459			150	150
330	0	0			150	150
331	4	10			150	150
332	14	8			119	150
333	2	2			138	150
334	0	0			120	120
335	0	0			133	150
336	3	0			150	114
337	41	53			150	150
338	11	1			150	134
339	9	7			127	126
340	70	20			150	150
341	16	18			129	150
342	0	1			150	123
343	1	0			150	150
344	0	0			150	150
345	2	1			129	150
346	88	75			150	144
347	19	31			150	150
348	23	25			150	150
349	0	58			100	100
350	32	45			119	150
351	24	0			127	119
352	8	0			150	95
353	0	0			150	96
354	1	1			150	150
355	0	0			135	150
356	3	2			150	150
357	0	0			150	150
358	0	0			150	150
359	2	12			150	150
360	15	13			150	150
361	11	6			150	150
362	0	0			150	142
363	1	0			150	150
364	0	0			150	138
365	0	0			150	147
366	0	0			138	147
367	15	23			123	150
368	0	0			150	150
369	13	9			150	150
370	3	9			150	150
371	0	0			150	150
372	33	41			150	150
373	1	38			117	150
374	190	1			150	150
375	187	181			150	150
376	273	797			150	150
377	1426	3995			150	150
378	0	0			150	150
379	17	14			150	150
380	1	0			150	133
381	0	0			108	135
382	5	53			150	150
383	0	0			150	150
384	0	0			150	150
385	2	29			150	148
386	1	6			150	150
387	0	0			150	150
388	133	3			140	150
389	19	19			114	150
390	26	20			135	102
391	248	54			150	143
392	91	73			150	150
393	3	5			150	150
394	1	0			150	150
395	2	0			150	150
396	3	7			150	150
397	1	2			150	150
398	2	2			150	150
399	110	112			150	150
400	0	0			150	150
401	0	0			150	150
402	0	0			150	104
403	5	0			150	150
404	42	94			150	150
405	1	148			150	150
406	0	0			150	150
407	4	3			150	150
408	4	4			95	150
409	0	1			150	150
410	3	7			150	150
411	3	7			150	150
412	0	2			84	84
413	37	23			150	150
414	1	0			150	150
415	0	0			150	150
416	0	0			102	150
417	7	7			128	150
418	6	6			150	128
419	30	33			150	150
420	8	15			150	150
421	1	109			150	135
422	11	15			150	129
423	0	13			147	147
424	0	3			150	150
425	10	3			150	150
426	10	0			150	150
427	56	0			150	133
428	358	176			150	150
429	0	0			150	150
430	0	0			150	150
431	29	21			150	146
432	44	26			150	150
433	0	0			150	150
434	2	3			150	150
435	35	55			150	150
436	0	0			150	150
437	10	0			150	150
438	10	0			150	150
439	4009	4			127	150
440	10	0			150	150
441	4	0			150	150
442	31	15			147	150
443	21	15			150	150
444	1	3			150	150
445	0	0			150	150
446	233	215			150	150
447	3	13			150	150
448	2765	0			147	150
449	2	0			150	84
450	3	0			150	84
451	3	2			150	150
452	1	11			150	150
453	15	8			150	150
454	0	0			150	150
455	0	0			145	150
456	0	0			145	150
457	0	21			150	150
458	8	10			150	150
459	49	46			150	150
460	0	0			150	150
461	149	363			150	150
462	160	366			150	150
463	91	101			135	143
464	0	0			150	119
465	0	0			79	82
466	2	0			150	150
467	3	8			150	150
468	0	0			150	150
469	0	0			150	150
470	0	11			108	144
471	0	3			108	102
472	0	0			78	150
473	4	293			150	150
474	4	139			150	150
475	3	15			111	150
476	8	0			150	150
477	5	7			150	150
478	41	0			113	137
479	101	72			150	150
480	60	93			118	150
481	136	115			150	150
482	17	51			150	150
483	16	43			150	150
484	100	129			150	150
485	0	0			150	150
486	0	0			150	125
487	38	58			148	150
488	1	2			150	150
489	0	0			150	81
490	0	0			138	150
491	0	0			150	150
492	0	0			150	150
493	0	0			150	150
494	0	0			150	150
495	0	0			150	150
496	3	5			150	150
497	3185	39955			150	150
498	1127	46767			150	150
499	23606	21920			150	138
500	13	22965			150	138
501	19795	18629			138	145
502	869	1010			150	150
503	1238	1106			150	150
504	33	0			149	137
505	40	57			150	150
506	0	0			98	98
507	0	0			81	81
508	36	2			128	132
509	0	0			150	105
510	0	0			117	105
511	0	0			150	150
512	0	0			150	150
513	0	0			150	150
514	10	1			150	120
515	1	0			150	150
516	0	31			147	144
517	2	0			147	150
518	84	50			150	137
519	33	41			133	147
520	46	25			147	150
521	112	158			150	150
522	1	6			150	150
523	23	56			114	149
524	228	164			145	135
525	193	247			135	150
526	0	0			147	141
527	1	0			150	150
528	1	0			150	146
529	1	0			84	84
530	8	3			150	150
531	13	17			150	150
532	0	0			150	150
533	0	0			150	150
534	8	0			150	150
535	68	25			144	108
536	81	81			150	150
537	0	0			150	141
538	0	0			150	150
539	40	22			150	130
540	40	47			150	150
541	40	48			150	150
542	0	2			150	150
543	0	4			150	115
544	0	0			150	150
545	3	4			150	150
546	0	1			150	150
547	25	0			126	150
548	0	0			150	150
549	2	12			150	120
550	0	0			150	135
551	0	0			96	96
552	26	15			150	116
553	0	0			150	150
554	0	0			129	137
555	17	24			150	150
556	158	0			100	100
557	14	7			150	150
558	0	0			150	150
559	0	0			150	150
560	10	5			150	114
561	8	19			150	150
562	0	0			150	125
563	0	0			150	150
564	12	9			150	147
565	0	1			150	142
566	1	0			142	150
567	0	0			142	111
568	0	0			150	150
569	11	7			133	150
570	13	0			150	114
571	0	1			150	150
572	25	45			150	150
573	0	0			150	150
574	12	68			106	135
575	0	0			150	150
576	32	80			150	150
577	23	64			150	150
578	26	64			150	150
579	1	2			150	148
580	1	3			150	150
581	103	133			150	142
582	8	26			150	150
583	1	5			103	150
584	25	25			150	150
585	0	3			150	150
586	0	0			76	150
587	0	0			138	150
588	0	0			150	150
589	12	18			143	150
590	99	87			134	126
591	3	0			150	138
592	7	0			150	138
593	7	3			150	150
594	0	0			110	127
595	54	36			139	150
596	0	0			126	150
597	23	23			150	150
598	3	6			150	131
599	433	468			150	150
600	23	24			150	150
601	7	0			125	150
602	0	0			150	142
603	3	15			150	150
604	1	0			150	150
605	0	0			143	150
606	0	0			141	150
607	0	0			123	99
608	0	8			150	150
609	0	0			150	131
610	0	0			150	150
611	9	11			150	150
612	0	1			150	150
613	2	644			150	150
614	1	873			150	150
615	51	74			150	150
616	14	7			126	150
617	96	107			150	150
618	125	104			150	150
619	124	120			150	150
620	0	0			150	150
621	1	0			150	150
622	1	0			150	150
623	30	12			150	150
624	0	0			120	150
625	7	0			147	150
626	0	0			150	150
627	0	0			135	150
628	0	0			150	150
629	0	0			150	126
630	1	9			121	144
631	0	8			150	110
632	0	0			150	150
633	416	1			150	150
634	14	42			150	150
635	758	1772			150	150
636	23	1			150	150
637	24	31			150	138
638	11	15			150	138
639	0	4			114	150
640	1	62			127	150
641	34	28			150	150
642	2	38			150	150
643	1	26			150	146
644	11	0			150	150
645	11	0			150	150
646	49109	36204			150	150
647	49109	36250			150	150
648	29755	38942			150	150
649	2	16			143	150
650	5	2246			150	150
651	0	20			150	142
652	6	7			150	150
653	6	7			150	150
654	6	29			150	150
655	0	0			81	81
656	69	47			150	146
657	2	62			127	150
658	0	0			150	150
659	41	91			117	150
660	11	0			150	150
661	1	0			150	150
662	1	11			150	150
663	3	1			150	102
664	0	0			111	114
665	1	33			134	118
666	0	11			150	150
667	6	12			150	150
668	15	15			150	150
669	6	6			150	150
670	0	0			87	84
671	2	0			150	147
672	2	0			150	150
673	0	0			150	150
674	6	19			150	150
675	58	77			150	150
676	0	0			142	106
677	45	1			83	83
678	0	0			150	150
679	0	0			84	84
680	11	26			150	150
681	11	0			92	92
682	0	0			99	99
683	0	0			150	150
684	2	0			150	144
685	2	0			150	150
686	0	0			144	150
687	9	14			150	150
688	0	1			150	150
689	0	1			150	133
690	0	0			150	150
691	1	0			150	150
692	1	0			133	150
693	1	1			150	150
694	1	1			150	150
695	25	17			132	150
696	31	3			150	150
697	1	2			150	109
698	0	0			150	150
699	0	0			150	150
700	0	8			150	150
701	154	0			150	150
702	622	541			150	141
703	9	7			150	150
704	86	116			150	150
705	5	0			125	136
706	0	1			150	128
707	125	891			150	150
708	122	0			150	150
709	251	65			147	150
710	1	0			150	132
711	1	0			150	132
712	1	1			150	150
713	5	28			112	150
714	669	17			150	150
715	876	0			107	113
716	0	0			150	150
717	0	4			150	150
718	0	0			150	150
719	11	13			150	150
720	11	7			150	124
721	11	20			150	150
722	0	10			150	150
723	0	5			150	110
724	0	1			138	149
725	134	0			150	150
726	63	0			150	150
727	0	1			150	150
728	126	124			150	120
729	9	45			150	114
730	7	15			150	150
731	0	1			114	150
732	23	17			122	147
733	17	49			150	150
734	29	21			150	108
735	2	1			150	143
736	116	134			150	150
737	0	0			97	99
738	1	0			150	150
739	0	1			120	120
740	0	0			135	150
741	0	0			150	150
742	0	0			150	150
743	21	15			150	108
744	36	47			113	150
745	0	0			87	87
746	0	0			102	150
747	48	55			150	150
748	40	58			150	150
749	71	144			136	150
750	0	0			150	150
751	30	46			124	150
752	0	1			99	100
753	0	0			150	150
754	46	7			150	150
755	0	1			150	150
756	0	1			150	150
757	21	51			114	150
758	10	8			150	150
759	23	17			150	150
760	26	18			150	150
761	0	4			108	129
762	11	1			150	108
763	0	403			90	90
764	67	34			90	78
765	154	107			117	78
766	29	96			150	132
767	88	96			150	132
768	8	10			150	150
769	0	164			113	142
770	92	164			142	142
771	92	0			142	113
772	101	116			150	150
773	0	0			150	150
774	4	1			150	150
775	0	2			148	150
776	0	2			150	150
777	0	1			148	150
778	30	37			150	150
779	2	5			109	141
780	1	63			147	150
781	5	63			150	150
782	0	1			150	121
783	29	1			136	128
784	0	5			150	150
785	0	3			150	138
786	0	3			150	150
787	7	30			150	150
788	0	0			150	150
789	0	0			150	150
790	0	0			150	150
791	0	0			150	150
792	0	0			150	150
793	0	0			87	90
794	5	0			128	150
795	562	1314			103	150
796	1218	1314			150	150
797	2	2			150	150
798	19	66			113	150
799	1	0			150	133
800	74	2			150	150
801	0	0			150	150
802	0	0			150	150
803	11	0			150	105
804	0	8			87	87
805	1	23			129	150
806	3	1			150	150
807	0	0			150	150
808	0	0			150	150
809	0	0			150	150
810	21	19			150	150
811	91	4			150	150
812	0	0			150	124
813	3	1			150	106
814	0	0			150	150
815	0	0			150	150
816	25	30			102	120
817	11	18			132	150
818	0	0			150	150
819	0	0			150	150
820	2	3			150	150
821	6	4			150	150
822	9	9			150	150
823	0	5			150	150
824	1	3			141	149
825	1	4			141	150
826	1	1			150	150
827	0	0			150	150
828	3	1			114	102
829	0	1			126	102
830	6	1			150	102
831	10	1			150	102
832	5	168			150	150
833	72	1			150	150
834	0	0			150	150
835	0	0			150	131
836	0	0			150	131
837	3	59			98	150
838	9	15			150	150
839	29	0			150	150
840	11	9			150	150
841	86	100			150	148
842	86	100			150	148
843	87	105			150	150
844	0	171			150	150
845	6	0			117	150
846	0	26			150	150
847	13	1			150	150
848	10	66			138	150
849	0	0			150	150
850	0	0			150	150
851	83	3			150	150
852	12	17			150	150
853	0	0			127	129
854	0	0			150	150
855	20	57			150	150
856	5012	5217			150	150
857	1	0			150	150
858	0	0			150	150
859	5	9			141	150
860	0	0			110	150
861	0	0			110	150
862	0	0			150	146
863	4	154			124	128
864	28	0			150	150
865	49	44			150	150
866	0	21			150	136
867	6	13			150	150
868	0	0			98	95
869	0	12			130	150
870	0	4			150	150
871	0	26			106	150
872	60	168			150	150
873	1	175			79	150
874	4	21			98	150
875	75	104			150	150
876	6	2			150	150
877	3	30			150	150
878	1	2			150	150
879	0	2			132	132
880	13	4			93	93
881	12	0			96	90
882	13	2			96	90
883	35	1			87	99
884	1	76			116	116
885	0	0			150	150
886	16	32			146	150
887	24	24			150	150
888	34	0			98	101
889	69	90			150	150
890	22	973			137	150
891	176	1126			137	150
892	536	507			150	150
893	1	11			150	150
894	6	14			150	150
895	0	16			150	150
896	9	12			150	150
897	0	3			150	150
898	0	0			150	150
899	9	9			150	150
900	1	6			138	150
901	0	0			150	150
902	0	0			150	150
903	75	120			150	150
904	1303	896			150	150
905	1416	1142			150	150
906	0	1			150	150
907	0	0			150	150
908	4	60			136	150
909	0	0			150	150
910	0	0			150	136
911	0	0			150	136
912	133	85			146	150
913	3	26			150	150
914	20	18			150	150
915	0	32			150	122
916	1927	1777			150	150
917	115	148			150	135
918	559	148			150	135
919	104	117			141	150
920	88	2			138	150
921	461	51			150	138
922	18	0			87	87
923	0	0			150	150
924	24	9			150	150
925	3749	3379			150	150
926	8	6			150	150
927	2124	601			150	98
928	3502	208			150	98
929	3502	380			150	150
930	208	380			98	150
931	3	390			98	150
932	4	17			115	150
933	0	0			146	135
934	0	2			150	150
935	6	19			130	150
936	6	14			130	121
937	11	37			150	150
938	8	3			150	150
939	62	115			107	134
940	20	26			150	150
941	0	24			150	150
942	1	0			135	81
943	1	0			135	81
944	0	0			81	81
945	44	35			150	150
946	0	19			150	150
947	17	14			120	108
948	0	0			150	150
949	0	0			150	150
950	0	0			150	150
951	0	0			150	150
952	0	0			84	84
953	0	0			123	150
954	0	0			150	150
955	0	0			150	131
956	17	21			143	119
957	14	21			150	119
958	0	0			150	150
959	0	0			138	150
960	9	8			150	137
961	0	0			150	150
962	66	46			150	110
963	118	48			150	150
964	0	0			150	150
965	12	17			108	150
966	6	2			150	150
967	3	1			150	150
968	92	108			137	150
969	81	2			150	150
970	0	0			150	150
971	0	7			150	150
972	0	0			150	127
973	7	0			150	127
974	57	133			150	150
975	450	676			150	150
976	0	0			96	90
977	0	0			150	150
978	3	0			150	150
979	0	3			150	150
980	0	7			150	150
981	5	6			150	150
982	8	0			150	150
983	49	0			150	95
984	49	0			150	137
985	0	0			95	137
986	0	0			147	141
987	2	0			150	141
988	2	0			150	147
989	0	0			108	150
990	2	1			148	150
991	0	0			150	150
992	0	0			150	150
993	0	0			150	150
994	0	0			150	150
995	0	0			150	150
996	0	2			150	147
997	30	2			150	150
998	32	34			131	150
999	0	0			81	81
1000	0	0			150	150
1001	0	31			81	144
1002	1	31			81	144
1003	1	0			81	81
1004	1	2			150	150
1005	0	0			150	150
1006	44	7			150	135
1007	1	0			150	150
1008	13	3			150	150
1009	10	6			150	150
1010	0	1			148	150
1011	0	0			150	137
1012	0	0			150	150
1013	1	0			132	150
1014	2	40			148	150
1015	2	19			148	150
1016	5	29			150	150
1017	53	82			150	150
1018	25	6			138	97
1019	3	6			97	150
1020	0	0			150	150
1021	0	0			150	150
1022	107	173			150	150
1023	0	0			150	150
1024	287	130			150	150
1025	10	0			150	150
1026	0	1			150	150
1027	0	0			150	150
1028	80	97			150	150
1029	10	15			150	150
1030	0	0			150	150
1031	175	116			150	131
1032	1	0			150	150
1033	0	0			150	150
1034	60	65			150	150
1035	7	25			150	150
1036	10	25			150	150
1037	28	0			90	93
1038	0	0			147	150
1039	4	6			150	150
1040	0	0			150	103
1041	0	0			150	150
1042	0	0			120	150
1043	0	0			150	150
1044	0	0			150	120
1045	0	0			150	120
1046	0	0			150	150
1047	0	20			150	150
1048	0	0			111	114
1049	18	14			150	147
1050	110	170			150	150
1051	55	49			150	137
1052	0	0			150	150
1053	0	0			150	150
1054	2	0			150	150
1055	0	14			121	135
1056	46	2			150	150
1057	0	48			119	112
1058	8	217			102	150
1059	0	0			90	87
1060	0	1			150	150
1061	0	0			96	96
1062	0	0			150	150
1063	3	2			150	150
1064	8	6			114	144
1065	0	0			147	141
1066	16	28			150	150
1067	1532	1329			150	150
1068	0	0			150	150
1069	0	2			150	150
1070	89	123			136	150
1071	8	10			126	123
1072	8	8			126	150
1073	1	4			129	135
1074	1	3			111	135
1075	2	0			111	150
1076	1	0			129	150
1077	189	22			150	150
1078	208	201			150	150
1079	0	0			110	93
1080	0	0			150	150
1081	0	0			150	150
1082	0	0			150	150
1083	0	0			150	150
1084	0	6			150	150
1085	0	6			150	150
1086	4	8			150	150
1087	0	2			150	114
1088	19	9			150	126
1089	2	13			132	150
1090	0	0			150	150
1091	2	18			150	150
1092	116	138			150	150
1093	267	0			150	150
1094	0	13			150	150
1095	90	3			150	150
1096	99	34			150	150
1097	0	72			150	135
1098	1	0			140	150
1099	1	0			142	150
1100	750	14038			108	109
1101	8035	14038			111	109
1102	20954	191			90	105
1103	9580	221			130	86
1104	42	37			150	150
1105	348	89			150	150
1106	0	0			150	150
1107	14	21			150	136
1108	0	2			120	140
1109	1	13			150	150
1110	0	0			150	150
1111	0	0			150	150
1112	3	0			150	150
1113	2	0			150	150
1114	0	0			150	150
1115	3	0			150	150
1116	2	0			150	150
1117	3	0			150	150
1118	2	0			150	150
1119	0	9			121	150
1120	0	0			121	133
1121	0	0			150	133
1122	0	0			150	121
1123	2981	3282			150	150
1124	2	0			141	150
1125	0	12			150	150
1126	1319	1000			150	150
1127	1320	742			150	150
1128	957	1089			150	150
1129	0	0			150	150
1130	2	5			150	150
1131	60	6			144	150
1132	0	0			150	150
1133	0	0			150	150
1134	5	9			150	150
1135	3	4			150	150
1136	0	0			102	150
1137	0	0			150	150
1138	19	29			149	150
1139	2	3			150	100
1140	0	0			150	150
1141	0	0			150	114
1142	10	9			150	150
1143	0	0			150	98
1144	10	270			150	150
1145	231	267			150	150
1146	0	1			150	150
1147	0	2			150	150
1148	0	2			150	150
1149	66	74			150	150
1150	148	130			150	150
1151	1	0			150	150
1152	0	0			150	150
1153	836	498			150	150
1154	0	0			150	150
1155	2	0			84	96
1156	22	0			144	93
1157	0	0			102	117
1158	0	0			133	117
1159	2	0			150	109
1160	0	0			150	109
1161	1	0			150	150
1162	70	51			144	132
1163	1	0			135	150
1164	49	52			150	150
1165	192	139			150	149
1166	2	0			150	106
1167	2	0			150	150
1168	0	0			150	150
1169	0	1			111	150
1170	3	0			150	150
1171	3	7			150	150
1172	0	7			150	150
1173	6	3			150	150
1174	1	13			123	150
1175	6	4			150	150
1176	50	70			117	150
1177	0	0			150	150
1178	0	0			150	150
1179	0	0			150	130
1180	0	0			150	149
1181	53	68			150	150
1182	53	12			150	150
1183	53	12			150	121
1184	65	12			150	121
1185	68	12			150	150
1186	68	12			150	121
1187	118	12			150	121
1188	3	195			150	150
1189	0	0			150	150
1190	0	0			147	137
1191	0	0			114	150
1192	0	0			133	150
1193	2	0			150	87
1194	103	98			150	150
1195	7	2			150	150
1196	4	3			150	150
1197	1	4			150	150
1198	0	5			150	150
1199	0	5			150	150
1200	0	0			84	93
1201	0	0			150	150
1202	0	0			110	150
1203	1	0			150	150
1204	11	3			137	150
1205	47	16			143	150
1206	5	5			150	150
1207	97	7			150	150
1208	28	2			150	150
1209	6	0			150	150
1210	0	0			150	150
1211	0	0			78	78
1212	0	0			150	150
1213	13	1			150	141
1214	201	380			150	150
1215	133	380			132	150
1216	22	19			150	150
1217	60	47			150	150
1218	46	56			150	150
1219	33	24			150	147
1220	37	26			147	134
1221	56	49			150	139
1222	27	33			150	139
1223	32	30			150	150
1224	9	30			139	150
1225	49	30			139	150
1226	16	0			150	150
1227	117	141			150	150
1228	145	67			150	150
1229	0	0			150	99
1230	0	64			150	81
1231	0	0			128	150
1232	4	13			150	150
1233	31	49			150	150
1234	42	43			150	150
1235	0	0			150	150
1236	6	2			150	150
1237	0	0			134	150
1238	3	1			114	150
1239	14	0			150	92
1240	3	17			150	127
1241	0	0			150	150
1242	0	2			150	150
1243	15	8			136	150
1244	0	0			148	150
1245	2	0			150	150
1246	0	0			150	150
1247	0	0			150	150
1248	0	4			150	150
1249	1	0			150	150
1250	0	0			150	150
1251	0	0			150	150
1252	0	0			150	103
1253	0	0			150	150
1254	0	0			150	150
1255	0	46			144	150
1256	0	0			150	133
1257	0	0			150	150
1258	0	0			150	150
1259	0	13			149	149
1260	18	15			150	146
1261	0	2			150	150
1262	3	14			105	133
1263	87	62			150	150
1264	26	15			150	143
1265	62	10			150	123
1266	3	0			150	150
1267	10	0			150	150
1268	1	0			150	150
1269	1	3			150	150
1270	1	10			150	150
1271	462	334			150	121
1272	0	0			121	147
1273	0	0			150	150
1274	1	0			150	140
1275	16	24			150	150
1276	496	400			150	150
1277	278	623			135	150
1278	341	430			150	135
1279	0	1			150	150
1280	77	78			150	150
1281	9	5			150	150
1282	15	17			150	150
1283	394	475			150	150
1284	0	0			144	131
1285	20	24			150	150
1286	21	263			150	150
1287	0	0			126	150
1288	35	12			150	131
1289	7	28			120	150
1290	6	12			120	131
1291	8	229			150	146
1292	368	8			150	150
1293	139	153			150	150
1294	1	11			150	150
1295	3	11			150	150
1296	1	11			150	150
1297	0	1			150	150
1298	0	0			150	121
1299	77	71			130	148
1300	76	84			132	117
1301	0	0			150	150
1302	55	77			150	150
1303	0	0			150	150
1304	4	0			99	99
1305	10	6			134	150
1306	11	6			150	150
1307	0	0			150	150
1308	3	9			129	150
1309	24	2			125	115
1310	23	36			150	138
1311	0	0			150	150
1312	0	0			150	150
1313	0	0			150	150
1314	0	0			141	150
1315	0	0			150	130
1316	0	0			150	130
1317	0	0			150	150
1318	0	0			150	150
1319	0	0			150	150
1320	0	0			150	150
1321	0	0			150	136
1322	0	0			150	150
1323	70	71			141	143
1324	74	67			143	146
1325	78	59			146	133
1326	27	58			150	150
1327	89	63			150	150
1328	1	7			146	150
1329	1	1			134	150
1330	168	149			150	150
1331	0	0			96	96
1332	20	24			133	147
1333	60	22			150	150
1334	107	16			150	150
1335	3	4			150	150
1336	0	0			147	141
1337	0	0			150	150
1338	3	15			150	140
1339	0	1			123	150
1340	0	0			123	150
1341	0	0			123	78
1342	1	0			150	78
1343	0	0			150	78
1344	894	0			79	79
1345	0	16			150	150
1346	0	0			150	150
1347	2	0			150	150
1348	2	3			150	150
1349	3	3			150	150
1350	20	16			150	150
1351	289	14			113	136
1352	0	0			150	150
1353	0	0			115	150
1354	0	0			139	128
1355	0	0			108	123
1356	41	57			150	150
1357	29	0			128	79
1358	4	2			150	150
1359	4	5			150	150
1360	2	5			150	150
1361	111	299			150	144
1362	215	2			150	76
1363	0	0			150	136
1364	6	0			150	150
1365	2	3			150	150
1366	0	0			150	150
1367	0	13			150	131
1368	0	13			150	131
1369	0	0			150	150
1370	0	0			150	122
1371	53	8			150	150
1372	9	12			150	150
1373	69	43			129	124
1374	0	0			150	150
1375	34	73			114	132
1376	0	31			150	122
1377	0	0			150	150
1378	0	0			150	150
1379	76	75			150	150
1380	0	0			81	81
1381	3	11			130	150
1382	0	9			96	96
1383	0	8			96	93
1384	104	256			118	150
1385	96	19			133	150
1386	9	7			129	150
1387	0	0			150	150
1388	0	0			150	150
1389	2	21			142	150
1390	6	20			142	150
1391	0	5			114	145
1392	0	1			150	150
1393	0	3			150	150
1394	0	1			150	150
1395	0	2			150	145
1396	1	3			150	150
1397	1	1			150	150
1398	1	2			150	145
1399	3	2			150	145
1400	1	2			150	145
1401	0	0			123	150
1402	64	75			150	150
1403	0	0			150	108
1404	37	176			150	120
1405	144	123			147	141
1406	128	13			147	141
1407	128	327			147	120
1408	13	327			141	120
1409	255	264			141	120
1410	42	0			126	99
1411	10	3			150	150
1412	1	0			150	150
1413	1	0			150	150
1414	0	0			150	150
1415	0	0			150	150
1416	0	0			96	90
1417	9	9			150	150
1418	5	14			150	150
1419	151	0			150	150
1420	24	26			150	150
1421	0	0			150	150
1422	18	27			150	150
1423	6	10			150	150
1424	0	1			150	150
1425	0	0			150	150
1426	0	0			144	150
1427	0	0			150	150
1428	54	1			150	150
1429	15	17			150	150
1430	0	0			87	87
1431	0	0			150	147
1432	0	0			150	147
1433	0	42			79	150
1434	20	34			150	150
1435	4	34			150	150
1436	7	21			139	150
1437	35	55			150	150
1438	41	68			150	150
1439	129	174			150	150
1440	0	2			84	150
1441	0	1			150	150
1442	1	0			123	150
1443	10	2			150	150
1444	34	24			150	135
1445	165	156			150	136
1446	2	2303			98	98
1447	911	1201			150	150
1448	35	50			150	150
1449	1	0			140	125
1450	0	0			150	107
1451	0	2			150	150
1452	4	11			106	150
1453	17	27			138	150
1454	4	0			150	90
1455	0	0			150	150
1456	0	1			111	150
1457	0	0			150	150
1458	3	17			150	150
1459	0	19			120	150
1460	5	0			150	150
1461	75	70			150	143
1462	0	4			150	150
1463	0	4			105	150
1464	0	0			105	150
1465	0	0			150	150
1466	93	96			150	150
1467	5	1			126	150
1468	0	48			82	150
1469	0	2			150	150
1470	0	0			150	150
1471	381	337			150	150
1472	237	253			150	150
1473	1	0			150	150
1474	1	0			150	150
1475	2	0			150	150
1476	9	1025			150	150
1477	161	1025			111	150
1478	25	27			110	125
1479	74	27			150	125
1480	1	0			147	150
1481	14	9			150	150
1482	1	81			147	147
1483	0	0			150	150
1484	0	0			150	150
1485	0	0			150	150
1486	0	0			150	150
1487	0	0			150	150
1488	0	52			150	150
1489	0	25			150	150
1490	1	1			106	106
1491	0	0			100	100
1492	233	0			150	150
1493	463	0			150	150
1494	0	0			150	150
1495	110	197			150	150
1496	30	33			150	150
1497	186	0			150	150
1498	24	105			108	128
1499	108	41			150	108
1500	2	119			150	150
1501	2	198			150	150
1502	2	117			150	150
1503	0	0			150	150
1504	0	0			150	150
1505	0	0			131	150
1506	5	3			150	150
1507	192	149			150	150
1508	37	23			150	150
1509	6	1			150	150
1510	48	0			84	87
1511	310	43			150	119
1512	242	0			132	150
1513	7	0			138	115
1514	40	86			150	150
1515	0	3			150	150
1516	0	0			150	150
1517	0	0			150	108
1518	0	1			124	150
1519	4	5			150	150
1520	3	1			150	150
1521	7	0			141	150
1522	0	0			150	137
1523	0	0			150	137
1524	0	0			150	150
1525	17	10			150	150
1526	0	0			123	150
1527	104	144			141	141
1528	102	123			150	141
1529	5	20			118	150
1530	33	18			150	135
1531	0	0			93	126
1532	0	36			150	150
1533	5	0			150	150
1534	1	4			150	150
1535	0	5			150	150
1536	23	42			150	150
1537	9	2			109	150
1538	69	5			150	129
1539	2	0			150	150
1540	37	30			150	150
1541	0	2			150	138
1542	4	2			150	143
1543	0	0			150	98
1544	0	0			150	98
1545	8	0			150	128
1546	0	1			150	150
1547	37	43			150	150
1548	21	22			150	139
1549	0	10			150	150
1550	45	77			150	150
1551	1	4			150	150
1552	0	0			150	145
1553	11	14			150	150
1554	14	0			150	150
1555	0	1			150	150
1556	0	2			129	114
1557	6	120			150	150
1558	91	245			150	135
1559	9	6			142	150
1560	0	0			144	150
1561	0	0			144	150
1562	0	0			150	150
1563	3	1			150	132
1564	148	84			150	150
1565	4	2			142	150
1566	0	33			96	93
1567	10	8			150	150
1568	0	0			150	98
1569	0	0			150	98
1570	76	0			120	150
1571	3578	245			150	150
1572	1646	245			150	150
1573	0	0			150	150
1574	1	2			150	150
1575	0	0			150	150
1576	85	0			99	132
1577	63	198			150	150
1578	60	73			150	150
1579	60	119			150	135
1580	73	119			150	135
1581	105	160			150	150
1582	0	5			149	150
1583	0	2			149	150
1584	2	9			150	150
1585	8	1			150	150
1586	58	3			150	150
1587	11	8			150	150
1588	23	32			150	150
1589	0	17			150	150
1590	0	0			77	150
1591	30	28			146	146
1592	61	53			150	150
1593	8	9			150	150
1594	11	0			150	80
1595	709	677			150	135
1596	5	8			150	150
1597	46	0			150	135
1598	60	0			150	150
1599	33	19			144	144
1600	0	0			111	150
1601	910	724			149	130
1602	22	37			150	150
1603	44	65			150	150
1604	23	45			150	150
1605	0	103			150	150
1606	0	0			150	150
1607	0	0			150	79
1608	44	397			150	132
1609	678	167			150	150
1610	50	4			125	150
1611	123	8			125	150
1612	4	8			127	150
1613	52	4			125	150
1614	16	56			131	125
1615	13	3			150	150
1616	0	0			116	150
1617	3	6			150	150
1618	0	3			150	150
1619	0	0			150	150
1620	0	0			150	150
1621	0	0			150	150
1622	0	0			150	150
1623	0	0			150	150
1624	63	172			150	141
1625	64	57			150	150
1626	0	0			127	150
1627	9	12			133	150
1628	11	0			104	150
1629	52	6			116	116
1630	0	0			132	150
1631	23	0			150	150
1632	0	0			93	93
1633	0	0			93	150
1634	0	1			150	141
1635	5	4			150	150
1636	5	0			150	150
1637	5	12			150	149
1638	0	12			150	149
1639	2	124			150	150
1640	0	0			150	114
1641	0	0			150	114
1642	0	0			150	150
1643	0	0			150	150
1644	0	2			150	150
1645	0	5			150	150
1646	0	0			134	150
1647	0	0			134	150
1648	0	6			134	150
1649	0	0			150	150
1650	2	5			150	150
1651	0	0			150	150
1652	0	0			150	137
1653	0	0			150	137
1654	0	0			150	150
1655	0	0			150	150
1656	0	1			150	150
1657	0	28			150	150
1658	0	28			150	150
1659	0	0			150	150
1660	0	0			150	122
1661	2	31			150	150
1662	2	3			150	150
1663	169	166			150	150
1664	81	163			119	150
1665	2677	1894			150	150
1666	5	1			150	150
1667	13	24			114	150
1668	0	105			135	117
1669	48	105			108	117
1670	48	0			108	135
1671	20	0			108	135
1672	203	13			148	148
1673	6	5			142	150
1674	3	5			120	150
1675	9	2			150	142
1676	0	2			120	142
1677	0	7			117	150
1678	3	7			120	150
1679	0	7			117	150
1680	0	7			120	150
1681	3	9			150	150
1682	3	13			150	150
1683	1	1			150	150
1684	0	1			135	147
1685	2	0			115	130
1686	5	3			115	130
1687	1	6			150	150
1688	0	5			90	150
1689	0	1			150	150
1690	0	3			133	122
1691	0	2			133	150
1692	3	2			122	150
1693	6	3			150	150
1694	0	1560			93	93
1695	10	13			121	150
1696	8	6			150	121
1697	1	15			123	150
1698	18	7			150	117
1699	0	0			121	150
1700	0	0			150	150
1701	0	0			121	150
1702	0	0			84	84
1703	0	0			150	84
1704	0	0			150	84
1705	13	2			150	150
1706	2	0			147	147
1707	81	88			150	133
1708	0	1			150	150
1709	0	0			150	150
1710	425	390			139	150
1711	62	20			108	108
1712	7	27			108	108
1713	0	0			150	150
1714	74	34			150	129
1715	1	0			150	150
1716	4	8			150	150
1717	51	25			150	150
1718	0	8			150	150
1719	0	0			150	129
1720	652	85			150	121
1721	468	583			133	150
1722	67	59			150	150
1723	34	72			150	150
1724	0	0			109	150
1725	2092	1368			144	130
1726	2	5			150	150
1727	1	1			126	150
1728	0	1			105	150
1729	886	1340			150	150
1730	1	4			150	150
1731	1	0			150	150
1732	4	0			150	150
1733	5	6			123	150
1734	0	2			93	93
1735	0	0			150	150
1736	31	39			142	136
1737	2	0			150	150
1738	34	4			150	129
1739	2	4			150	129
1740	1	51			115	118
1741	15	12			150	123
1742	43	18			150	150
1743	72	29			150	150
1744	0	0			150	150
1745	1	1			143	150
1746	0	0			150	150
1747	4	0			99	126
1748	0	3			99	102
1749	11	0			102	126
1750	11	0			102	129
1751	5	2			150	102
1752	0	0			150	150
1753	97	132			122	143
1754	0	0			150	98
1755	0	0			150	98
1756	63	32			139	150
1757	0	0			150	150
1758	265	286			150	150
1759	191	287			150	150
1760	2	1			150	150
1761	0	0			150	150
1762	0	2			150	150
1763	196	60			135	141
1764	2	2			150	150
1765	0	0			147	127
1766	93	2			150	109
1767	40	0			142	150
1768	1	0			102	99
1769	17	21			150	150
1770	0	0			97	150
1771	36	39			150	150
1772	0	0			93	90
1773	0	90			102	150
1774	0	59			102	150
1775	52	58			150	150
1776	0	0			150	99
1777	1	3			148	78
1778	11	0			123	99
1779	20	15			150	142
1780	36	72			150	150
1781	17	4			144	81
1782	1	0			120	150
1783	103	4			150	150
1784	6	14			150	150
1785	10	0			108	96
1786	1	0			150	96
1787	1	10			150	108
1788	0	0			150	111
1789	0	21			150	150
1790	0	50			150	150
1791	3	11			150	150
1792	4	0			150	150
1793	0	0			150	150
1794	0	0			125	150
1795	2	0			150	150
1796	0	0			150	150
1797	0	0			150	150
1798	21	16			150	138
1799	146	0			150	97
1800	66	114			150	150
1801	36	35			150	150
1802	0	0			150	150
1803	4	5			150	136
1804	1	1			150	117
1805	91	104			150	150
1806	0	0			150	150
1807	0	0			150	150
1808	0	0			150	150
1809	0	0			150	150
1810	0	0			150	150
1811	0	0			150	150
1812	0	0			150	150
1813	3	9			150	150
1814	0	0			150	150
1815	2	39			111	150
1816	9	21			150	150
1817	56	46			150	150
1818	6	6			150	150
1819	138	80			150	144
1820	0	0			150	150
1821	0	0			87	87
1822	1	0			150	150
1823	27	28			150	150
1824	24	34			150	150
1825	287	2			150	150
1826	47	55			150	150
1827	0	1			150	150
1828	0	41			150	150
1829	2	61			150	150
1830	113	0			120	150
1831	45	51			150	150
1832	13	51			150	147
1833	40	56			150	147
1834	1	38			150	150
1835	1	85			150	150
1836	17	48			150	150
1837	1	11			150	150
1838	0	0			150	150
1839	2	3			150	146
1840	0	3			150	146
1841	0	2			150	150
1842	4821	483			150	98
1843	0	0			150	150
1844	0	0			150	150
1845	0	0			150	150
1846	12	10			150	147
1847	14	21			150	136
1848	5	3			150	150
1849	1	0			150	150
1850	24	0			150	150
1851	9	20			135	150
1852	2	86			150	150
1853	0	0			138	150
1854	0	0			138	150
1855	0	0			150	150
1856	0	0			150	138
1857	0	0			150	138
1858	0	0			150	150
1859	67	108			150	150
1860	0	0			139	150
1861	7	12			150	150
1862	2	2			150	150
1863	81	98			150	150
1864	113	81			150	150
1865	0	4			108	150
1866	0	0			144	147
1867	0	0			150	150
1868	264	0			150	150
1869	1	9			150	150
1870	94	69			150	150
1871	4576	6757			150	150
1872	5906	5084			150	150
1873	2229	582			129	93
1874	0	0			83	77
1875	130	299			138	150
1876	0	0			150	133
1877	0	0			150	150
1878	0	0			150	87
1879	0	0			87	150
1880	0	0			150	150
1881	127	110			149	150
1882	1335	1322			150	150
1883	14	17			150	150
1884	13	13			150	150
1885	1	0			150	114
1886	3	5			150	150
1887	0	2			118	150
1888	14	17			150	150
1889	0	0			150	150
1890	8	20			150	150
1891	304	245			150	150
1892	1	2			150	150
1893	1	2			150	150
1894	1	0			150	150
1895	26	44			150	150
1896	26	44			150	150
1897	0	0			150	141
1898	0	0			150	150
1899	0	0			123	150
1900	20	5			150	150
1901	4	197			150	150
1902	3	93			150	150
1903	0	0			150	129
1904	0	4			150	150
1905	0	0			125	150
1906	21	31			150	150
1907	1	33			150	150
1908	1	0			150	129
1909	57	11			150	150
1910	0	0			150	133
1911	29	18			150	150
1912	1	44			150	149
1913	1	77			150	149
1914	0	0			129	150
1915	946	443			150	126
1916	834	698			150	150
1917	17	38			126	150
1918	0	0			130	150
1919	0	0			93	150
1920	11	19			150	150
1921	23	47			150	150
1922	0	1			150	150
1923	2	1			150	150
1924	2	0			150	150
1925	9	9			148	150
1926	11	8			150	148
1927	9	6			150	126
1928	0	2			120	90
1929	0	0			120	90
1930	2	0			90	90
1931	7	7			150	144
1932	0	0			150	98
1933	0	0			150	98
1934	1	35			150	150
1935	0	35			109	150
1936	0	1			109	150
1937	7	61			150	150
1938	7	46			150	150
1939	2	2			150	150
1940	2	0			150	150
1941	4	0			135	149
1942	0	0			150	135
1943	17	0			108	111
1944	0	0			143	134
1945	46	67			114	120
1946	5	1			150	150
1947	0	0			150	140
1948	970	0			150	149
1949	970	40			150	150
1950	4	33			149	150
1951	4	32			149	150
1952	2	1			150	150
1953	36	71			128	150
1954	35	71			150	150
1955	13	20			150	150
1956	0	0			150	150
1957	2	33			150	150
1958	2	33			150	150
1959	2	33			150	150
1960	0	0			150	150
1961	0	0			150	150
1962	0	0			150	150
1963	0	0			150	150
1964	0	0			150	150
1965	0	0			150	150
1966	0	0			150	150
1967	0	0			150	150
1968	0	0			150	150
1969	11	27			149	150
1970	0	0			150	134
1971	4	6			147	150
1972	2	6			150	150
1973	2	4			150	147
1974	3	33			150	150
1975	28	34			150	150
1976	1	3			150	150
1977	0	2			150	150
1978	7	0			150	87
1979	1	0			87	87
1980	3	0			138	150
1981	1	0			138	150
1982	1	0			150	150
1983	1	1			150	138
1984	1	0			150	138
1985	15	200			99	114
1986	122	119			150	150
1987	149	108			150	150
1988	0	0			150	150
1989	2	61			150	150
1990	37	2			150	150
1991	16	2			150	150
1992	524	1			150	150
1993	524	0			150	77
1994	341	235			150	145
1995	1	0			150	77
1996	178	120			145	150
1997	0	0			150	150
1998	0	0			127	127
1999	0	2			150	150
2000	0	0			127	127
2001	0	0			127	127
2002	0	0			127	127
2003	1	64			150	150
2004	0	0			150	126
2005	174	336			150	150
2006	0	0			150	150
2007	14	46			147	150
2008	8	0			135	150
2009	1	0			150	150
2010	1	0			150	150
2011	19	23			116	150
2012	25	53			150	150
2013	21	48			150	150
2014	6	0			87	87
2015	6	0			87	150
2016	0	0			150	103
2017	0	0			150	150
2018	0	0			112	150
2019	295	97			150	130
2020	1	14			150	116
2021	4	14			150	116
2022	1	29			150	150
2023	4	29			150	150
2024	131	142			150	150
2025	0	0			102	99
2026	0	0			150	150
2027	8	2			150	106
2028	20	13			129	141
2029	0	0			150	150
2030	1	0			150	150
2031	21	11			150	150
2032	0	0			150	150
2033	18	2			119	150
2034	1	0			150	150
2035	44	1			136	150
2036	0	0			150	150
2037	0	0			150	150
2038	4	3			150	114
2039	0	59			111	121
2040	38	38			141	150
2041	0	0			150	150
2042	5	15			141	150
2043	5	20			150	150
2044	0	0			99	99
2045	8	0			134	99
2046	5	4			150	134
2047	5	0			150	134
2048	0	0			150	150
2049	167	376			150	150
2050	0	1			83	83
2051	1	0			83	110
2052	1	0			83	83
2053	0	0			110	83
2054	0	0			132	141
2055	0	4			99	99
2056	1	3			120	117
2057	0	2			150	150
2058	0	8			92	95
2059	2094	1329			150	150
2060	3	4			150	150
2061	84	83			150	92
2062	34	83			150	92
2063	0	0			111	150
2064	46	0			150	108
2065	0	0			147	150
2066	0	0			129	150
2067	0	0			129	150
2068	0	0			129	150
2069	0	0			129	150
2070	0	0			129	150
2071	0	0			150	150
2072	0	0			150	150
2073	0	0			150	150
2074	0	0			150	150
2075	0	0			150	150
2076	0	0			150	150
2077	0	0			150	150
2078	0	0			150	150
2079	0	0			150	150
2080	0	0			150	123
2081	16	17			150	150
2082	0	0			150	150
2083	0	0			150	150
2084	6	5			150	138
2085	0	0			150	146
2086	0	64			150	150
2087	3	6			109	143
2088	7	9			150	150
2089	4	286			139	148
2090	0	0			150	144
2091	0	0			150	150
2092	36	60			150	147
2093	2	10			121	150
2094	67	65			150	150
2095	0	6			150	111
2096	19	13			150	150
2097	46	31			150	150
2098	44	48			150	150
2099	0	0			150	150
2100	0	0			150	150
2101	51	3			150	120
2102	0	0			150	150
2103	1	0			150	117
2104	0	34			150	150
2105	0	66			129	150
2106	36	0			150	150
2107	3	5			127	150
2108	2	2			150	109
2109	0	0			94	94
2110	4	1			150	150
2111	98	1025			150	150
2112	0	0			121	133
2113	19	3			145	150
2114	10	14			145	150
2115	0	0			126	150
2116	0	0			119	150
2117	0	0			150	99
2118	0	0			116	99
2119	0	0			116	150
2120	0	0			150	150
2121	0	0			150	150
2122	5	35			150	150
2123	0	0			150	150
2124	0	0			150	150
2125	28	25			150	150
2126	18	15			144	135
2127	0	95			150	150
2128	0	95			150	150
2129	67	80			150	150
2130	0	1			150	150
2131	16	19			138	150
2132	1	0			150	149
2133	31	5			150	150
2134	38	1			135	135
2135	14	49			150	150
2136	16	17			150	108
2137	6	0			150	150
2138	19	41			150	150
2139	0	0			150	150
2140	8	1			150	111
2141	0	5			150	138
2142	0	4			150	150
2143	3	2			150	150
2144	20	0			150	150
2145	0	0			123	150
2146	0	0			143	137
2147	0	0			150	150
2148	276	234			150	150
2149	0	16			78	78
2150	0	0			93	93
2151	59	66			150	150
2152	53	171			150	150
2153	0	115			150	150
2154	42	0			150	150
2155	0	0			90	78
2156	0	0			117	78
2157	135	200			150	150
2158	127	132			144	150
2159	9	10			130	150
2160	136	108			150	150
2161	7	3			150	150
2162	0	0			150	150
2163	3	0			150	150
2164	77	98			150	150
2165	159	71			150	150
2166	4	0			150	150
2167	1	4			150	150
2168	2	3			150	150
2169	0	0			127	150
2170	0	0			150	150
2171	0	0			150	150
2172	0	1			150	150
2173	63	63			150	150
2174	0	0			150	150
2175	14	0			150	150
2176	0	0			150	150
2177	0	1			150	150
2178	2	2			150	137
2179	6	2			150	113
2180	4	2			150	113
2181	4	0			150	113
2182	7	12			150	150
2183	0	0			150	150
2184	2	6			150	150
2185	0	0			150	150
2186	0	0			150	150
2187	0	0			125	150
2188	1	8			150	150
2189	11	14			150	150
2190	1	14			150	150
2191	1	55			150	150
2192	8	17			150	150
2193	1	2			150	150
2194	1	2			150	150
2195	0	4			150	150
2196	407	462			150	150
2197	453	550			150	150
2198	37	16			150	126
2199	106	134			150	150
2200	26	56			150	150
2201	2	2			124	117
2202	0	0			150	150
2203	5	2			132	120
2204	8	8			141	138
2205	0	3			93	93
2206	0	2			90	150
2207	0	0			131	141
2208	3	177			150	96
2209	2	0			150	150
2210	1	14			150	150
2211	0	0			150	150
2212	0	1			150	150
2213	0	0			150	150
2214	0	0			150	150
2215	0	0			150	150
2216	2	0			81	150
2217	31	18			147	150
2218	0	0			150	150
2219	4	6			150	150
2220	0	0			145	150
2221	0	0			130	150
2222	0	0			138	120
2223	25	0			150	127
2224	8	7			119	125
2225	127	150			150	150
2226	0	0			150	150
2227	0	0			81	81
2228	12	9			150	150
2229	0	0			150	150
2230	5	9			150	150
2231	112	144			150	150
2232	20	37			150	112
2233	0	0			150	150
2234	0	0			150	150
2235	0	12			150	115
2236	0	0			150	150
2237	0	0			145	150
2238	191	27			150	150
2239	12	0			150	144
2240	0	1			123	150
2241	0	1			93	93
2242	0	0			150	137
2243	15	9			150	150
2244	0	0			150	135
2245	0	0			150	133
2246	0	0			133	150
2247	39	12			150	121
2248	10	1			126	126
2249	10	12			126	138
2250	5	14			126	138
2251	1	21			149	150
2252	9	27			150	150
2253	10	14			150	150
2254	0	0			150	150
2255	22	48			150	150
2256	22	16			150	150
2257	23	5			150	117
2258	1	11			150	150
2259	2129	18			150	150
2260	1308	1267			150	145
2261	17	11			150	150
2262	29	54			146	149
2263	1	24			150	150
2264	3	4969			150	150
2265	40	45			150	150
2266	70	68			150	150
2267	0	0			150	150
2268	101	117			144	132
2269	7	10			142	113
2270	92	86			150	150
2271	14	14			150	150
2272	0	0			150	150
2273	2292	75			150	150
2274	11	9			150	150
2275	0	1			150	150
2276	100	3			150	150
2277	0	0			150	125
2278	5	11			150	150
2279	0	0			150	150
2280	11	0			150	150
2281	11	0			150	150
2282	149	250			150	150
2283	55	119			147	150
2284	0	0			150	98
2285	0	0			150	98
2286	0	0			150	150
2287	0	0			150	150
2288	0	1			150	150
2289	0	0			150	150
2290	1	0			150	150
2291	0	0			150	114
2292	1	39			150	150
2293	0	0			123	150
2294	31	26			137	150
2295	0	0			96	99
2296	0	0			150	150
2297	0	0			150	125
2298	10	13			150	150
2299	15	9			150	150
2300	13	14			147	147
2301	3	13			147	147
2302	0	0			150	150
2303	61	41			150	150
2304	2	2			150	150
2305	1	2			150	150
2306	0	0			94	94
2307	0	0			87	87
2308	0	0			87	87
2309	0	0			87	87
2310	0	0			150	150
2311	8	4			150	150
2312	58	0			150	150
2313	7	15			150	150
2314	8	11			138	150
2315	0	0			150	150
2316	0	0			150	150
2317	0	0			150	150
2318	0	0			141	150
2319	0	0			141	150
2320	2	0			150	150
2321	7	9			150	144
2322	37	0			150	150
2323	2	19			126	150
2324	11	7			150	150
2325	9	1			150	150
2326	9	19			150	146
2327	9	16			150	137
2328	1	19			150	146
2329	1	16			150	137
2330	28	15			150	149
2331	36	52			150	147
2332	0	0			123	150
2333	18	1			138	150
2334	6	2			150	150
2335	2	1			150	150
2336	2	0			150	150
2337	1	0			150	150
2338	0	0			150	150
2339	115	3			145	147
2340	9	12			150	147
2341	9	7			150	150
2342	0	11			146	147
2343	39	34			136	150
2344	39	72			136	150
2345	19	1			150	150
2346	9	57			150	150
2347	34	72			150	150
2348	4	1			150	150
2349	1	0			150	150
2350	1	0			150	150
2351	0	0			150	150
2352	9	6			150	150
2353	45	50			150	150
2354	35	45			150	150
2355	0	0			150	150
2356	1	0			144	150
2357	0	0			150	150
2358	0	2			131	150
2359	0	0			125	122
2360	22	29			150	150
2361	4	16			150	150
2362	22	15			144	150
2363	0	0			109	143
2364	0	0			150	150
2365	187	10			150	150
2366	2	0			150	150
2367	0	0			150	150
2368	0	4			126	148
2369	0	7			126	148
2370	0	3			126	148
2371	7	3			148	148
2372	6	2			148	148
2373	19	21			150	104
2374	17	11			150	150
2375	80	102			150	150
2376	88	110			150	150
2377	0	1			150	150
2378	48	0			150	150
2379	11	19			150	150
2380	8	103			120	117
2381	0	0			150	150
2382	0	0			150	150
2383	3	2			150	150
2384	6	9			150	118
2385	5	5			150	127
2386	0	30			150	150
2387	0	0			150	150
2388	0	1			150	150
2389	0	0			140	150
2390	0	0			123	140
2391	0	3			150	150
2392	363	469			150	150
2393	19	2			150	150
2394	0	0			123	150
2395	13	5			150	150
2396	73	47			150	150
2397	157	133			150	138
2398	120	176			150	150
2399	122	117			145	136
2400	0	0			147	150
2401	78	363			134	150
2402	3	1			150	150
2403	2	1			150	150
2404	2	2			150	150
2405	1	2			130	150
2406	19	2			150	150
2407	19	2			150	150
2408	19	1			150	130
2409	79	0			150	103
2410	54	46			143	150
2411	0	40			150	150
2412	0	2			150	150
2413	0	1			142	116
2414	0	0			150	150
2415	6	19			110	150
2416	2	10			150	122
2417	0	0			150	148
2418	0	0			150	150
2419	17	0			150	150
2420	0	0			150	150
2421	4	149			150	150
2422	6	6			126	150
2423	0	0			150	150
2424	19	26			150	150
2425	31	21			150	139
2426	43	75			150	149
2427	4	21			150	150
2428	0	0			96	102
2429	0	0			96	96
2430	67	189			150	150
2431	22	0			87	87
2432	0	0			150	150
2433	0	0			150	150
2434	0	0			132	150
2435	0	0			150	150
2436	0	0			150	121
2437	0	0			109	150
2438	0	1			150	150
2439	1	1			150	150
2440	1	1			150	150
2441	0	1			150	150
2442	1	0			150	150
2443	1	0			150	150
2444	0	0			150	150
2445	1	1			150	150
2446	0	1			150	150
2447	0	1			150	150
2448	0	0			123	150
2449	22	40			136	150
2450	418	471			150	150
2451	15	1			90	150
2452	25	44			145	136
2453	0	0			129	129
2454	3	19			150	150
2455	0	0			78	78
2456	0	0			78	78
2457	0	0			78	78
2458	25	22			150	111
2459	0	0			150	150
2460	0	0			150	150
2461	2	0			150	150
2462	35	54			150	150
2463	18	26			150	150
2464	0	0			96	150
2465	0	0			150	147
2466	13	4			150	150
2467	0	1			150	147
2468	2	1			141	135
2469	18	33			128	146
2470	0	0			150	150
2471	4	0			150	108
2472	5	3			150	150
2473	0	0			150	150
2474	0	0			150	150
2475	27	36			111	150
2476	32	12			150	105
2477	18	12			117	105
2478	1	1			150	148
2479	38	55			150	150
2480	101	85			150	150
2481	9	4			101	130
2482	14	8			150	150
2483	5	12			150	150
2484	0	12			150	150
2485	576	1185			150	150
2486	936	1139			150	150
2487	5	1125			150	150
2488	1176	833			150	150
2489	976	16			150	150
2490	978	935			150	150
2491	666	424			150	150
2492	666	184			150	150
2493	0	16			119	150
2494	0	0			150	150
2495	0	0			123	150
2496	0	0			150	150
2497	132	118			150	150
2498	0	0			150	132
2499	0	0			138	150
2500	6	154			101	150
2501	0	0			150	150
2502	0	0			150	150
2503	0	0			150	150
2504	0	0			148	150
2505	0	0			150	150
2506	0	0			138	140
2507	0	0			150	150
2508	0	0			128	150
2509	0	0			150	150
2510	1	0			150	98
2511	1	0			150	98
2512	3	1			150	150
2513	12	23			150	150
2514	12	1			150	150
2515	18	30			150	150
2516	0	0			147	141
2517	4	4			150	150
2518	13	1			150	129
2519	3	0			96	96
2520	4	2			150	150
2521	0	55			150	128
2522	27	33			123	146
2523	31	24			141	123
2524	0	3			129	149
2525	2	9			150	139
2526	1	4			150	150
2527	217	101			140	150
2528	40	122			150	150
2529	0	0			147	141
2530	1	0			150	150
2531	12	3			150	150
2532	1	0			150	130
2533	5	7			150	150
2534	0	0			150	150
2535	0	0			150	150
2536	102	84			150	150
2537	0	0			110	150
2538	0	0			150	150
2539	15	11			125	150
2540	79	35930			150	150
2541	30	35913			150	150
2542	0	1			150	114
2543	0	0			102	132
2544	8	1			150	150
2545	0	0			150	150
2546	237	225			150	150
2547	2	11			150	150
2548	20	23			150	150
2549	0	1			150	150
2550	2	1			150	150
2551	11	0			150	116
2552	10	0			132	116
2553	1	9			150	150
2554	6	3			120	144
2555	22	109			150	150
2556	0	11			81	150
2557	26	24			150	150
2558	2	2			150	135
2559	3	2			132	150
2560	1	0			150	147
2561	0	0			145	150
2562	165	172			150	150
2563	0	0			150	150
2564	1	3			150	150
2565	0	1			116	150
2566	1	0			87	150
2567	0	0			150	103
2568	0	0			150	150
2569	0	0			150	150
2570	45	52			150	150
2571	2	0			150	150
2572	3	197			150	128
2573	0	0			150	150
2574	0	1			150	148
2575	3	7			150	150
2576	3	3			150	112
2577	0	0			150	150
2578	23	0			145	150
2579	1	1			150	150
2580	0	0			105	147
