ID	IJC_SAMPLE_1	SJC_SAMPLE_1	IJC_SAMPLE_2	SJC_SAMPLE_2	IncFormLen	SkipFormLen
0	0	0			79	75
1	0	0			86	75
2	0	0			79	75
3	0	0			122	75
4	0	0			99	75
5	0	0			109	75
6	0	0			87	75
7	0	0			150	75
8	0	0			96	75
9	0	0			117	75
10	0	0			121	75
11	0	0			150	75
12	0	0			130	75
13	0	0			150	75
14	0	0			150	75
15	0	0			150	75
16	0	0			82	75
17	0	0			150	75
18	0	0			125	75
19	0	0			78	75
20	0	0			79	75
21	0	0			123	75
22	0	0			122	75
23	0	0			99	75
24	0	0			109	75
25	0	0			150	75
26	0	0			96	75
27	0	0			117	75
28	0	0			150	75
29	0	0			130	75
30	0	0			133	75
31	0	0			150	75
32	0	0			100	75
33	0	0			93	75
34	0	0			150	75
35	0	0			150	75
36	0	0			82	75
37	0	0			93	75
38	0	0			139	75
39	0	0			125	75
40	0	0			92	75
41	0	0			123	75
42	0	0			122	75
43	0	0			87	75
44	0	0			121	75
45	0	0			150	75
46	0	0			150	75
47	0	0			150	75
48	0	0			130	75
49	0	0			120	75
50	0	0			150	75
51	0	0			133	75
52	0	0			93	75
53	0	0			92	75
54	0	0			78	75
55	0	0			97	75
56	0	0			97	75
57	0	0			79	75
58	0	0			123	75
59	0	0			130	75
60	0	0			120	75
61	0	0			150	75
62	0	0			133	75
63	0	0			123	75
64	0	0			97	75
65	0	0			97	75
66	0	0			150	75
67	0	0			150	75
68	0	0			150	75
69	0	0			82	75
70	0	0			95	75
71	0	0			125	75
72	0	0			92	75
73	0	0			87	75
74	0	0			150	75
75	0	0			139	75
76	0	0			96	75
77	0	0			117	75
78	0	0			150	75
79	0	0			150	75
80	0	0			130	75
81	0	0			120	75
82	0	0			133	75
83	0	0			150	75
84	0	0			100	75
85	0	0			97	75
86	0	0			97	75
87	0	0			150	75
88	0	0			150	75
89	0	0			82	75
90	0	0			150	75
91	0	0			139	75
92	0	0			125	75
93	0	0			78	75
94	0	0			79	75
95	0	0			123	75
96	0	0			122	75
97	0	0			150	75
98	0	0			139	75
99	0	0			117	75
100	0	0			150	75
101	0	0			150	75
102	0	0			130	75
103	0	0			120	75
104	0	0			133	75
105	0	0			150	75
106	0	0			100	75
107	0	0			150	75
108	0	0			150	75
109	0	0			82	75
110	0	0			150	75
111	0	0			78	75
112	0	0			123	75
113	0	0			122	75
114	0	0			99	75
115	0	0			109	75
116	0	0			117	75
117	0	0			150	75
118	0	0			150	75
119	0	0			82	75
120	0	0			150	75
121	0	0			93	75
122	0	0			139	75
123	0	0			150	75
124	0	0			150	75
125	0	0			150	75
126	0	0			88	75
127	0	0			110	75
128	0	0			150	75
129	0	0			150	75
130	0	0			150	75
131	0	0			150	75
132	0	0			150	75
133	0	0			79	75
134	0	0			83	75
135	0	0			149	75
136	0	0			141	75
137	0	0			146	75
138	0	0			85	75
139	0	0			146	75
140	0	0			85	75
141	0	0			150	75
142	0	0			146	75
143	0	0			150	75
144	0	0			79	75
145	0	0			150	75
146	0	0			150	75
147	0	0			83	75
148	0	0			149	75
149	0	0			141	75
150	0	0			150	75
151	0	0			150	75
152	0	0			146	75
153	0	0			150	75
154	0	0			150	75
155	0	0			79	75
156	0	0			150	75
157	0	0			150	75
158	0	0			150	75
159	0	0			150	75
160	0	0			85	75
161	0	0			87	75
162	0	0			82	75
163	0	0			80	75
164	0	0			78	75
165	0	0			150	75
166	0	0			150	75
167	0	0			89	75
168	0	0			150	75
169	0	0			150	75
170	0	0			95	75
171	0	0			86	75
172	0	0			105	75
173	0	0			81	75
174	0	0			123	75
175	0	0			115	75
176	0	0			84	75
177	0	0			150	75
178	0	0			144	75
179	0	0			150	75
180	0	0			85	75
181	0	0			92	75
182	0	0			79	75
183	0	0			150	75
184	0	0			148	75
185	0	0			89	75
186	0	0			150	75
187	0	0			78	75
188	0	0			108	75
189	0	0			150	75
190	0	0			93	75
191	0	0			150	75
192	0	0			150	75
193	0	0			140	75
194	0	0			150	75
195	0	0			150	75
196	0	0			99	75
197	0	0			81	75
198	0	0			126	75
199	0	0			117	75
200	0	0			150	75
201	0	0			150	75
202	0	0			93	75
203	0	0			150	75
204	0	0			121	75
205	0	0			93	75
206	0	0			78	75
207	0	0			150	75
208	0	0			126	75
209	0	0			116	75
210	0	0			150	75
211	0	0			150	75
212	0	0			79	75
213	0	0			150	75
214	0	0			78	75
215	0	0			94	75
216	0	0			87	75
217	0	0			93	75
218	0	0			81	75
219	0	0			150	75
220	0	0			78	75
221	0	0			150	75
222	0	0			150	75
223	0	0			150	75
224	0	0			81	75
225	0	0			150	75
226	0	0			108	75
227	0	0			150	75
228	0	0			90	75
229	0	0			112	75
230	0	0			150	75
231	0	0			150	75
232	0	0			102	75
233	0	0			80	75
234	0	0			150	75
235	0	0			102	75
236	0	0			76	75
237	0	0			91	75
238	0	0			150	75
239	0	0			150	75
240	0	0			150	75
241	0	0			96	75
242	0	0			92	75
243	0	0			84	75
244	0	0			150	75
245	0	0			150	75
246	0	0			150	75
247	0	0			150	75
248	0	0			148	75
249	0	0			150	75
250	0	0			84	75
251	0	0			150	75
252	0	0			150	75
253	0	0			150	75
254	0	0			79	75
255	0	0			142	75
256	0	0			85	75
257	0	0			150	75
258	0	0			150	75
259	0	0			102	75
260	0	0			108	75
261	0	0			150	75
262	0	0			123	75
263	0	0			150	75
264	0	0			98	75
265	0	0			150	75
266	0	0			150	75
267	0	0			145	75
268	0	0			150	75
269	0	0			150	75
270	0	0			105	75
271	0	0			150	75
272	0	0			150	75
273	0	0			79	75
274	0	0			100	75
275	0	0			96	75
276	0	0			140	75
277	0	0			150	75
278	188	0			150	75
279	202	1			93	75
280	30	0			150	75
281	1	0			78	75
282	17	0			150	75
283	49	19			79	75
284	13	240			126	75
285	0	0			79	75
286	0	0			147	75
287	0	0			150	75
288	0	0			150	75
289	7	0			150	75
290	0	0			150	75
291	0	0			150	75
292	0	0			150	75
293	0	15			78	75
294	0	0			106	75
295	5	9			150	75
296	0	4			79	75
297	5	44			150	75
298	0	0			87	75
299	15	0			134	75
300	21	0			150	75
301	4	5			150	75
302	0	0			79	75
303	1	1			150	75
304	2	6			150	75
305	0	151			85	75
306	2	0			139	75
307	3	3			87	75
308	0	0			150	75
309	0	0			150	75
310	0	6			86	75
311	0	2			81	75
312	19	3			150	75
313	7	0			150	75
314	11	5			108	75
315	21	0			150	75
316	0	0			150	75
317	0	0			105	75
318	0	0			79	75
319	19	1			150	75
320	0	13			125	75
321	16	0			96	75
322	7	3			111	75
323	3	1			81	75
324	5	8			86	75
325	5	28			78	75
326	0	0			126	75
327	0	0			126	75
328	11	2			150	75
329	0	1			150	75
330	97	38			120	75
331	20	0			102	75
332	308	10			102	75
333	30	29			84	75
334	0	0			76	75
335	0	0			91	75
336	0	0			91	75
337	0	0			91	75
338	0	0			87	75
339	0	0			128	75
340	1	3			150	75
341	3	44			90	75
342	0	0			139	75
343	13	0			150	75
344	14	1			150	75
345	26	0			102	75
346	10	32			78	75
347	0	11			79	75
348	37	0			150	75
349	0	0			146	75
350	1	8			150	75
351	0	0			81	75
352	1	2			84	75
353	6	2			90	75
354	47	0			150	75
355	0	0			119	75
356	0	0			150	75
357	0	0			79	75
358	0	0			99	75
359	0	1			105	75
360	1	0			81	75
361	0	15			79	75
362	14	0			90	75
363	1	0			79	75
364	1	0			109	75
365	0	0			111	75
366	0	9			107	75
367	2	0			150	75
368	0	0			108	75
369	27	31			130	75
370	0	0			105	75
371	10	178			150	75
372	0	0			115	75
373	0	179			146	75
374	0	0			150	75
375	5	15			126	75
376	0	0			111	75
377	46	1			93	75
378	3	30			78	75
379	0	0			119	75
380	36	1			111	75
381	0	0			133	75
382	707	0			150	75
383	16	1			84	75
384	47	1			150	75
385	4	46			150	75
386	0	54			150	75
387	0	36			89	75
388	28	63			126	75
389	0	87			90	75
390	30	0			130	75
391	3	3			80	75
392	0	0			150	75
393	1	0			111	75
394	0	0			88	75
395	0	0			150	75
396	198	1			150	75
397	18	0			123	75
398	12	0			150	75
399	1	1			82	75
400	0	0			150	75
401	0	0			150	75
402	0	0			150	75
403	0	0			150	75
404	0	0			98	75
405	0	0			150	75
406	0	0			85	75
407	0	0			150	75
408	0	0			150	75
409	0	0			142	75
410	0	0			78	75
411	4	24			86	75
412	23	44			150	75
413	7	43			98	75
414	12	2			137	75
415	0	5			135	75
416	43	0			150	75
417	27	0			150	75
418	45	2			108	75
419	0	4			150	75
420	0	0			150	75
421	8	39			150	75
422	6	27			150	75
423	19	388			150	75
424	16	0			142	75
425	0	2			150	75
426	0	0			137	75
427	0	0			82	75
428	6	1			83	75
429	2	47			150	75
430	26	2			150	75
431	49	1			150	75
432	7	0			95	75
433	4	0			150	75
434	0	0			150	75
435	7	2411			150	75
436	13	0			150	75
437	1	32			79	75
438	6	11			92	75
439	18	7			84	75
440	9	7			127	75
441	9	18			118	75
442	0	0			123	75
443	0	0			79	75
444	35	2			150	75
445	1	0			107	75
446	0	0			79	75
447	0	0			132	75
448	0	0			76	75
449	185	0			150	75
450	8	2			111	75
451	54	3			102	75
452	16	5			150	75
453	1	0			95	75
454	2	0			150	75
455	0	2			85	75
456	2	21			101	75
457	0	5			150	75
458	18	408			150	75
459	0	0			96	75
460	0	0			93	75
461	0	0			110	75
462	6	26			150	75
463	90	2			150	75
464	76	0			123	75
465	0	0			101	75
466	0	0			150	75
467	0	22			113	75
468	0	0			94	75
469	0	0			150	75
470	45	0			84	75
471	2	105			150	75
472	2	0			150	75
473	6	3			87	75
474	9	15			150	75
475	0	12			143	75
476	0	0			82	75
477	3	0			150	75
478	5	175			150	75
479	2	10			150	75
480	0	0			79	75
481	0	0			79	75
482	25	1			150	75
483	0	3			86	75
484	0	0			86	75
485	0	0			86	75
486	7	1			150	75
487	0	0			76	75
488	3	58			146	75
489	1	0			150	75
490	40	2			150	75
491	1	0			150	75
492	1	0			115	75
493	2	0			131	75
494	63	486			141	75
495	0	21			121	75
496	375	0			150	75
497	0	0			78	75
498	3	44			150	75
499	50	12			131	75
500	0	0			79	75
501	0	0			150	75
502	0	0			91	75
503	0	0			145	75
504	1	0			150	75
505	0	3			133	75
506	47	0			78	75
507	1	0			150	75
508	0	0			92	75
509	0	168			150	75
510	6	33			150	75
511	0	0			150	75
512	44	0			126	75
513	1	29			118	75
514	0	0			150	75
515	2	0			150	75
516	1	0			81	75
517	0	0			79	75
518	12	0			150	75
519	0	0			150	75
520	4	3			150	75
521	0	0			124	75
522	3	6			150	75
523	7	0			150	75
524	12	17			150	75
525	78	1			150	75
526	0	0			150	75
527	9	79			150	75
528	399	12677			120	75
529	8	34			96	75
530	0	332			96	75
531	0	1			79	75
532	0	0			150	75
533	0	0			83	75
534	1	0			149	75
535	1	0			141	75
536	0	0			87	75
537	1	0			79	75
538	0	3			150	75
539	0	4			150	75
540	9	0			150	75
541	0	4			92	75
542	0	0			84	75
543	0	6			150	75
544	36	196			105	75
545	12	16			77	75
546	0	0			150	75
547	0	0			150	75
548	0	0			150	75
549	0	0			150	75
550	0	0			79	75
551	28	0			150	75
552	11	15			147	75
553	0	0			150	75
554	0	0			87	75
555	0	0			139	75
556	4	5			90	75
557	15	2745			150	75
558	42	3319			99	75
559	6	0			150	75
560	16	0			109	75
561	0	16			80	75
562	58	0			150	75
563	1	2			112	75
564	1	0			142	75
565	1	3			79	75
566	11	0			114	75
567	149	0			137	75
568	57	0			150	75
569	2	93			116	75
570	0	0			94	75
571	10	9			150	75
572	3	9			150	75
573	0	7			77	75
574	1	1			150	75
575	32	0			90	75
576	3	0			79	75
577	1	0			86	75
578	0	0			126	75
579	0	23			105	75
580	0	0			84	75
581	0	12			137	75
582	0	2			123	75
583	0	0			123	75
584	9	2			117	75
585	43	2			91	75
586	33	24			79	75
587	0	3			109	75
588	24	0			150	75
589	9	37			133	75
590	0	1			85	75
591	1	23			150	75
592	0	0			97	75
593	0	1			150	75
594	10	0			90	75
595	0	471			150	75
596	104	0			150	75
597	0	12			150	75
598	326	1			112	75
599	0	0			121	75
600	0	0			150	75
601	0	0			85	75
602	41	1			150	75
603	34	121			150	75
604	2	20			150	75
605	14	111			128	75
606	1	0			150	75
607	11	0			114	75
608	3	0			78	75
609	4	0			114	75
610	1	0			111	75
611	5	0			96	75
612	51	0			150	75
613	1304	1			85	75
614	4	1			150	75
615	0	0			150	75
616	2	10			108	75
617	0	20			87	75
618	6	1			112	75
619	1	0			112	75
620	0	0			150	75
621	1	1			87	75
622	163	0			124	75
623	15	0			150	75
624	2	0			93	75
625	3	11			109	75
626	1	11			91	75
627	2	1			82	75
628	22	0			82	75
629	0	0			84	75
630	1	0			141	75
631	0	0			84	75
632	108	1			150	75
633	0	0			80	75
634	5581	0			141	75
635	97	2375			148	75
636	47	0			148	75
637	23	2410			150	75
638	2	0			113	75
639	5	0			150	75
640	25	0			117	75
641	1	0			77	75
642	0	0			85	75
643	0	0			150	75
644	0	5			84	75
645	1	0			150	75
646	0	79			93	75
647	61	6			150	75
648	21	0			150	75
649	21	0			150	75
650	9	0			150	75
651	0	0			144	75
652	25	1			96	75
653	2	1			150	75
654	0	6			150	75
655	0	90			81	75
656	56	0			98	75
657	0	0			150	75
658	0	0			78	75
659	19	161			79	75
660	32	76			150	75
661	140	0			150	75
662	3	3			80	75
663	59	0			150	75
664	0	0			85	75
665	95	0			79	75
666	1	44			150	75
667	32	1			92	75
668	0	0			124	75
669	1	0			79	75
670	0	206			150	75
671	141	1			150	75
672	314	4			150	75
673	6	12			96	75
674	10	11			150	75
675	9	12			91	75
676	5	8			82	75
677	0	0			110	75
678	0	0			150	75
679	2	0			150	75
680	91	0			110	75
681	10	1			86	75
682	88	1			119	75
683	78	0			108	75
684	177	70			116	75
685	431	2			96	75
686	35	0			150	75
687	3	0			150	75
688	229	1007			150	75
689	1133	2			79	75
690	2	0			79	75
691	3	0			150	75
692	1	2			82	75
693	4	2			150	75
694	3	0			150	75
695	0	0			89	75
696	2	7			150	75
697	9	9			83	75
698	1	0			86	75
699	5	18			150	75
700	0	0			150	75
701	0	0			83	75
702	0	0			150	75
703	41	38			90	75
704	0	37			86	75
705	26	0			150	75
706	5	0			150	75
707	5	0			150	75
708	1	32			79	75
709	2	0			150	75
710	0	0			78	75
711	0	0			78	75
712	0	0			105	75
713	0	0			102	75
714	0	0			105	75
715	0	0			78	75
716	2	0			150	75
717	0	8			79	75
718	0	6			97	75
719	0	0			79	75
720	61	2			110	75
721	91	0			77	75
722	0	0			105	75
723	0	0			150	75
724	3	14			150	75
725	3	0			124	75
726	5	17			85	75
727	23	1			150	75
728	290	0			150	75
729	0	0			117	75
730	1	0			150	75
731	83	4			150	75
732	1	0			123	75
733	0	0			150	75
734	0	2			79	75
735	0	0			118	75
736	20	0			150	75
737	15	0			77	75
738	2	566			84	75
739	76	2			150	75
740	1	6			137	75
741	58	0			148	75
742	0	0			85	75
743	0	0			94	75
744	1	0			150	75
745	0	33			93	75
746	11	10			87	75
747	0	0			81	75
748	57	0			99	75
749	1	20			82	75
750	3	14			98	75
751	18	0			117	75
752	4	749			128	75
753	0	0			132	75
754	0	0			79	75
755	2	22			112	75
756	0	9			115	75
757	0	0			86	75
758	0	0			114	75
759	3	19			150	75
760	3	21			84	75
761	68	0			125	75
762	1	17			85	75
763	10	0			79	75
764	0	0			117	75
765	0	0			150	75
766	1	21			136	75
767	5	0			82	75
768	0	0			90	75
769	0	0			150	75
770	0	0			150	75
771	0	0			150	75
772	0	0			79	75
773	0	0			134	75
774	0	0			85	75
775	0	0			150	75
776	1	251			105	75
777	0	1			150	75
778	3	34			150	75
779	1	0			114	75
780	2	0			150	75
781	4	8			93	75
782	0	10			114	75
783	284	0			150	75
784	0	0			87	75
785	18	2			150	75
786	152	3			150	75
787	2	1			150	75
788	727	111			90	75
789	0	72			150	75
790	7	0			113	75
791	13	0			79	75
792	13	10			150	75
793	24	0			80	75
794	75	1			90	75
795	5	18			150	75
796	39	0			100	75
797	5	484			113	75
798	2	1			77	75
799	4	0			123	75
800	1	4			84	75
801	13	19			150	75
802	5	0			79	75
803	0	2			90	75
804	0	8			84	75
805	6	0			150	75
806	0	15			150	75
807	228	0			111	75
808	3	3			79	75
809	0	0			79	75
810	12	222			82	75
811	1	257			134	75
812	0	28			111	75
813	15	0			106	75
814	12	2			132	75
815	3	7			83	75
816	0	7			82	75
817	0	0			150	75
818	0	0			77	75
819	0	171			79	75
820	0	6			150	75
821	13	7			82	75
822	4	7			79	75
823	765	1			150	75
824	1	1			149	75
825	0	0			150	75
826	18	0			104	75
827	0	0			128	75
828	2	1			150	75
829	0	0			123	75
830	0	1			133	75
831	0	1			85	75
832	2	2			78	75
833	12	0			150	75
834	0	0			150	75
835	3	0			115	75
836	2	0			133	75
837	1	2			93	75
838	5	13			108	75
839	155	0			150	75
840	138	4			150	75
841	56	4			150	75
842	56	2			150	75
843	8	12			81	75
844	23	0			150	75
845	3	95			112	75
846	1	134			150	75
847	1	1			90	75
848	23	1			150	75
849	33	7			150	75
850	3	24			87	75
851	11	0			128	75
852	3	0			150	75
853	418	105			145	75
854	0	1			97	75
855	0	0			131	75
856	6	20			101	75
857	0	8			150	75
858	65	0			141	75
859	0	0			100	75
860	0	13			150	75
861	118	0			124	75
862	0	0			150	75
863	3	52			150	75
864	2	0			150	75
865	2	28			150	75
866	0	28			150	75
867	0	0			150	75
868	0	0			150	75
869	416	0			138	75
870	135	5			79	75
871	16	0			150	75
872	9	79			123	75
873	2	207			89	75
874	4	163			114	75
875	1	0			127	75
876	0	0			150	75
877	1	0			150	75
878	0	0			145	75
879	1	0			150	75
880	1	0			150	75
881	1	0			127	75
882	2	0			127	75
883	6	0			150	75
884	2	0			97	75
885	0	0			81	75
886	5	0			150	75
887	4	0			150	75
888	83	0			150	75
889	1	97			118	75
890	25	37			97	75
891	10	0			102	75
892	23	0			102	75
893	0	0			80	75
894	2	11			80	75
895	99	0			137	75
896	97	10			150	75
897	2	0			92	75
898	0	5			90	75
899	1	0			150	75
900	36	1			80	75
901	5	31			141	75
902	79	1			150	75
903	2	10			136	75
904	619	0			105	75
905	10	373			150	75
906	0	0			150	75
907	1	66			138	75
908	0	0			150	75
909	0	0			150	75
910	2	9			150	75
911	0	0			150	75
912	0	6			150	75
913	1	0			91	75
914	5	8			150	75
915	2	12			150	75
916	0	0			86	75
917	0	0			150	75
918	2	0			139	75
919	0	0			119	75
920	0	0			150	75
921	0	0			79	75
922	4	124			115	75
923	113	8			84	75
924	57	3			112	75
925	2	26			150	75
926	0	0			150	75
927	6	5			81	75
928	12	0			150	75
929	2	60			150	75
930	145	0			150	75
931	2	26			79	75
932	37	6			99	75
933	4	0			87	75
934	7	0			78	75
935	0	0			131	75
936	1	16			137	75
937	13	0			150	75
938	19	0			107	75
939	86	1			150	75
940	7	22			138	75
941	7	36			150	75
942	11	99			150	75
943	54	0			150	75
944	0	0			150	75
945	0	0			150	75
946	3	0			80	75
947	0	0			150	75
948	0	0			150	75
949	3	0			79	75
950	0	0			150	75
951	35	1			80	75
952	1	26			91	75
953	34	0			83	75
954	0	0			103	75
955	0	0			115	75
956	0	0			87	75
957	8	2187			150	75
958	47	1			114	75
959	44	0			150	75
960	452	0			150	75
961	4	27			150	75
962	28	0			150	75
963	5	0			150	75
964	0	1			78	75
965	75	0			80	75
966	59	0			80	75
967	2	2			150	75
968	0	0			114	75
969	0	0			80	75
970	0	3			93	75
971	0	620			150	75
972	0	0			87	75
973	15	0			150	75
974	4	2			141	75
975	4	26			150	75
976	7	15			121	75
977	3	10			139	75
978	3	92			150	75
979	25	6			81	75
980	54	0			150	75
981	1	0			101	75
982	2	11			150	75
983	401	0			150	75
984	0	59			150	75
985	0	0			137	75
986	1	14			87	75
987	0	0			150	75
988	37	2			84	75
989	0	14			110	75
990	8	1			108	75
991	0	0			111	75
992	0	1			131	75
993	0	1			95	75
994	137	26			78	75
995	0	0			88	75
996	20	0			105	75
997	0	0			93	75
998	0	5			89	75
999	61	7			102	75
1000	0	51			85	75
1001	2	2			150	75
1002	0	0			150	75
1003	4	23			150	75
1004	107	0			111	75
1005	21	3			99	75
1006	22	2			93	75
1007	22	2			93	75
1008	15	68			84	75
1009	9	1			130	75
1010	11	1			107	75
1011	27	2			150	75
1012	3	0			150	75
1013	0	2			135	75
1014	1	0			79	75
1015	19	0			150	75
1016	0	0			100	75
1017	0	0			82	75
1018	8	3			115	75
1019	0	0			123	75
1020	14	0			108	75
1021	97	5			121	75
1022	1	2			150	75
1023	0	27			80	75
1024	1	3			150	75
1025	1	0			110	75
1026	0	0			144	75
1027	0	0			150	75
1028	0	0			81	75
1029	0	0			84	75
1030	0	60			150	75
1031	3	0			113	75
1032	0	2			106	75
1033	60	2			132	75
1034	0	0			94	75
1035	0	1			94	75
1036	0	4			79	75
1037	5	12			150	75
1038	1	1			150	75
1039	0	31			150	75
1040	0	0			81	75
1041	48	0			103	75
1042	0	22			150	75
1043	34	1			108	75
1044	12	0			143	75
1045	0	26			80	75
1046	2	14			150	75
1047	0	0			142	75
1048	0	0			123	75
1049	0	0			123	75
1050	3	0			150	75
1051	0	0			150	75
1052	247	0			150	75
1053	5	26			101	75
1054	37	0			120	75
1055	65	0			121	75
1056	14	5			123	75
1057	29	0			134	75
1058	0	1			79	75
1059	0	5			87	75
1060	1	5			131	75
1061	1	0			119	75
1062	370	5			123	75
1063	4	0			150	75
1064	1	0			150	75
1065	1	627			106	75
1066	5	48			96	75
1067	18	6			90	75
1068	0	0			92	75
1069	0	0			150	75
1070	1	29			82	75
1071	61	0			130	75
1072	34	0			148	75
1073	0	27			93	75
1074	75	0			107	75
1075	0	0			93	75
1076	5	144			150	75
1077	139	2			95	75
1078	17	23			90	75
1079	2	3			103	75
1080	11	179			150	75
1081	0	0			85	75
1082	0	0			139	75
1083	157	5			150	75
1084	269	5			150	75
1085	146	4			85	75
1086	20	41			150	75
1087	0	0			150	75
1088	219	0			150	75
1089	24	0			150	75
1090	0	0			84	75
1091	0	0			81	75
1092	2	0			94	75
1093	0	0			92	75
1094	4	0			144	75
1095	4	2			94	75
1096	13	2			81	75
1097	2	0			150	75
1098	7	0			126	75
1099	0	2			80	75
1100	0	0			81	75
1101	168	0			150	75
1102	13	0			150	75
1103	3	0			90	75
1104	59	1			150	75
1105	66	2			139	75
1106	0	0			150	75
1107	0	0			94	75
1108	12	0			150	75
1109	0	81			92	75
1110	151	0			127	75
1111	451	0			150	75
1112	8931	12			108	75
1113	30	5731			87	75
1114	0	1			150	75
1115	1	0			150	75
1116	0	0			119	75
1117	0	7			150	75
1118	0	11			80	75
1119	1	4			117	75
1120	55	1			150	75
1121	1	1			150	75
1122	1	0			150	75
1123	0	0			150	75
1124	0	0			150	75
1125	0	0			150	75
1126	0	0			150	75
1127	63	67			128	75
1128	21	3			150	75
1129	2	221			125	75
1130	4	162			150	75
1131	95	0			111	75
1132	2	2			85	75
1133	0	0			150	75
1134	1	0			150	75
1135	0	0			150	75
1136	4	0			150	75
1137	1	0			112	75
1138	0	1			142	75
1139	0	0			150	75
1140	0	30			137	75
1141	42	0			117	75
1142	9	0			150	75
1143	2	1			150	75
1144	22	0			150	75
1145	1	26			150	75
1146	46	1			137	75
1147	1	0			150	75
1148	5	6			123	75
1149	0	0			150	75
1150	2	0			85	75
1151	60	0			150	75
1152	40	11			150	75
1153	0	0			150	75
1154	32	1			150	75
1155	0	0			90	75
1156	0	0			150	75
1157	0	0			86	75
1158	0	2			117	75
1159	0	0			84	75
1160	2	0			150	75
1161	25	0			91	75
1162	2	44			79	75
1163	44	5			150	75
1164	14	0			150	75
1165	0	16			150	75
1166	24	1			136	75
1167	10	0			105	75
1168	1	8			137	75
1169	10	8			117	75
1170	18	21			97	75
1171	0	0			150	75
1172	45	232			136	75
1173	131	4			121	75
1174	4	0			89	75
1175	512	6			126	75
1176	3	57			150	75
1177	8	71			150	75
1178	71	0			150	75
1179	11	5			93	75
1180	20	0			84	75
1181	0	338			85	75
1182	0	0			90	75
1183	1629	0			150	75
1184	1914	1			150	75
1185	14	671			150	75
1186	2190	15			108	75
1187	31	32			150	75
1188	1	7			117	75
1189	11	0			150	75
1190	53	0			131	75
1191	0	0			150	75
1192	0	0			141	75
1193	2	0			150	75
1194	16	0			150	75
1195	0	5			150	75
1196	6	0			150	75
1197	7	2			120	75
1198	7	2			150	75
1199	2	2			139	75
1200	2	164			79	75
1201	0	2			129	75
1202	1	6			84	75
1203	0	5			85	75
1204	4	0			128	75
1205	9	0			118	75
1206	140	0			92	75
1207	123	6			124	75
1208	45	360			98	75
1209	3	0			79	75
1210	0	4			150	75
1211	3	5			150	75
1212	19	87			150	75
1213	0	0			83	75
1214	0	0			79	75
1215	2	0			97	75
1216	15	67			150	75
1217	12	0			150	75
1218	0	0			150	75
1219	2	2			150	75
1220	8	0			117	75
1221	21	11			81	75
1222	383	1			99	75
1223	0	253			81	75
1224	2	251			96	75
1225	6	156			103	75
1226	8	1			150	75
1227	16	11			150	75
1228	0	53			105	75
1229	111	4			90	75
1230	0	0			150	75
1231	18	0			142	75
1232	0	0			79	75
1233	0	0			150	75
1234	7	40			129	75
1235	0	2			93	75
1236	0	2			115	75
1237	0	5			80	75
1238	0	0			79	75
1239	0	0			79	75
1240	0	0			150	75
1241	0	0			117	75
1242	1	3			148	75
1243	125	0			150	75
1244	129	0			150	75
1245	52	1			150	75
1246	0	0			90	75
1247	0	0			150	75
1248	0	0			150	75
1249	2	1			120	75
1250	0	0			135	75
1251	0	0			87	75
1252	0	0			84	75
1253	127	0			150	75
1254	100	1			150	75
1255	0	2			150	75
1256	25	1			150	75
1257	8	5			150	75
1258	39	7			130	75
1259	0	0			132	75
1260	5	0			84	75
1261	0	8			109	75
1262	0	0			150	75
1263	0	0			92	75
1264	2	1942			103	75
1265	5105	53			126	75
1266	14	17			132	75
1267	100	2			150	75
1268	12	0			150	75
1269	0	3			79	75
1270	0	0			150	75
1271	35	0			150	75
1272	17	36			135	75
1273	1	28			150	75
1274	0	4			150	75
1275	0	2			90	75
1276	0	0			150	75
1277	0	0			79	75
1278	5	0			107	75
1279	4	0			150	75
1280	0	5			78	75
1281	2	1			150	75
1282	2	6			150	75
1283	1	6			101	75
1284	0	0			95	75
1285	0	5			88	75
1286	0	8			122	75
1287	4	8			150	75
1288	29	0			150	75
1289	1416	0			94	75
1290	67	9			150	75
1291	0	48			118	75
1292	24157	1834			150	75
1293	2	36			120	75
1294	0	0			86	75
1295	0	0			80	75
1296	1	0			104	75
1297	103	0			150	75
1298	32	0			79	75
1299	46	15			87	75
1300	15	0			150	75
1301	12	0			150	75
1302	51	3			150	75
1303	48	0			93	75
1304	1	4			122	75
1305	6	0			150	75
1306	1	53			150	75
1307	0	0			115	75
1308	0	0			150	75
1309	0	0			150	75
1310	0	0			150	75
1311	1	0			150	75
1312	1	23			150	75
1313	4	6			111	75
1314	0	0			83	75
1315	1	0			150	75
1316	8	0			150	75
1317	0	0			150	75
1318	2	0			150	75
1319	3	1			77	75
1320	0	0			90	75
1321	0	0			79	75
1322	4	98			81	75
1323	5	0			82	75
1324	0	0			149	75
1325	1	1			123	75
1326	0	3			115	75
1327	1	0			130	75
1328	0	4			150	75
1329	3	9			138	75
1330	3	14			150	75
1331	0	17			150	75
1332	1	1			87	75
1333	0	0			117	75
1334	29	0			150	75
1335	0	3			101	75
1336	0	1			79	75
1337	1	15			104	75
1338	1	0			150	75
1339	0	0			105	75
1340	0	0			123	75
1341	0	0			93	75
1342	14	0			150	75
1343	7	0			150	75
1344	0	0			86	75
1345	10	2			150	75
1346	0	0			106	75
1347	0	0			92	75
1348	0	6			79	75
1349	0	1			102	75
1350	9	856			150	75
1351	251	1			150	75
1352	0	0			150	75
1353	0	0			79	75
1354	0	0			93	75
1355	39	6			126	75
1356	14	5			92	75
1357	18	0			108	75
1358	9	0			91	75
1359	9	2			122	75
1360	24	28			150	75
1361	1	27			81	75
1362	29	0			150	75
1363	0	0			111	75
1364	1	9			107	75
1365	0	1			150	75
1366	17	9			103	75
1367	48	0			150	75
1368	49	0			131	75
1369	7	0			150	75
1370	4	78			114	75
1371	89	1			150	75
1372	2	0			150	75
1373	84	13			99	75
1374	11	88			87	75
1375	0	0			89	75
1376	5	3			128	75
1377	0	27			138	75
1378	80	0			150	75
1379	12	0			150	75
1380	145	1			81	75
1381	157	28			102	75
1382	115	33			102	75
1383	80	2			102	75
1384	100	16			102	75
1385	1674	6			108	75
1386	1441	1			150	75
1387	0	0			114	75
1388	47	0			79	75
1389	0	11			81	75
1390	1207	0			150	75
1391	4	70			150	75
1392	0	0			79	75
1393	6	173			150	75
1394	1	151			121	75
1395	33	201			88	75
1396	0	0			150	75
1397	0	0			150	75
1398	0	0			150	75
1399	0	0			150	75
1400	159	0			92	75
1401	4	0			78	75
1402	3	4			150	75
1403	15	1			108	75
1404	1	6			150	75
1405	0	0			150	75
1406	0	0			147	75
1407	1	11			150	75
1408	0	0			93	75
1409	13	5			150	75
1410	0	0			132	75
1411	0	0			91	75
1412	2	17			117	75
1413	671	29			150	75
1414	2	1			78	75
1415	6	0			80	75
1416	5	7			150	75
1417	23	3			90	75
1418	9	0			137	75
1419	0	2			150	75
1420	4	0			94	75
1421	15	0			150	75
1422	32	25			86	75
1423	0	5			89	75
1424	0	6			79	75
1425	57	3			86	75
1426	0	0			150	75
1427	125	0			86	75
1428	620	5			91	75
1429	21	0			117	75
1430	20	0			150	75
1431	0	0			150	75
1432	0	0			150	75
1433	6	0			150	75
1434	0	0			150	75
1435	2	6			134	75
1436	19	0			120	75
1437	7	0			150	75
1438	1	12			143	75
1439	0	2			125	75
1440	290	3			84	75
1441	3	0			79	75
1442	10	189			150	75
1443	1	0			104	75
1444	44	1			90	75
1445	6	2			150	75
1446	6	5			126	75
1447	16	0			150	75
1448	1	3			93	75
1449	88	0			126	75
1450	7	2			150	75
1451	18	1			150	75
1452	111	0			150	75
1453	120	0			150	75
1454	58	0			150	75
1455	15	1			93	75
1456	0	0			122	75
1457	27	58			150	75
1458	223	0			102	75
1459	83	4			141	75
1460	2	12			150	75
1461	1	9			106	75
1462	5	1			150	75
1463	2	102			150	75
1464	277	1			150	75
1465	1	0			99	75
1466	0	0			150	75
1467	0	4			86	75
1468	0	0			150	75
1469	41	0			83	75
1470	14	0			105	75
1471	2	0			115	75
1472	116	0			150	75
1473	1	1			97	75
1474	24	300			150	75
1475	0	29			130	75
1476	2	0			150	75
1477	0	0			85	75
1478	1	0			150	75
1479	2	147			150	75
1480	28	18			81	75
1481	4	85			122	75
1482	101	0			79	75
1483	5	0			86	75
1484	39	10			150	75
1485	35	10			144	75
1486	39	60			144	75
1487	4	1			82	75
1488	32	1			87	75
1489	30	2			80	75
1490	72	0			150	75
1491	38	1			130	75
1492	0	25			81	75
1493	1	26			139	75
1494	0	233			79	75
1495	11	191			83	75
1496	0	0			150	75
1497	16	0			150	75
1498	10	0			150	75
1499	2	5			150	75
1500	11	11			150	75
1501	0	0			150	75
1502	11	0			150	75
1503	0	0			81	75
1504	0	7			79	75
1505	0	89			88	75
1506	27	0			150	75
1507	11	1			90	75
1508	10	2			90	75
1509	4	0			150	75
1510	125	0			131	75
1511	0	0			96	75
1512	0	0			150	75
1513	0	0			90	75
1514	0	46			103	75
1515	69	0			150	75
1516	165	228			114	75
1517	25	0			150	75
1518	0	0			150	75
1519	100	6			136	75
1520	14	117			145	75
1521	9	25			137	75
1522	0	28			114	75
1523	16	0			143	75
1524	0	0			100	75
1525	0	0			150	75
1526	83	0			150	75
1527	12	2			122	75
1528	2	0			150	75
1529	0	0			93	75
1530	1	0			150	75
1531	34	1086			129	75
1532	2	0			110	75
1533	0	4			150	75
1534	0	0			86	75
1535	0	0			150	75
1536	2	0			112	75
1537	3	1			150	75
1538	7	5			120	75
1539	0	0			105	75
1540	18	0			86	75
1541	35	0			124	75
1542	0	0			90	75
1543	1	309			150	75
1544	0	0			79	75
1545	1	2			150	75
1546	39	0			150	75
1547	0	0			84	75
1548	0	0			150	75
1549	0	0			150	75
1550	0	2			150	75
1551	0	0			150	75
1552	0	0			150	75
1553	2	0			150	75
1554	2	0			150	75
1555	0	0			83	75
1556	0	0			150	75
1557	0	3			97	75
1558	0	0			150	75
1559	0	0			120	75
1560	0	0			141	75
1561	0	0			79	75
1562	1	0			150	75
1563	1	0			150	75
1564	0	0			83	75
1565	1	1			84	75
1566	0	0			79	75
1567	0	5			118	75
1568	0	0			77	75
1569	6	16			131	75
1570	6	3			150	75
1571	6	0			130	75
1572	1	0			77	75
1573	0	81			150	75
1574	1	3			150	75
1575	2	33			150	75
1576	0	1			90	75
1577	0	0			81	75
1578	0	0			76	75
1579	124	1			125	75
1580	1	88			150	75
1581	0	1			150	75
1582	50	0			125	75
1583	3	0			76	75
1584	190	0			123	75
1585	2	1			80	75
1586	108	1			100	75
1587	1	0			80	75
1588	1	0			84	75
1589	1	10			86	75
1590	0	14			150	75
1591	0	0			143	75
1592	0	0			80	75
1593	21	4			122	75
1594	266	0			87	75
1595	266	0			83	75
1596	0	0			85	75
1597	0	0			82	75
1598	0	1			82	75
1599	0	0			82	75
1600	0	0			94	75
1601	0	0			150	75
1602	139	0			79	75
1603	0	73			150	75
1604	0	0			114	75
1605	44	1			135	75
1606	25	8			141	75
1607	3	18			80	75
1608	2	5			146	75
1609	14	0			83	75
1610	5	0			150	75
1611	0	0			150	75
1612	0	1			84	75
1613	114	0			102	75
1614	873	0			116	75
1615	275	0			116	75
1616	3	1059			86	75
1617	0	0			150	75
1618	0	0			90	75
1619	28	6			124	75
1620	122	0			115	75
1621	12	2			101	75
1622	11	0			118	75
1623	55	0			127	75
1624	5	0			150	75
1625	0	2			81	75
1626	64	0			125	75
1627	23	19			81	75
1628	3	13			136	75
1629	13	0			133	75
1630	3	0			150	75
1631	4	21			150	75
1632	3	0			150	75
1633	3	1			145	75
1634	5	0			120	75
1635	58	2			150	75
1636	6	0			87	75
1637	10	0			115	75
1638	79	2			150	75
1639	1	25			93	75
1640	0	0			118	75
1641	0	7			88	75
1642	0	0			103	75
1643	0	2			150	75
1644	0	0			94	75
1645	0	0			87	75
1646	0	1			89	75
1647	0	0			108	75
1648	67	0			150	75
1649	0	1			92	75
1650	0	3			150	75
1651	2	1			150	75
1652	65	0			150	75
1653	70	0			150	75
1654	34	0			150	75
1655	38	10			106	75
1656	0	54			90	75
1657	1	0			150	75
1658	219	1			148	75
1659	0	0			150	75
1660	2	0			150	75
1661	0	0			98	75
1662	0	0			79	75
1663	17	0			79	75
1664	0	0			150	75
1665	13	0			150	75
1666	0	0			150	75
1667	0	0			138	75
1668	106	9			150	75
1669	0	17			150	75
1670	6	4			90	75
1671	2	11			84	75
1672	4	2			111	75
1673	13	2			102	75
1674	2	12			105	75
1675	0	2			103	75
1676	0	2			110	75
1677	25	1			150	75
1678	5	0			150	75
1679	0	0			90	75
1680	0	35			86	75
1681	3	0			130	75
1682	4	24			84	75
1683	1	24			88	75
1684	0	3			79	75
1685	0	0			84	75
1686	0	0			84	75
1687	3	3			128	75
1688	0	0			117	75
1689	63	0			150	75
1690	12	0			144	75
1691	0	0			123	75
1692	0	0			150	75
1693	8	64			93	75
1694	0	0			150	75
1695	0	0			150	75
1696	0	12			87	75
1697	0	70			117	75
1698	1	198			82	75
1699	57	0			129	75
1700	2	1			150	75
1701	2	0			150	75
1702	2	0			109	75
1703	59	0			141	75
1704	0	0			150	75
1705	0	0			135	75
1706	0	0			150	75
1707	0	0			150	75
1708	0	0			90	75
1709	8	15			87	75
1710	27	610			150	75
1711	888	1			150	75
1712	209	3			150	75
1713	0	0			96	75
1714	0	8			89	75
1715	9	0			150	75
1716	4	0			77	75
1717	20	438			150	75
1718	74	0			150	75
1719	7	0			150	75
1720	5	7			111	75
1721	2	4			87	75
1722	0	0			91	75
1723	0	5			86	75
1724	21	0			150	75
1725	0	0			150	75
1726	0	0			121	75
1727	0	0			150	75
1728	0	0			104	75
1729	1	5			150	75
1730	62	0			150	75
1731	0	0			96	75
1732	0	0			96	75
1733	0	0			150	75
1734	0	0			96	75
1735	0	0			150	75
1736	0	0			150	75
1737	0	0			150	75
1738	2	2			150	75
1739	0	0			95	75
1740	1	0			150	75
1741	0	0			106	75
1742	0	3			150	75
1743	22	0			150	75
1744	7	0			150	75
1745	0	15			115	75
1746	0	12			114	75
1747	89	0			150	75
1748	122	2			150	75
1749	1	0			102	75
1750	3	0			79	75
1751	0	0			150	75
1752	4	55			150	75
1753	1400	2			150	75
1754	12	1067			150	75
1755	37	0			150	75
1756	69	57			132	75
1757	17	1854			108	75
1758	0	0			150	75
1759	5	72			116	75
1760	23	0			83	75
1761	0	0			90	75
1762	0	0			111	75
1763	0	5			118	75
1764	10	0			113	75
1765	0	0			79	75
1766	41	0			150	75
1767	0	4			99	75
1768	34	0			84	75
1769	54	0			118	75
1770	13	3			150	75
1771	1	0			150	75
1772	35	1			87	75
1773	172	1			150	75
1774	156	0			150	75
1775	82	73			84	75
1776	35	68			150	75
1777	124	0			90	75
1778	158	9			111	75
1779	6	197			117	75
1780	26	186			150	75
1781	0	0			104	75
1782	0	0			150	75
1783	0	0			150	75
1784	2	38			79	75
1785	1	0			84	75
1786	2	2			150	75
1787	0	5			80	75
1788	28	0			111	75
1789	1	0			120	75
1790	1	0			129	75
1791	1	0			150	75
1792	0	0			134	75
1793	0	0			134	75
1794	0	1			150	75
1795	61	2			150	75
1796	0	7			86	75
1797	0	0			150	75
1798	0	0			150	75
1799	0	0			96	75
1800	150	0			79	75
1801	196	0			150	75
1802	6	23			94	75
1803	0	0			79	75
1804	0	0			130	75
1805	0	0			150	75
1806	0	0			150	75
1807	0	0			85	75
1808	2	7			150	75
1809	0	0			89	75
1810	0	0			138	75
1811	0	3			84	75
1812	0	0			77	75
1813	162	29			141	75
1814	0	0			150	75
1815	0	0			90	75
1816	0	0			110	75
1817	0	0			133	75
1818	0	0			111	75
1819	0	0			77	75
1820	2	0			150	75
1821	2	1			99	75
1822	25	2			150	75
1823	25	4			150	75
1824	0	6			130	75
1825	45	1			84	75
1826	109	7			144	75
1827	12	0			78	75
1828	8	0			150	75
1829	3	361			107	75
1830	4	1			150	75
1831	0	0			150	75
1832	0	0			92	75
1833	0	18			89	75
1834	2	11			150	75
1835	0	0			150	75
1836	15	4			105	75
1837	4	8			150	75
1838	5	7			92	75
1839	0	0			111	75
1840	0	4			84	75
1841	84	8			78	75
1842	0	0			150	75
1843	0	0			150	75
1844	0	1			103	75
1845	0	2			120	75
1846	1	31			78	75
1847	76	0			150	75
1848	92	11			87	75
1849	0	0			80	75
1850	0	30			118	75
1851	0	0			132	75
1852	0	0			150	75
1853	0	0			150	75
1854	5	0			150	75
1855	5	5			150	75
1856	0	5			79	75
1857	3	1			150	75
1858	0	44			110	75
1859	2	0			150	75
1860	1	0			150	75
1861	3	2			150	75
1862	27	87			86	75
1863	37	0			98	75
1864	294	0			143	75
1865	257	0			120	75
1866	0	245			90	75
1867	1	0			150	75
1868	0	2			87	75
1869	1	2			110	75
1870	1	0			98	75
1871	19	1			150	75
1872	0	3			99	75
1873	0	0			96	75
1874	0	0			150	75
1875	0	6			150	75
1876	0	6			96	75
1877	2	0			89	75
1878	1	0			117	75
1879	173	1			150	75
1880	0	0			150	75
1881	0	0			117	75
1882	3	46			150	75
1883	1	53			150	75
1884	6	0			150	75
1885	47	0			150	75
1886	46	5			150	75
1887	56	2			150	75
1888	137	0			150	75
1889	61	0			150	75
1890	6	77			150	75
1891	0	0			107	75
1892	22	127			150	75
1893	15	0			150	75
1894	4636	4			150	75
1895	0	10			96	75
1896	0	0			150	75
1897	0	0			105	75
1898	3	0			108	75
1899	66	0			127	75
1900	0	2			150	75
1901	29	0			150	75
1902	9	0			150	75
1903	6	0			150	75
1904	0	2			150	75
1905	5851	0			108	75
1906	13	0			150	75
1907	1	0			150	75
1908	0	0			97	75
1909	2	0			150	75
1910	127	0			87	75
1911	166	8			133	75
1912	125	2			142	75
1913	275	2			150	75
1914	166	0			93	75
1915	2	9			82	75
1916	1	9			116	75
1917	0	1			109	75
1918	2	6			79	75
1919	38	0			150	75
1920	85	0			96	75
1921	28	0			129	75
1922	7	64			108	75
1923	0	16			125	75
1924	0	0			150	75
1925	5	0			150	75
1926	1	0			103	75
1927	0	1			79	75
1928	0	0			150	75
1929	7	41			86	75
1930	25	0			100	75
1931	0	0			123	75
1932	0	0			134	75
1933	0	0			86	75
1934	0	12			150	75
1935	1	0			103	75
1936	1	0			150	75
1937	0	0			122	75
1938	29	1			150	75
1939	7	0			104	75
1940	0	0			138	75
1941	0	0			150	75
1942	18	0			150	75
1943	156	7			97	75
1944	11	0			134	75
1945	148	1			150	75
1946	0	0			127	75
1947	0	0			87	75
1948	0	0			97	75
1949	0	0			97	75
1950	5	0			150	75
1951	2	0			78	75
1952	7	1			87	75
1953	0	0			79	75
1954	0	0			111	75
1955	0	0			93	75
1956	0	10			79	75
1957	0	36			150	75
1958	0	3			150	75
1959	7	0			81	75
1960	4	21			150	75
1961	122	1			150	75
1962	0	0			150	75
1963	0	0			79	75
1964	2118	7			122	75
1965	387	32			95	75
1966	1172	2			150	75
1967	1098	0			142	75
1968	6	0			99	75
1969	0	0			79	75
1970	2	0			109	75
1971	4	5			150	75
1972	4	1			150	75
1973	74	5			105	75
1974	52	0			150	75
1975	1	0			150	75
1976	17	13			114	75
1977	19	0			94	75
1978	0	12			80	75
1979	0	0			139	75
1980	33	1			150	75
1981	42	2			150	75
1982	25	7			150	75
1983	17	876			150	75
1984	3	3			150	75
1985	121	0			108	75
1986	0	0			79	75
1987	0	4			150	75
1988	5	31			86	75
1989	6	80			86	75
1990	0	0			97	75
1991	58	1			150	75
1992	6	3			150	75
1993	0	0			121	75
1994	3	0			111	75
1995	11	1			79	75
1996	80	2			150	75
1997	23	0			150	75
1998	6	0			150	75
1999	105	13			150	75
2000	0	0			150	75
2001	1	0			150	75
2002	0	1			101	75
2003	17	139			96	75
2004	0	61			150	75
2005	0	0			117	75
2006	41	0			85	75
2007	41	0			150	75
2008	113	0			91	75
2009	0	0			96	75
2010	2	0			150	75
2011	0	0			107	75
2012	0	0			150	75
2013	0	0			80	75
2014	1	1			150	75
2015	0	0			108	75
2016	0	0			150	75
2017	0	0			126	75
2018	15	109			81	75
2019	2	21			150	75
2020	25	0			82	75
2021	3	23			117	75
2022	14	0			109	75
2023	118	0			150	75
2024	53	1			83	75
2025	60	0			79	75
2026	0	0			150	75
2027	619	2			150	75
2028	0	0			123	75
2029	4	0			98	75
2030	0	0			144	75
2031	0	0			80	75
2032	25	25			102	75
2033	47	2			150	75
2034	95	0			150	75
2035	0	1			121	75
2036	0	10			148	75
2037	1	10			102	75
2038	11	0			117	75
2039	8	0			150	75
2040	0	0			93	75
2041	0	0			81	75
2042	10	379			150	75
2043	80	2			76	75
2044	16	1			150	75
2045	0	18			148	75
2046	0	0			97	75
2047	0	0			148	75
2048	0	0			126	75
2049	2	4			110	75
2050	3	5			150	75
2051	3	2			150	75
2052	0	0			150	75
2053	0	0			93	75
2054	0	47			79	75
2055	0	7			79	75
2056	87	1			150	75
2057	1	44			79	75
2058	1	8			91	75
2059	0	0			150	75
2060	512	0			138	75
2061	2	0			150	75
2062	0	0			150	75
2063	24	0			150	75
2064	0	0			105	75
2065	43	1			150	75
2066	220	21			103	75
2067	0	0			79	75
2068	8	0			150	75
2069	8	0			150	75
2070	0	4			93	75
2071	0	0			93	75
2072	1	0			94	75
2073	9	1			83	75
2074	0	0			150	75
2075	8	1			85	75
2076	0	0			79	75
2077	1	57			150	75
2078	27	0			139	75
2079	15	2			150	75
2080	8	1			150	75
2081	10	3			99	75
2082	0	174			79	75
2083	0	0			84	75
2084	0	0			79	75
2085	6	14			150	75
2086	0	0			105	75
2087	0	0			150	75
2088	4	0			93	75
2089	0	0			150	75
2090	0	0			149	75
2091	0	0			79	75
2092	0	0			150	75
2093	0	0			150	75
2094	0	0			150	75
2095	2	226			101	75
2096	0	0			150	75
2097	0	0			80	75
2098	0	0			84	75
2099	0	0			79	75
2100	3	0			79	75
2101	2	12			95	75
2102	1	1			79	75
2103	0	0			117	75
2104	11	0			150	75
2105	0	0			150	75
2106	3	18			84	75
2107	36	0			150	75
2108	0	0			147	75
2109	1	0			88	75
2110	10	16			79	75
2111	0	0			150	75
2112	0	0			150	75
2113	0	0			150	75
2114	49	19			150	75
2115	0	0			150	75
2116	0	0			86	75
2117	4	46			150	75
2118	1	7			127	75
2119	10	2			80	75
2120	167	0			150	75
2121	80	0			150	75
2122	7	88			115	75
2123	7	0			115	75
2124	10	3			150	75
2125	0	0			139	75
2126	23	699			150	75
2127	31	0			150	75
2128	378	0			102	75
2129	1033	5			96	75
2130	0	3			150	75
2131	10	41			135	75
2132	141	7			150	75
2133	0	13			117	75
2134	22	8			87	75
2135	11	8			150	75
2136	18	8			150	75
2137	8	18			148	75
2138	15	18			150	75
2139	7	0			81	75
2140	8	0			150	75
2141	7	81			150	75
2142	5	81			103	75
2143	54	0			150	75
2144	41	0			150	75
2145	0	3			150	75
2146	2	12			150	75
2147	5	12			126	75
2148	2	0			137	75
2149	2	0			150	75
2150	1	0			150	75
2151	1	0			107	75
2152	24	3			113	75
2153	29	0			150	75
2154	8	0			82	75
2155	10	5			150	75
2156	54	0			150	75
2157	0	0			81	75
2158	19	2			122	75
2159	0	0			87	75
2160	0	0			87	75
2161	0	0			150	75
2162	2	0			114	75
2163	4	0			150	75
2164	56	0			97	75
2165	0	0			84	75
2166	139	0			127	75
2167	5	90			125	75
2168	4	97			150	75
2169	239	36			79	75
2170	7	578			150	75
2171	7	578			150	75
2172	1	1			133	75
2173	1346	0			150	75
2174	1305	5			81	75
2175	3	13			150	75
2176	159	1			79	75
2177	0	0			79	75
2178	0	0			150	75
2179	0	0			150	75
2180	66	0			79	75
2181	19	2			84	75
2182	6	0			84	75
2183	11	1			133	75
2184	0	0			150	75
2185	25	0			110	75
2186	0	6			83	75
2187	31	1			150	75
2188	0	2			150	75
2189	1	0			102	75
2190	0	0			92	75
2191	1	25			150	75
2192	3	0			150	75
2193	0	16			79	75
2194	3	5			108	75
2195	0	0			84	75
2196	25	0			136	75
2197	24	0			150	75
2198	0	17			90	75
2199	6	7			79	75
2200	0	0			146	75
2201	1	1			83	75
2202	0	0			119	75
2203	0	0			150	75
2204	0	36			150	75
2205	118	70			150	75
2206	0	0			81	75
2207	14	34			81	75
2208	0	1			89	75
2209	0	0			150	75
2210	0	2			150	75
2211	4	0			150	75
2212	0	0			78	75
2213	40	0			150	75
2214	20	1			88	75
2215	25	0			150	75
2216	41	0			116	75
2217	36	0			101	75
2218	5	0			90	75
2219	0	0			150	75
2220	1	6			150	75
2221	9	0			95	75
2222	5	14			105	75
2223	0	0			150	75
2224	16	4			150	75
2225	3	1			150	75
2226	1	0			86	75
2227	9	0			150	75
2228	9	0			150	75
2229	0	0			95	75
2230	0	0			104	75
2231	1	7			119	75
2232	0	1			90	75
2233	0	0			99	75
2234	39	929			89	75
2235	22	1			137	75
2236	0	1			120	75
2237	0	0			150	75
2238	0	2			101	75
2239	33	0			150	75
2240	0	0			150	75
2241	7	1			118	75
2242	7	23			118	75
2243	0	1			150	75
2244	0	0			79	75
2245	19	1			100	75
2246	42	6			150	75
2247	2	46			81	75
2248	1	13			122	75
2249	0	33			82	75
2250	21	0			104	75
2251	0	0			150	75
2252	5	0			81	75
2253	323	0			82	75
2254	0	0			113	75
2255	2	0			150	75
2256	1	0			150	75
2257	0	0			96	75
2258	0	0			150	75
2259	29	3			150	75
2260	0	0			80	75
2261	0	0			150	75
2262	3	12			150	75
2263	4	10			150	75
2264	76	0			100	75
2265	6	0			79	75
2266	4	1			150	75
2267	0	0			150	75
2268	0	0			78	75
2269	0	0			150	75
2270	0	0			80	75
2271	0	1			78	75
2272	0	0			148	75
2273	0	11			104	75
2274	22	1			150	75
2275	114	2			150	75
2276	4	0			150	75
2277	44	0			96	75
2278	0	35			79	75
2279	20	38			99	75
2280	0	8			88	75
2281	10	0			150	75
2282	25	93			141	75
2283	1	0			150	75
2284	0	0			79	75
2285	12	3			99	75
2286	0	19			109	75
2287	1	163			122	75
2288	0	6			79	75
2289	0	0			90	75
2290	6	1			150	75
2291	128	0			150	75
2292	205	34			120	75
2293	2	0			111	75
2294	1	44			87	75
2295	59	0			113	75
2296	1	0			150	75
2297	1	1			79	75
2298	0	0			143	75
2299	355	0			150	75
2300	1	0			150	75
2301	1	33			124	75
2302	1	15			150	75
2303	0	0			76	75
2304	0	0			150	75
2305	0	0			79	75
2306	0	0			111	75
2307	0	0			79	75
2308	51	4			150	75
2309	56	2			150	75
2310	70	21			96	75
2311	0	315			84	75
2312	2	0			150	75
2313	0	0			150	75
2314	18	0			80	75
2315	4	0			150	75
2316	0	0			146	75
2317	0	0			86	75
2318	0	0			150	75
2319	34	0			150	75
2320	55	0			150	75
2321	0	0			150	75
2322	0	1			90	75
2323	1	0			132	75
2324	0	0			111	75
2325	23	9			100	75
2326	0	0			77	75
2327	169	0			142	75
2328	94	0			76	75
2329	86	0			102	75
2330	66	0			96	75
2331	2	0			150	75
2332	2	0			134	75
2333	0	2			91	75
2334	32	37			150	75
2335	0	0			150	75
2336	0	0			150	75
2337	12	0			150	75
2338	23	0			150	75
2339	19	0			150	75
2340	3	0			131	75
2341	0	0			79	75
2342	46	511			77	75
2343	222	365			150	75
2344	42	0			104	75
2345	1	23			101	75
2346	0	27			150	75
2347	0	0			96	75
2348	4	0			150	75
2349	5	6			150	75
2350	0	0			150	75
2351	0	0			150	75
2352	1	0			150	75
2353	0	0			83	75
2354	0	50			79	75
2355	15	0			150	75
2356	409	9			150	75
2357	557	1			143	75
2358	0	22			150	75
2359	43	0			150	75
2360	0	10			150	75
2361	176	684			150	75
2362	0	9			150	75
2363	0	0			91	75
2364	0	0			78	75
2365	5	0			81	75
2366	5	0			78	75
2367	0	102			150	75
2368	2	11			113	75
2369	393	4			117	75
2370	58	0			134	75
2371	0	0			150	75
2372	5	0			150	75
2373	13	1			150	75
2374	8	322			105	75
2375	40	322			150	75
2376	45	4			150	75
2377	29	1			99	75
2378	56	0			146	75
2379	10	12			117	75
2380	0	0			125	75
2381	0	1			80	75
2382	60	0			150	75
2383	30	0			150	75
2384	203	3			139	75
2385	0	0			120	75
2386	27	65			150	75
2387	1	3			142	75
2388	2	11			150	75
2389	5	1			93	75
2390	14	2			132	75
2391	3	0			132	75
2392	1	14			150	75
2393	0	0			150	75
2394	0	0			150	75
2395	0	0			86	75
2396	0	0			150	75
2397	28	823			150	75
2398	4	0			112	75
2399	0	0			108	75
2400	0	0			96	75
2401	212	0			150	75
2402	14	0			138	75
2403	16	1			118	75
2404	1	16			129	75
2405	0	0			79	75
2406	16	0			114	75
2407	0	60			150	75
2408	0	43			150	75
2409	0	0			150	75
2410	0	0			138	75
2411	1	26			150	75
2412	0	0			150	75
2413	79	2			79	75
2414	6	1			150	75
2415	0	402			81	75
2416	1	8			81	75
2417	430	5			87	75
2418	514	4			150	75
2419	47	6040			150	75
2420	117	6511			102	75
2421	2	0			79	75
2422	0	0			150	75
2423	0	0			99	75
2424	1	0			84	75
2425	7	0			78	75
2426	24	0			150	75
2427	0	0			93	75
2428	2	137			150	75
2429	2	137			150	75
2430	527	0			148	75
2431	858	0			150	75
2432	897	0			150	75
2433	1785	0			113	75
2434	0	0			150	75
2435	0	0			79	75
2436	1	0			91	75
2437	2	0			150	75
2438	4	5			150	75
2439	0	2			110	75
2440	108	142			150	75
2441	1	8			150	75
2442	0	12			104	75
2443	1	0			92	75
2444	0	0			150	75
2445	0	2			92	75
2446	1	0			150	75
2447	1	0			150	75
2448	0	0			87	75
2449	0	0			123	75
2450	20	1			150	75
2451	0	7			90	75
2452	0	1			150	75
2453	36	0			132	75
2454	0	0			150	75
2455	0	0			79	75
2456	83	52			130	75
2457	413	5			150	75
2458	0	6			104	75
2459	97	47			150	75
2460	0	1			81	75
2461	0	0			150	75
2462	3	0			84	75
2463	0	0			77	75
2464	3	0			109	75
2465	0	2			150	75
2466	42	2066			95	75
2467	32	5			134	75
2468	0	4			120	75
2469	11	0			138	75
2470	7	0			108	75
2471	2	39			150	75
2472	4	47			150	75
2473	0	0			87	75
2474	0	0			150	75
2475	0	0			80	75
2476	0	0			150	75
2477	33	0			79	75
2478	1	27			150	75
2479	0	19			150	75
2480	0	0			150	75
2481	0	0			150	75
2482	0	0			113	75
2483	118	1			113	75
2484	0	0			96	75
2485	0	0			76	75
2486	0	0			150	75
2487	2	0			150	75
2488	0	0			93	75
2489	1	1			100	75
2490	1	6			84	75
2491	0	0			96	75
2492	0	13			93	75
2493	0	2			150	75
2494	3	0			150	75
2495	673	0			150	75
2496	0	1			105	75
2497	1	1			113	75
2498	0	0			150	75
2499	0	0			150	75
2500	5	0			150	75
2501	0	0			150	75
2502	19	0			150	75
2503	0	1			91	75
2504	0	2			96	75
2505	1	2			80	75
2506	0	0			150	75
2507	6	113			78	75
2508	50	1			150	75
2509	62	5			150	75
2510	2	56			88	75
2511	80	4			150	75
2512	72	0			122	75
2513	16	18			150	75
2514	0	0			79	75
2515	15	7			126	75
2516	18	0			108	75
2517	6	0			150	75
2518	31	0			114	75
2519	3	4			150	75
2520	2	0			150	75
2521	0	0			106	75
2522	2	2			83	75
2523	11	40			150	75
2524	0	0			150	75
2525	14	0			105	75
2526	13	9			78	75
2527	2	0			150	75
2528	3	21			84	75
2529	20	0			81	75
2530	27	2			85	75
2531	39	2			131	75
2532	23	0			150	75
2533	3	41			120	75
2534	0	0			150	75
2535	4	1			102	75
2536	3	1			150	75
2537	6	2			150	75
2538	0	8			150	75
2539	0	0			150	75
2540	28	0			142	75
2541	1	42			150	75
2542	0	0			150	75
2543	2	1			80	75
2544	64	2			150	75
2545	27	2			150	75
2546	2	39			150	75
2547	0	2			80	75
2548	1	3			135	75
2549	0	0			150	75
2550	0	2			150	75
2551	1	9			79	75
2552	0	0			91	75
2553	4	0			79	75
2554	5	1			84	75
2555	1	1			150	75
2556	34	0			150	75
2557	46	0			150	75
2558	31	7			150	75
2559	34	0			150	75
2560	161	3			150	75
2561	43	0			150	75
2562	17	1			102	75
2563	43	18			87	75
2564	0	0			99	75
2565	1808	11			132	75
2566	6	0			93	75
2567	1	0			145	75
2568	0	0			128	75
2569	1689	25761			150	75
2570	42047	258			113	75
2571	20094	358			150	75
2572	0	53			105	75
2573	10	0			150	75
2574	1	6			79	75
2575	2	0			91	75
2576	0	0			107	75
2577	0	2			91	75
2578	22	12			144	75
2579	0	0			121	75
2580	6	1			150	75
2581	0	0			134	75
2582	2	0			150	75
2583	14	0			150	75
2584	14	917			150	75
2585	2	0			79	75
2586	13	22			150	75
2587	1	22			150	75
2588	98	6			150	75
2589	98	0			112	75
2590	0	2			82	75
2591	0	0			150	75
2592	4	8			87	75
2593	0	2			87	75
2594	5	0			129	75
2595	1	0			82	75
2596	10	2			105	75
2597	0	0			87	75
2598	0	0			119	75
2599	1	1			131	75
2600	0	0			111	75
2601	0	0			85	75
2602	0	3			150	75
2603	28	0			105	75
2604	36	0			150	75
2605	8	0			79	75
2606	0	0			119	75
2607	9	57			124	75
2608	29	2			108	75
2609	7	5			106	75
2610	0	0			87	75
2611	0	0			84	75
2612	0	0			96	75
2613	0	1			117	75
2614	4	0			150	75
2615	0	0			84	75
2616	1	59			150	75
2617	0	50			150	75
2618	182	18			130	75
2619	2	0			150	75
2620	23	1			150	75
2621	60	16			150	75
2622	0	0			114	75
2623	0	0			84	75
2624	0	4			150	75
2625	15	620			88	75
2626	0	40			106	75
2627	0	0			137	75
2628	7	0			112	75
2629	0	0			121	75
2630	0	0			150	75
2631	3	19			105	75
2632	11	0			126	75
2633	0	0			150	75
2634	47	321			150	75
2635	259	40			150	75
2636	554	40			129	75
2637	6	4			89	75
2638	0	0			150	75
2639	0	0			112	75
2640	24	9			79	75
2641	22	0			79	75
2642	0	0			89	75
2643	0	0			86	75
2644	0	0			85	75
2645	1	0			150	75
2646	0	5			150	75
2647	9	0			150	75
2648	0	0			150	75
2649	0	0			150	75
2650	3	0			150	75
2651	0	3			150	75
2652	7	1			98	75
2653	0	0			150	75
2654	0	1			150	75
2655	91	3			150	75
2656	0	0			81	75
2657	23	138			150	75
2658	0	0			85	75
2659	9	0			150	75
2660	0	0			78	75
2661	25	20			111	75
2662	0	41			150	75
2663	26	5			95	75
2664	46	0			100	75
2665	0	0			121	75
2666	0	1			150	75
2667	69	0			150	75
2668	201	0			150	75
2669	19	12			84	75
2670	0	26			86	75
2671	416	193			126	75
2672	0	43			79	75
2673	60	0			101	75
2674	0	45			79	75
2675	13	0			112	75
2676	0	0			78	75
2677	0	0			150	75
2678	0	0			76	75
2679	0	12			131	75
2680	7	1			113	75
2681	6	0			119	75
2682	0	0			96	75
2683	0	0			79	75
2684	53	6			79	75
2685	83	5			150	75
2686	1	0			150	75
2687	0	0			79	75
2688	0	0			94	75
2689	11	53			150	75
2690	2	138			150	75
2691	119	13			81	75
2692	27	80			81	75
2693	6	0			128	75
2694	1	4			134	75
2695	2	0			150	75
2696	1	0			89	75
2697	1	0			102	75
2698	0	0			88	75
2699	0	0			150	75
2700	3	0			115	75
2701	1117	64			84	75
2702	11	0			113	75
2703	0	0			87	75
2704	477	0			115	75
2705	0	0			150	75
2706	0	0			150	75
2707	18	0			150	75
2708	22	13			150	75
2709	0	0			89	75
2710	79	0			106	75
2711	0	2			141	75
2712	1	37			150	75
2713	3	37			84	75
2714	0	0			120	75
2715	0	5			150	75
2716	3	0			150	75
2717	8	0			150	75
2718	2	3			150	75
2719	0	0			150	75
2720	0	36			150	75
2721	0	0			124	75
2722	0	3			122	75
2723	13	3			150	75
2724	7	2			111	75
2725	1	0			79	75
2726	0	0			150	75
2727	30	0			150	75
2728	0	0			150	75
2729	65	24			99	75
2730	0	1			79	75
2731	0	2			150	75
2732	3	1			150	75
2733	5	6			81	75
2734	0	0			150	75
2735	0	1			81	75
2736	0	5			150	75
2737	4	8			120	75
2738	12	3			150	75
2739	0	0			150	75
2740	32	0			150	75
2741	0	0			79	75
2742	0	0			150	75
2743	5	10			150	75
2744	1	0			150	75
2745	0	0			150	75
2746	23	0			150	75
2747	7	63			144	75
2748	8	1			150	75
2749	0	14			150	75
2750	0	4			150	75
2751	20	0			150	75
2752	36	0			150	75
2753	0	0			108	75
2754	16	34			150	75
2755	0	0			150	75
2756	5	25			110	75
2757	0	0			104	75
2758	0	18			150	75
2759	0	3			150	75
2760	8	0			145	75
2761	7	0			139	75
2762	1	0			81	75
2763	3	5			150	75
2764	0	0			150	75
2765	0	0			150	75
2766	0	0			103	75
2767	0	10			90	75
2768	2	8			146	75
2769	1	0			119	75
2770	403	2			150	75
2771	460	7			123	75
2772	0	18			150	75
2773	0	0			150	75
2774	9	188			91	75
2775	6	187			91	75
2776	31	3			138	75
2777	0	0			150	75
2778	34	1			150	75
2779	1	0			132	75
2780	13	69			150	75
2781	14	8			150	75
2782	41	1			150	75
2783	0	0			150	75
2784	318	5			88	75
2785	0	81			150	75
2786	170	142			150	75
2787	58	155			150	75
2788	1	5			104	75
2789	1	0			150	75
2790	34	1			150	75
2791	278	10			150	75
2792	250	3			150	75
2793	71	3			126	75
2794	6	0			150	75
2795	12	1			131	75
2796	3	5			84	75
2797	1	7			150	75
2798	1	23			79	75
2799	13	4			116	75
2800	30	0			150	75
2801	22	3			150	75
2802	35	4			112	75
2803	53	0			150	75
2804	45	3			150	75
2805	34	0			150	75
2806	26	3			150	75
2807	5	3			113	75
2808	0	0			150	75
2809	0	0			147	75
2810	9	0			80	75
2811	6	3			150	75
2812	1	0			111	75
2813	0	0			80	75
2814	0	0			90	75
2815	0	0			85	75
2816	0	27			142	75
2817	0	0			140	75
2818	0	0			150	75
2819	0	0			133	75
2820	0	4			81	75
2821	0	0			150	75
2822	17	34			117	75
2823	68	87			99	75
2824	23	0			82	75
2825	0	12			88	75
2826	81	0			150	75
2827	72	2			150	75
2828	40	0			79	75
2829	10	201			134	75
2830	1	0			150	75
2831	0	3			85	75
2832	0	0			150	75
2833	0	0			80	75
2834	0	0			150	75
2835	57	1			90	75
2836	0	0			87	75
2837	0	0			128	75
2838	2	19			130	75
2839	0	11			103	75
2840	3	16			150	75
2841	7	40			104	75
2842	3	0			150	75
2843	3	2			150	75
2844	0	2			150	75
2845	16	1			129	75
2846	44	3			150	75
2847	87	1			150	75
2848	1	0			150	75
2849	2	0			150	75
2850	0	44			87	75
2851	0	0			150	75
2852	0	0			134	75
2853	1	0			150	75
2854	3	0			93	75
2855	1	2			150	75
2856	0	16			150	75
2857	207	3			89	75
2858	59	1			150	75
2859	81	1			139	75
2860	66	7			105	75
2861	3	33			150	75
2862	2	10			149	75
2863	4	5			79	75
2864	26	8			150	75
2865	1	62			150	75
2866	69	0			150	75
2867	50	0			150	75
2868	131	0			150	75
2869	112	0			150	75
2870	50	0			150	75
2871	1	2			91	75
2872	0	0			150	75
2873	75	2			98	75
2874	12	6			98	75
2875	0	4			91	75
2876	0	4			150	75
2877	0	0			135	75
2878	16	2			78	75
2879	4	0			78	75
2880	20	3			150	75
2881	18	3			150	75
2882	6	18			84	75
2883	0	2			150	75
2884	30	15			146	75
2885	0	0			79	75
2886	0	108			150	75
2887	0	108			150	75
2888	33	0			150	75
2889	1	1			132	75
2890	10	0			146	75
2891	2	25			86	75
2892	35	1			150	75
2893	1	26			84	75
2894	46	4			107	75
2895	1	0			98	75
2896	3	0			150	75
2897	3	0			150	75
2898	3	0			145	75
2899	3	0			150	75
2900	0	0			150	75
2901	1	0			105	75
2902	0	51			92	75
2903	0	1			150	75
2904	13	0			109	75
2905	2	9			78	75
2906	37	18			150	75
2907	1	0			150	75
2908	43	1			140	75
2909	41	0			80	75
2910	0	0			150	75
2911	28	1			150	75
2912	27	0			150	75
2913	25	5			93	75
2914	47	0			93	75
2915	6	33			150	75
2916	0	0			87	75
2917	1	134			92	75
2918	115	2			84	75
2919	157	1			150	75
2920	148	2			150	75
2921	44	2			123	75
2922	0	0			101	75
2923	0	0			79	75
2924	0	0			121	75
2925	58	30			102	75
2926	6	78			129	75
2927	8	12			94	75
2928	0	0			142	75
2929	77	0			90	75
2930	0	35			84	75
2931	48	0			150	75
2932	3	0			145	75
2933	13	1			150	75
2934	1	18			150	75
2935	2	12			150	75
2936	13	0			79	75
2937	0	0			133	75
2938	0	0			150	75
2939	0	0			150	75
2940	0	0			150	75
2941	0	0			150	75
2942	5	1			150	75
2943	6	76			79	75
2944	3	182			114	75
2945	1378	22			108	75
2946	4	509			100	75
2947	16	387			145	75
2948	6	13			85	75
2949	36	241			129	75
2950	43	241			119	75
2951	13	0			95	75
2952	0	0			112	75
2953	0	3			114	75
2954	4	0			146	75
2955	6	0			146	75
2956	30	1			150	75
2957	2	0			86	75
2958	4	9			133	75
2959	2	9			122	75
2960	16	15			150	75
2961	12	0			143	75
2962	0	7			82	75
2963	0	0			88	75
2964	0	6			79	75
2965	3	0			150	75
2966	4	4			150	75
2967	1	3			150	75
2968	0	0			83	75
2969	18	0			150	75
2970	16	0			79	75
2971	1	0			150	75
2972	20	96			150	75
2973	1	17			150	75
2974	2	56			147	75
2975	100	1			150	75
2976	2	3			150	75
2977	2	3			150	75
2978	2	1			150	75
2979	0	0			87	75
2980	0	0			141	75
2981	2	0			119	75
2982	0	0			150	75
2983	0	0			150	75
2984	0	0			150	75
2985	2	0			101	75
2986	42	11			150	75
2987	6	27			148	75
2988	46	0			150	75
2989	200	1			93	75
2990	14	53			150	75
2991	49	1			114	75
2992	67	0			120	75
2993	0	0			84	75
2994	0	0			84	75
2995	0	0			150	75
2996	0	0			112	75
2997	0	0			150	75
2998	0	0			123	75
2999	0	0			150	75
3000	0	0			150	75
3001	0	0			150	75
3002	0	0			150	75
3003	0	0			150	75
3004	14	2			150	75
3005	0	0			150	75
3006	0	0			81	75
3007	0	1			79	75
3008	0	1			109	75
3009	0	7			150	75
3010	9	0			85	75
3011	1	1			150	75
3012	5	0			86	75
3013	14	0			150	75
3014	10	0			150	75
3015	114	22			150	75
3016	63	2			119	75
3017	51	1			150	75
3018	0	0			92	75
3019	10	0			144	75
3020	4	0			81	75
3021	0	0			93	75
3022	0	0			120	75
3023	0	0			85	75
3024	186	0			150	75
3025	132	2			108	75
3026	0	0			135	75
3027	0	0			82	75
3028	0	0			150	75
3029	3	1			150	75
3030	7	0			116	75
3031	2	297			90	75
3032	0	0			150	75
3033	0	0			85	75
3034	0	0			150	75
3035	6	0			115	75
3036	1	7			150	75
3037	441	0			150	75
3038	20	1			79	75
3039	0	0			79	75
3040	0	0			84	75
3041	0	10			150	75
3042	31	1			150	75
3043	0	3			150	75
3044	7	91			150	75
3045	117	2			150	75
3046	0	0			150	75
3047	0	0			104	75
3048	7	27			83	75
3049	0	0			139	75
3050	11	8			87	75
3051	0	0			126	75
3052	0	0			124	75
3053	0	0			79	75
3054	127	2			150	75
3055	0	0			150	75
3056	8	407			150	75
3057	89	0			128	75
3058	12	25			145	75
3059	4	1			81	75
3060	0	0			86	75
3061	0	0			150	75
3062	0	2			150	75
3063	31	0			150	75
3064	15	1			150	75
3065	0	0			79	75
3066	0	0			78	75
3067	2	3			79	75
3068	0	105			79	75
3069	6	0			150	75
3070	7	0			141	75
3071	96	0			100	75
3072	0	0			143	75
3073	0	0			150	75
3074	4	0			150	75
3075	0	0			150	75
3076	355	23			122	75
3077	8	8			100	75
3078	7	1			150	75
3079	8	0			79	75
3080	16	0			126	75
3081	0	16			101	75
3082	188	53			87	75
3083	5	0			150	75
3084	19	7			87	75
3085	0	5			81	75
3086	0	0			126	75
3087	3	1			89	75
3088	0	44			150	75
3089	11	29			150	75
3090	0	28			150	75
3091	0	0			81	75
3092	1	0			129	75
3093	0	0			128	75
3094	0	10			93	75
3095	149	1864			150	75
3096	0	1			141	75
3097	2	44			99	75
3098	14	0			150	75
3099	1	35			150	75
3100	0	11			79	75
3101	3	2			150	75
3102	12	2			150	75
3103	25	0			126	75
3104	6	0			98	75
3105	0	0			135	75
3106	0	1			150	75
3107	0	1			150	75
3108	1	1			89	75
3109	0	0			150	75
3110	0	0			111	75
3111	0	0			130	75
3112	0	2			126	75
3113	0	0			150	75
3114	1	0			120	75
3115	49	0			150	75
3116	0	0			150	75
3117	35	0			132	75
3118	0	0			99	75
3119	29	0			96	75
3120	0	0			150	75
3121	0	0			150	75
3122	0	0			143	75
3123	0	0			84	75
3124	0	0			150	75
3125	0	0			87	75
3126	0	0			150	75
3127	0	1			123	75
3128	0	0			85	75
3129	0	0			147	75
3130	0	0			150	75
3131	0	0			150	75
3132	0	0			150	75
3133	0	237			81	75
3134	0	0			82	75
3135	6	0			150	75
3136	25	0			103	75
3137	0	3			150	75
3138	0	72			87	75
3139	0	5			79	75
3140	0	0			150	75
3141	25	0			150	75
3142	89	88			150	75
3143	6	0			150	75
3144	321	8			150	75
3145	29	1506			99	75
3146	24	1180			128	75
3147	19	0			126	75
3148	1	5			132	75
3149	35	0			150	75
3150	6	4			80	75
3151	35	4			150	75
3152	33	2			150	75
3153	37	4			150	75
3154	55	2			150	75
3155	34	0			150	75
3156	0	0			79	75
3157	0	0			123	75
3158	0	0			150	75
3159	4	0			150	75
3160	0	2			99	75
3161	2	119			141	75
3162	209	0			150	75
3163	14	0			117	75
3164	0	4			98	75
3165	0	0			150	75
3166	0	3			108	75
3167	0	0			132	75
3168	16	3			150	75
3169	0	1			111	75
3170	1	0			79	75
3171	1	20			143	75
3172	18	1			100	75
3173	0	0			150	75
3174	15	2			98	75
3175	9	0			150	75
3176	2	26			121	75
3177	75	0			150	75
3178	37	2			150	75
3179	5	1			150	75
3180	3	0			150	75
3181	3	0			150	75
3182	0	0			79	75
3183	0	4			76	75
3184	0	0			150	75
3185	0	84			150	75
3186	111	0			150	75
3187	0	2			110	75
3188	76	3			101	75
3189	1	107			150	75
3190	42	0			133	75
3191	5	0			93	75
3192	1	5			114	75
3193	1	1			114	75
3194	23	0			150	75
3195	0	1			150	75
3196	0	0			78	75
3197	0	0			150	75
3198	7	0			129	75
3199	0	0			150	75
3200	0	0			86	75
3201	0	2			150	75
3202	14	0			150	75
3203	196	2			137	75
3204	84	0			132	75
3205	293	6			120	75
3206	51	118			150	75
3207	0	0			90	75
3208	13	39			150	75
3209	1	0			150	75
3210	2	2			108	75
3211	147	22			108	75
3212	235	129			108	75
3213	0	0			78	75
3214	66	10			108	75
3215	0	0			85	75
3216	0	0			150	75
3217	0	21			93	75
3218	5	0			111	75
3219	26	0			93	75
3220	0	0			146	75
3221	0	0			79	75
3222	0	0			80	75
3223	11	13			93	75
3224	59	0			105	75
3225	36	7			102	75
3226	80	1			135	75
3227	0	0			98	75
3228	0	0			92	75
3229	0	0			115	75
3230	2	11			150	75
3231	2	13			87	75
3232	2	0			123	75
3233	176	1			150	75
3234	220	3			86	75
3235	1	70			139	75
3236	0	0			129	75
3237	1	9			96	75
3238	0	0			117	75
3239	17	3			97	75
3240	114	0			150	75
3241	1	0			150	75
3242	2	0			150	75
3243	3	11			84	75
3244	49	0			150	75
3245	150	0			91	75
3246	0	1			79	75
3247	32	6			120	75
3248	2	159			150	75
3249	211	0			81	75
3250	9	0			150	75
3251	0	26			100	75
3252	0	1			97	75
3253	1	8			97	75
3254	68	1			150	75
3255	7	52			82	75
3256	0	19			93	75
3257	16	92			86	75
3258	69	0			121	75
3259	145	0			110	75
3260	0	13			79	75
3261	0	0			150	75
3262	18	0			150	75
3263	32	0			150	75
3264	2	0			150	75
3265	0	1			150	75
3266	0	0			150	75
3267	23	4			150	75
3268	55	0			150	75
3269	5	0			150	75
3270	7	3			87	75
3271	0	0			79	75
3272	0	0			90	75
3273	3	1			125	75
3274	0	0			87	75
3275	30	0			77	75
3276	7	3			122	75
3277	0	0			84	75
3278	0	32			95	75
3279	35	9			150	75
3280	22	187			84	75
3281	11	19			150	75
3282	3	43			101	75
3283	1	0			150	75
3284	2	0			150	75
3285	0	0			150	75
3286	0	0			150	75
3287	0	1			79	75
3288	1	0			150	75
3289	0	102			150	75
3290	5	0			131	75
3291	26	0			119	75
3292	0	20			91	75
3293	0	14			80	75
3294	59	0			150	75
3295	8	12			95	75
3296	20	33			150	75
3297	26	33			150	75
3298	14	0			150	75
3299	100	4			150	75
3300	0	0			99	75
3301	23	2			150	75
3302	0	0			86	75
3303	2	0			77	75
3304	3	20			87	75
3305	0	0			141	75
3306	0	0			80	75
3307	0	0			150	75
3308	0	0			150	75
3309	1	1			114	75
3310	0	2			87	75
3311	0	0			83	75
3312	5	0			150	75
3313	0	0			150	75
3314	0	0			150	75
3315	14	130			102	75
3316	260	1			150	75
3317	202	0			81	75
3318	0	0			150	75
3319	0	0			80	75
3320	1218	10			150	75
3321	1908	14			150	75
3322	57	0			123	75
3323	1	2			150	75
3324	1	1			150	75
3325	0	0			79	75
3326	1128	0			150	75
3327	10	0			79	75
3328	10	997			79	75
3329	977	2			150	75
3330	1974	2			150	75
3331	7	8			143	75
3332	8	0			150	75
3333	0	0			120	75
3334	0	1			150	75
3335	0	1			79	75
3336	0	0			97	75
3337	0	0			97	75
3338	5	0			90	75
3339	52	0			85	75
3340	0	0			150	75
3341	27	0			150	75
3342	0	0			150	75
3343	0	0			97	75
3344	4	5			144	75
3345	118	3			128	75
3346	29	2			81	75
3347	30	1			85	75
3348	3	1			79	75
3349	3	22			98	75
3350	1	3			150	75
3351	0	1			79	75
3352	19	0			150	75
3353	1	7			150	75
3354	23	5			150	75
3355	0	0			94	75
3356	0	0			150	75
3357	8	29			150	75
3358	0	1			90	75
3359	0	0			125	75
3360	29	31			90	75
3361	0	0			150	75
3362	0	40			83	75
3363	12	0			150	75
3364	2	10			79	75
3365	0	0			140	75
3366	198	0			116	75
3367	3	0			150	75
3368	28	1			90	75
3369	0	0			150	75
3370	0	0			150	75
3371	0	0			150	75
3372	0	0			112	75
3373	16	230			96	75
3374	0	1			88	75
3375	29	39			102	75
3376	0	0			150	75
3377	11	93			105	75
3378	0	20			90	75
3379	1	28			120	75
3380	27	2			78	75
3381	0	0			96	75
3382	0	0			150	75
3383	24	0			150	75
3384	25	0			119	75
3385	1	0			150	75
3386	47	0			150	75
3387	1	0			150	75
3388	19	1			150	75
3389	2	3			150	75
3390	4	7			104	75
3391	15	7			123	75
3392	11	0			94	75
3393	49	0			113	75
3394	0	2			90	75
3395	2	0			102	75
3396	2	49			109	75
3397	122	3			150	75
3398	3	0			133	75
3399	38	5			150	75
3400	0	0			115	75
3401	1	1			90	75
3402	0	0			150	75
3403	16	200			150	75
3404	11	200			150	75
3405	16	200			150	75
3406	1	5			97	75
3407	7	5			150	75
3408	6	0			150	75
3409	70	3			114	75
3410	1	0			150	75
3411	0	2			104	75
3412	0	0			105	75
3413	0	0			81	75
3414	0	11			138	75
3415	67	1			150	75
3416	0	1			79	75
3417	424	0			96	75
3418	177	0			150	75
3419	62	309			150	75
3420	2	4			145	75
3421	0	0			150	75
3422	0	0			150	75
3423	0	7			88	75
3424	0	0			150	75
3425	0	0			92	75
3426	61	7			102	75
3427	0	0			79	75
3428	0	0			90	75
3429	74	1			84	75
3430	2	0			146	75
3431	2	55			150	75
3432	0	55			150	75
3433	1	0			150	75
3434	0	0			150	75
3435	0	0			150	75
3436	17	0			150	75
3437	0	18			79	75
3438	0	16			150	75
3439	2	14			96	75
3440	22	0			150	75
3441	2	17			95	75
3442	0	0			78	75
3443	0	0			150	75
3444	0	6			150	75
3445	5	22			150	75
3446	0	0			91	75
3447	1	0			150	75
3448	31	2			121	75
3449	0	0			144	75
3450	24	5			78	75
3451	0	5			128	75
3452	0	2			148	75
3453	5	70			87	75
3454	0	2			82	75
3455	53	0			150	75
3456	16	0			140	75
3457	0	12			86	75
3458	544	7			150	75
3459	143	1			150	75
3460	88	3			150	75
3461	109	3			150	75
3462	0	0			117	75
3463	31	0			80	75
3464	1	29			150	75
3465	0	36			111	75
3466	44	1			86	75
3467	21	28			150	75
3468	42	0			150	75
3469	42	0			150	75
3470	4	0			94	75
3471	8	36			102	75
3472	3	59			88	75
3473	94	1			150	75
3474	0	0			150	75
3475	53	2			150	75
3476	11	0			78	75
3477	6	253			99	75
3478	0	1			150	75
3479	3	1			135	75
3480	1	41			150	75
3481	3	0			78	75
3482	2	33			102	75
3483	3	0			109	75
3484	11	0			150	75
3485	11	0			150	75
3486	0	0			88	75
3487	0	0			108	75
3488	13	0			150	75
3489	1	1			150	75
3490	0	0			150	75
3491	0	0			150	75
3492	0	0			150	75
3493	1	0			120	75
3494	1	0			131	75
3495	1	0			138	75
3496	0	0			86	75
3497	0	0			93	75
3498	0	0			82	75
3499	2	4			150	75
3500	4	19			87	75
3501	7	3			150	75
3502	0	310			79	75
3503	8	20			79	75
3504	0	0			150	75
3505	0	0			92	75
3506	0	0			150	75
3507	318	2			78	75
3508	239	0			150	75
3509	4	0			150	75
3510	10	1			150	75
3511	2	16			150	75
3512	0	126			95	75
3513	0	0			150	75
3514	0	0			150	75
3515	0	0			94	75
3516	0	0			90	75
3517	15	0			150	75
3518	1	16			120	75
3519	0	0			150	75
3520	96	33			150	75
3521	2	12			108	75
3522	29	0			150	75
3523	30	0			79	75
3524	0	4			88	75
3525	3	0			142	75
3526	20	0			150	75
3527	11	161			122	75
3528	52	1			150	75
3529	23	0			87	75
3530	83	0			148	75
3531	89	0			150	75
3532	6	0			79	75
3533	1	0			130	75
3534	17	0			120	75
3535	4	0			104	75
3536	4	0			91	75
3537	12	1			96	75
3538	6	0			150	75
3539	2	0			85	75
3540	7	22			150	75
3541	0	4			150	75
3542	0	0			85	75
3543	110	0			129	75
3544	35	0			77	75
3545	1	3			150	75
3546	0	0			93	75
3547	10	56			150	75
3548	58	0			117	75
3549	0	1			150	75
3550	1	11			96	75
3551	2	11			150	75
3552	2	1			150	75
3553	6	0			110	75
3554	3	0			116	75
3555	0	2			150	75
3556	163	7			83	75
3557	2	11			97	75
3558	18	0			97	75
3559	3	467			111	75
3560	5	1			125	75
3561	12	0			79	75
3562	1	0			104	75
3563	13	4			134	75
3564	0	0			109	75
3565	1	0			109	75
3566	0	0			92	75
3567	8	0			127	75
3568	13	0			150	75
3569	12	52			150	75
3570	55	1932			150	75
3571	1	1			150	75
3572	0	0			92	75
3573	1	41			79	75
3574	63	0			83	75
3575	14	0			150	75
3576	0	1			150	75
3577	0	0			150	75
3578	8	15			150	75
3579	0	0			150	75
3580	3	13			150	75
3581	21	7			150	75
3582	33	0			80	75
3583	12	0			123	75
3584	2	7			150	75
3585	0	1			116	75
3586	2	0			81	75
3587	79	0			123	75
3588	7	0			150	75
3589	2	0			79	75
3590	0	3			82	75
3591	0	0			78	75
3592	0	0			150	75
3593	0	29			89	75
3594	0	0			150	75
3595	0	0			150	75
3596	0	0			150	75
3597	0	0			150	75
3598	0	0			150	75
3599	0	11			150	75
3600	23	11			150	75
3601	0	0			150	75
3602	1	6			93	75
3603	18	27			81	75
3604	1	1			150	75
3605	28	42			81	75
3606	0	0			138	75
3607	0	0			150	75
3608	48	27			110	75
3609	22	0			150	75
3610	2	25			137	75
3611	42	0			150	75
3612	1	66			80	75
3613	67	2			150	75
3614	0	0			114	75
3615	0	0			150	75
3616	192	1			87	75
3617	1	1			150	75
3618	3	56			150	75
3619	3	0			102	75
3620	238	108			133	75
3621	3	0			114	75
3622	26	26			124	75
3623	0	2			87	75
3624	2	0			150	75
3625	0	0			150	75
3626	0	1			79	75
3627	0	7			92	75
3628	26	0			86	75
3629	20	1			80	75
3630	1	3			110	75
3631	10	2			150	75
3632	0	2			106	75
3633	1	0			150	75
3634	15	0			150	75
3635	41	0			80	75
3636	197	1840			150	75
3637	0	0			83	75
3638	0	0			149	75
3639	0	0			141	75
3640	734	1			150	75
3641	0	0			86	75
3642	13	2			85	75
3643	119	0			138	75
3644	23	0			113	75
3645	3	10			79	75
3646	0	25			150	75
3647	0	0			150	75
3648	3348	1			92	75
3649	16	3			150	75
3650	0	0			150	75
3651	0	0			87	75
3652	0	0			150	75
3653	0	0			150	75
3654	1	3			150	75
3655	5	4			150	75
3656	7	4			109	75
3657	5	0			150	75
3658	0	0			150	75
3659	0	0			150	75
3660	16	7			84	75
3661	3	0			84	75
3662	0	0			150	75
3663	0	0			100	75
3664	0	0			108	75
3665	301	0			107	75
3666	8	6			150	75
3667	249	11			79	75
3668	15	0			79	75
3669	89	7			79	75
3670	13	0			121	75
3671	2	8			87	75
3672	2	57			99	75
3673	8	57			87	75
3674	6	1			113	75
3675	0	14			102	75
3676	9	2			106	75
3677	0	0			89	75
3678	243	0			100	75
3679	0	0			93	75
3680	0	0			99	75
3681	19	0			78	75
3682	0	0			84	75
3683	0	0			113	75
3684	9	4			108	75
3685	0	1			84	75
3686	0	0			117	75
3687	0	0			150	75
3688	7	6			123	75
3689	4	35			150	75
3690	0	5			150	75
3691	5	0			150	75
3692	13	4			81	75
3693	12	1			81	75
3694	1	5			79	75
3695	3	5			150	75
3696	2	0			150	75
3697	0	0			123	75
3698	0	0			77	75
3699	0	0			105	75
3700	61	1			150	75
3701	2	2			99	75
3702	11	0			99	75
3703	0	10			150	75
3704	324	0			122	75
3705	0	0			150	75
3706	0	0			150	75
3707	0	0			150	75
3708	23	1			102	75
3709	0	0			150	75
3710	4	78			84	75
3711	30	143			87	75
3712	23	0			78	75
3713	18	1			150	75
3714	15	1			91	75
3715	39	1			150	75
3716	0	0			150	75
3717	1	0			150	75
3718	0	5			87	75
3719	1	0			81	75
3720	1	5			84	75
3721	1	70			150	75
3722	0	3			111	75
3723	143	0			144	75
3724	2	2			87	75
3725	3	0			92	75
3726	5	0			97	75
3727	105	1			136	75
3728	162	2			89	75
3729	66	0			150	75
3730	0	0			105	75
3731	8	0			150	75
3732	0	0			122	75
3733	0	0			150	75
3734	0	11			150	75
3735	0	12			101	75
3736	6	26			87	75
3737	29	1			123	75
3738	2	43			111	75
3739	2	0			150	75
3740	36	3			149	75
3741	52	39			150	75
3742	36	39			109	75
3743	2	76			150	75
3744	0	0			131	75
3745	2	0			150	75
3746	4	15			150	75
3747	23	4			99	75
3748	5	104			93	75
3749	4	1782			92	75
3750	0	0			150	75
3751	0	0			150	75
3752	7	0			119	75
3753	9	0			141	75
3754	2	0			97	75
3755	0	0			85	75
3756	2	1			110	75
3757	0	0			114	75
3758	8	233			138	75
3759	24	2			115	75
3760	2	0			150	75
3761	0	37			150	75
3762	27	0			122	75
3763	0	0			96	75
3764	1	0			102	75
3765	1	5			79	75
3766	38	38			120	75
3767	19	1			120	75
3768	82	0			150	75
3769	17	1			113	75
3770	0	53			139	75
3771	2	64			91	75
3772	9	18			119	75
3773	0	0			117	75
3774	0	0			150	75
3775	0	2			87	75
3776	59	1			81	75
3777	0	0			119	75
3778	1	6			97	75
3779	39	8			123	75
3780	15	1			123	75
3781	22	0			105	75
3782	2	0			150	75
3783	0	2			79	75
3784	0	0			125	75
3785	1	0			150	75
3786	9	1			127	75
3787	0	0			123	75
3788	0	0			123	75
3789	0	0			150	75
3790	189	0			102	75
3791	0	0			79	75
3792	4	0			101	75
3793	3	0			113	75
3794	4	11			133	75
3795	20	0			150	75
3796	0	0			94	75
3797	234	0			150	75
3798	36	0			150	75
3799	0	0			84	75
3800	0	0			126	75
3801	0	0			85	75
3802	0	0			102	75
3803	0	0			92	75
3804	62	1			150	75
3805	16	0			150	75
3806	52	15			81	75
3807	27	0			93	75
3808	22	0			111	75
3809	4	10			112	75
3810	24	1			106	75
3811	0	0			85	75
3812	0	0			85	75
3813	29	1			150	75
3814	0	0			85	75
3815	11	0			150	75
3816	0	0			132	75
3817	0	0			125	75
3818	40	1			80	75
3819	0	0			150	75
3820	1	0			150	75
3821	1	44			82	75
3822	0	0			78	75
3823	0	0			102	75
3824	0	0			77	75
3825	0	0			150	75
3826	0	1			87	75
3827	34	19			150	75
3828	11	31			84	75
3829	22	31			87	75
3830	21	10			78	75
3831	7	0			116	75
3832	45	758			150	75
3833	0	84			150	75
3834	11	0			150	75
3835	95	0			100	75
3836	1	21			150	75
3837	1	1			77	75
3838	0	0			150	75
3839	0	0			122	75
3840	0	0			150	75
3841	0	0			150	75
3842	2	1			97	75
3843	0	0			150	75
3844	73	0			150	75
3845	0	0			121	75
3846	0	0			88	75
3847	0	0			79	75
3848	0	0			150	75
3849	0	0			103	75
3850	0	0			150	75
3851	0	0			150	75
3852	1	3			150	75
3853	0	0			99	75
3854	0	2			77	75
3855	36	3			102	75
3856	611	10			150	75
3857	1	1			87	75
3858	2	0			150	75
3859	29	13			150	75
3860	85	7			94	75
3861	0	24			150	75
3862	2	0			125	75
3863	12	0			150	75
3864	8	8			150	75
3865	0	15			106	75
3866	1	3			150	75
3867	0	0			108	75
3868	11	0			86	75
3869	79	2			150	75
3870	52	6			150	75
3871	0	0			76	75
3872	1	0			150	75
3873	18	0			150	75
3874	17	113			91	75
3875	0	0			150	75
3876	0	0			89	75
3877	0	0			89	75
3878	0	0			84	75
3879	0	0			100	75
3880	0	0			98	75
3881	2	13			87	75
3882	0	0			150	75
3883	4	172			79	75
3884	1	0			150	75
3885	13	0			150	75
3886	7	39			150	75
3887	0	7			110	75
3888	15	0			150	75
3889	1	0			150	75
3890	1	0			150	75
3891	0	0			150	75
3892	25	0			90	75
3893	9	1			150	75
3894	3	13			150	75
3895	20	0			143	75
3896	1	11			90	75
3897	5	0			108	75
3898	5	0			150	75
3899	6	1			150	75
3900	7	0			150	75
3901	6	0			150	75
3902	11	0			150	75
3903	3	1			116	75
3904	11	1			150	75
3905	8	0			115	75
3906	23	0			98	75
3907	48	0			150	75
3908	0	0			150	75
3909	4	2			98	75
3910	3	13			150	75
3911	6	2			150	75
3912	16	2			98	75
3913	0	0			81	75
3914	0	9			111	75
3915	0	0			78	75
3916	0	0			150	75
3917	0	0			150	75
3918	0	0			79	75
3919	0	0			99	75
3920	2	0			112	75
3921	23	1			150	75
3922	7	1			150	75
3923	22	22			142	75
3924	1	3			150	75
3925	1	0			118	75
3926	1	0			84	75
3927	0	0			78	75
3928	1	1			86	75
3929	0	0			131	75
3930	1	27			150	75
3931	0	0			150	75
3932	1	0			150	75
3933	2	0			83	75
3934	0	0			150	75
3935	0	0			93	75
3936	18	0			80	75
3937	0	13			150	75
3938	5	9			93	75
3939	163	0			122	75
3940	21	0			122	75
3941	10	0			135	75
3942	0	11			88	75
3943	0	0			86	75
3944	0	0			150	75
3945	2	0			127	75
3946	8	0			150	75
3947	0	0			150	75
3948	39	0			88	75
3949	58	0			150	75
3950	0	0			78	75
3951	1	0			135	75
3952	33	368			150	75
3953	1	0			150	75
3954	3	1			150	75
3955	3	27			150	75
3956	2	27			150	75
3957	0	1			122	75
3958	176	15			150	75
3959	1	0			128	75
3960	0	47			150	75
3961	14	0			150	75
3962	1	9			150	75
3963	0	16			91	75
3964	1	2			150	75
3965	24	0			112	75
3966	0	8			150	75
3967	1	1			89	75
3968	42	5			100	75
3969	26	8			84	75
3970	0	0			112	75
3971	31	0			95	75
3972	0	40			124	75
3973	52	5			150	75
3974	3	25			130	75
3975	1	50			150	75
3976	0	0			103	75
3977	0	0			143	75
3978	0	0			132	75
3979	2	39			131	75
3980	2	50			93	75
3981	0	0			134	75
3982	0	0			143	75
3983	0	0			84	75
3984	109	0			126	75
3985	0	28			80	75
3986	16	0			129	75
3987	23	1			150	75
3988	1	4			99	75
3989	1	1			90	75
3990	0	49			78	75
3991	46	0			150	75
3992	33	0			101	75
3993	0	12			104	75
3994	0	0			150	75
3995	0	0			86	75
3996	35	0			150	75
3997	14	0			150	75
3998	0	2			79	75
3999	3	0			150	75
4000	51	0			78	75
4001	0	0			150	75
4002	14	16			150	75
4003	0	0			108	75
4004	3	1			101	75
4005	27	0			89	75
4006	0	14			81	75
4007	0	0			150	75
4008	0	0			120	75
4009	175	5			147	75
4010	0	0			150	75
4011	0	0			83	75
4012	52	5			114	75
4013	80	3			80	75
4014	2	0			76	75
4015	0	43			150	75
4016	14	0			146	75
4017	15	13			150	75
4018	1	13			79	75
4019	8	74			150	75
4020	5	337			100	75
4021	0	15			150	75
4022	0	0			150	75
4023	0	0			84	75
4024	1	13			150	75
4025	3	0			84	75
4026	0	7			112	75
4027	7	19			100	75
4028	1	0			91	75
4029	1	0			127	75
4030	0	0			92	75
4031	0	0			150	75
4032	2	30			150	75
4033	0	0			111	75
4034	5	23			122	75
4035	0	4			96	75
4036	2	1364			150	75
4037	84	16			120	75
4038	80	1			150	75
4039	43	0			93	75
4040	8	1			103	75
4041	0	0			150	75
4042	2	4			150	75
4043	0	0			84	75
4044	0	1			115	75
4045	60	1			150	75
4046	0	9			80	75
4047	0	0			97	75
4048	4	3			139	75
4049	8	130			150	75
4050	14	0			150	75
4051	40	13			150	75
4052	3	2			114	75
4053	12	19			105	75
4054	17	26			150	75
4055	26	5			105	75
4056	2	0			150	75
4057	0	0			150	75
4058	26	0			79	75
4059	0	0			121	75
4060	0	0			121	75
4061	0	0			134	75
4062	0	0			88	75
4063	2	0			111	75
4064	34	0			150	75
4065	4	2			150	75
4066	118	6			96	75
4067	411	18			93	75
4068	422	275			96	75
4069	29	275			78	75
4070	2	0			79	75
4071	0	0			80	75
4072	0	0			150	75
4073	0	37			89	75
4074	619	0			150	75
4075	19	126			145	75
4076	115	0			133	75
4077	2	47			120	75
4078	0	0			87	75
4079	2	0			118	75
4080	1	0			94	75
4081	0	0			150	75
4082	0	0			150	75
4083	0	0			150	75
4084	0	1			84	75
4085	2	0			99	75
4086	1	1			114	75
4087	1	0			94	75
4088	0	1			80	75
4089	0	6			95	75
4090	0	12			150	75
4091	0	0			150	75
4092	0	0			140	75
4093	0	0			140	75
4094	0	0			150	75
4095	1	1			91	75
4096	62	3140			124	75
4097	56	1			150	75
4098	1	3			150	75
4099	0	0			114	75
4100	140	3957			150	75
4101	118	1			146	75
4102	76	4			150	75
4103	2	2			150	75
4104	0	0			85	75
4105	9	0			150	75
4106	0	2			81	75
4107	0	5			93	75
4108	19	0			150	75
4109	0	0			150	75
4110	0	0			150	75
4111	0	0			150	75
4112	1	1			123	75
4113	8	0			78	75
4114	0	5			150	75
4115	166	0			131	75
4116	0	1			79	75
4117	0	13			79	75
4118	2	173			150	75
4119	1	1			119	75
4120	0	1			150	75
4121	1	9			80	75
4122	5	0			92	75
4123	13	0			87	75
4124	9	0			150	75
4125	1	0			92	75
4126	1	4			150	75
4127	6	78			150	75
4128	4	1			150	75
4129	0	0			123	75
4130	100	7			86	75
4131	6	1			85	75
4132	113	0			150	75
4133	0	0			139	75
4134	0	0			129	75
4135	0	82			120	75
4136	1	0			150	75
4137	0	0			150	75
4138	0	0			87	75
4139	89	0			150	75
4140	13	4			131	75
4141	3	1			150	75
4142	1	0			95	75
4143	2	0			150	75
4144	0	0			106	75
4145	0	0			150	75
4146	9	2			150	75
4147	0	7			78	75
4148	96	0			150	75
4149	0	1			87	75
4150	2	58			150	75
4151	3	20			150	75
4152	0	0			125	75
4153	0	0			90	75
4154	13	4			104	75
4155	25	2			150	75
4156	1	0			150	75
4157	159	0			150	75
4158	98	0			82	75
4159	0	0			150	75
4160	0	0			100	75
4161	0	0			91	75
4162	109	0			102	75
4163	0	0			150	75
4164	0	1			134	75
4165	0	0			150	75
4166	0	0			150	75
4167	0	0			144	75
4168	0	0			140	75
4169	7	1			150	75
4170	2	7			94	75
4171	3	63			94	75
4172	7	4			150	75
4173	5	0			150	75
4174	0	0			150	75
4175	2	20			90	75
4176	0	45			82	75
4177	2	3			150	75
4178	0	92			91	75
4179	6	0			125	75
4180	0	0			150	75
4181	2	20			89	75
4182	379	8			141	75
4183	1	0			150	75
4184	4	12			89	75
4185	2	2			150	75
4186	13	1			150	75
4187	9	0			150	75
4188	1	0			150	75
4189	0	0			85	75
4190	107	0			93	75
4191	0	0			83	75
4192	0	0			116	75
4193	0	0			95	75
4194	0	0			133	75
4195	0	0			113	75
4196	2	18			150	75
4197	1	26			79	75
4198	4	32			150	75
4199	63	3			150	75
4200	3	0			121	75
4201	37	0			129	75
4202	26	0			121	75
4203	207	8			150	75
4204	271	0			108	75
4205	201	0			108	75
4206	240	4			124	75
4207	39	4			91	75
4208	42	10			150	75
4209	38	0			150	75
4210	0	29			109	75
4211	3	0			150	75
4212	3	11			150	75
4213	1	0			121	75
4214	0	0			93	75
4215	0	0			99	75
4216	0	0			109	75
4217	6	0			150	75
4218	0	18			87	75
4219	21	0			96	75
4220	2	0			150	75
4221	0	0			98	75
4222	16	2			150	75
4223	20	1			150	75
4224	32	0			150	75
4225	1	1			103	75
4226	31	0			150	75
4227	9	0			104	75
4228	7	0			150	75
4229	66	1			86	75
4230	406	38			150	75
4231	323	21			120	75
4232	383	13			120	75
4233	1	2			150	75
4234	4	0			123	75
4235	2	23			150	75
4236	69	1			150	75
4237	20	2			150	75
4238	22	2			150	75
4239	20	2			150	75
4240	17	3			150	75
4241	82	0			150	75
4242	36	0			150	75
4243	9	2			95	75
4244	8	0			95	75
4245	18	0			150	75
4246	0	0			113	75
4247	0	0			88	75
4248	0	0			90	75
4249	0	0			150	75
4250	8	1			150	75
4251	8	2			150	75
4252	8	0			150	75
4253	92	8			150	75
4254	0	1			113	75
4255	2	0			83	75
4256	2	1			144	75
4257	2	0			150	75
4258	3	29			80	75
4259	43	0			150	75
4260	69	0			150	75
4261	0	2			150	75
4262	0	5			150	75
4263	0	0			150	75
4264	0	0			79	75
4265	0	0			126	75
4266	22	20			94	75
4267	10	33			85	75
4268	0	3			79	75
4269	74	1			135	75
4270	0	0			79	75
4271	33	0			150	75
4272	0	51			79	75
4273	8	38			150	75
4274	0	0			79	75
4275	0	0			82	75
4276	0	16			120	75
4277	6	0			125	75
4278	2	0			100	75
4279	0	6			79	75
4280	4	11			150	75
4281	7	0			78	75
4282	0	2			137	75
4283	4	0			150	75
4284	6	0			122	75
4285	8	0			150	75
4286	0	0			105	75
4287	86	1			93	75
4288	22	0			150	75
4289	6	0			150	75
4290	1	0			81	75
4291	0	3			150	75
4292	0	0			87	75
4293	6	0			80	75
4294	1	0			93	75
4295	109	6			85	75
4296	213	2			94	75
4297	0	2			85	75
4298	0	1			135	75
4299	0	3			125	75
4300	0	0			98	75
4301	13	0			82	75
4302	0	0			111	75
4303	16	0			110	75
4304	1	1			87	75
4305	24	0			150	75
4306	6	0			150	75
4307	4	0			150	75
4308	0	0			106	75
4309	1	1			123	75
4310	7	0			93	75
4311	1	0			81	75
4312	25	92			150	75
4313	0	0			150	75
4314	0	0			150	75
4315	0	0			150	75
4316	0	326			81	75
4317	148	0			93	75
4318	0	0			79	75
4319	0	15			90	75
4320	3	27			110	75
4321	58	7			150	75
4322	31	3			150	75
4323	261	3			150	75
4324	660	11			149	75
4325	27	1			150	75
4326	6	0			150	75
4327	12	1			150	75
4328	1	2			78	75
4329	6	8			87	75
4330	12	43			150	75
4331	3	18			150	75
4332	4	11			121	75
4333	10	0			82	75
4334	5	0			150	75
4335	1	0			150	75
4336	0	0			81	75
4337	0	0			111	75
4338	0	0			81	75
4339	0	0			82	75
4340	0	0			76	75
4341	0	0			81	75
4342	0	0			150	75
4343	0	0			150	75
4344	1	2			120	75
4345	14	0			114	75
4346	6	8			105	75
4347	0	0			150	75
4348	0	0			90	75
4349	0	0			150	75
4350	0	0			150	75
4351	0	0			129	75
4352	68	0			96	75
4353	132	0			150	75
4354	0	0			107	75
4355	0	0			150	75
4356	35	0			150	75
4357	72	0			150	75
4358	0	0			148	75
4359	0	0			113	75
4360	0	2			150	75
4361	0	1			93	75
4362	149	0			88	75
4363	6	116			110	75
4364	21	3			150	75
4365	15	65			150	75
4366	6	1			112	75
4367	0	0			117	75
4368	3	0			116	75
4369	195	1			134	75
4370	0	38			85	75
4371	4	5			102	75
4372	0	5			133	75
4373	0	0			150	75
4374	0	0			134	75
4375	41	2			130	75
4376	15	0			130	75
4377	0	4			150	75
4378	12	0			127	75
4379	16	0			150	75
4380	5	0			102	75
4381	6	11			136	75
4382	68	0			150	75
4383	2	0			150	75
4384	0	3			150	75
4385	38	105			144	75
4386	0	0			150	75
4387	53	3			116	75
4388	32	1			90	75
4389	9	0			90	75
4390	0	2			79	75
4391	31	0			150	75
4392	0	0			150	75
4393	14	0			102	75
4394	0	0			140	75
4395	2	33			110	75
4396	3	7			130	75
4397	37	0			150	75
4398	28	4			84	75
4399	22	0			84	75
4400	16	336			113	75
4401	8	0			100	75
4402	0	0			150	75
4403	11	6			126	75
4404	1	49			86	75
4405	580	0			150	75
4406	0	0			88	75
4407	0	0			150	75
4408	0	0			78	75
4409	2	2			94	75
4410	38	3			150	75
4411	57	0			150	75
4412	36	23			114	75
4413	308	7			105	75
4414	203	27			150	75
4415	262	2			84	75
4416	172	0			150	75
4417	68	25			116	75
4418	145	0			150	75
4419	86	0			150	75
4420	102	1			150	75
4421	20	0			150	75
4422	23	1			129	75
4423	58	12			150	75
4424	1	0			150	75
4425	292	2			98	75
4426	61	0			150	75
4427	0	0			133	75
4428	1	29			103	75
4429	83	0			150	75
4430	4	17			80	75
4431	2	0			80	75
4432	0	0			93	75
4433	42	0			126	75
4434	0	0			122	75
4435	0	0			79	75
4436	0	128			150	75
4437	112	1			102	75
4438	0	1			88	75
4439	4	2			106	75
4440	11	2			150	75
4441	11	0			150	75
4442	60	0			121	75
4443	1	1			106	75
4444	17	136			103	75
4445	12	37			150	75
4446	12	2			150	75
4447	49	2			150	75
4448	4	0			85	75
4449	0	0			150	75
4450	5	0			150	75
4451	5	0			150	75
4452	0	0			117	75
4453	3	36			150	75
4454	0	0			87	75
4455	141	0			124	75
4456	12	10			134	75
4457	25	0			150	75
4458	34	0			150	75
4459	0	0			79	75
4460	13	0			150	75
4461	0	0			111	75
4462	0	0			150	75
4463	0	0			145	75
4464	0	12			94	75
4465	5	71			118	75
4466	4	71			121	75
4467	0	1			78	75
4468	2	56			79	75
4469	42	0			90	75
4470	41	10			150	75
4471	0	0			76	75
4472	0	16			123	75
4473	0	0			86	75
4474	1	0			150	75
4475	1	7			114	75
4476	88	0			125	75
4477	3	3			150	75
4478	3	0			150	75
4479	6	35			87	75
4480	1	0			122	75
4481	0	0			150	75
4482	0	0			150	75
4483	0	0			150	75
4484	0	1			85	75
4485	1	61			94	75
4486	0	0			150	75
4487	0	0			104	75
4488	0	0			150	75
4489	7	0			150	75
4490	2	0			150	75
4491	0	41			150	75
4492	84	2			150	75
4493	6	83			107	75
4494	5	9			150	75
4495	4	0			82	75
4496	0	2			82	75
4497	0	59			93	75
4498	0	0			150	75
4499	0	0			90	75
4500	381	1180			79	75
4501	0	0			83	75
4502	0	0			103	75
4503	0	0			89	75
4504	0	1			150	75
4505	139	8			79	75
4506	11	2020			79	75
4507	0	0			86	75
4508	1	3			150	75
4509	3	0			79	75
4510	1	0			85	75
4511	0	12			150	75
4512	2	38			150	75
4513	9	0			150	75
4514	0	0			78	75
4515	0	0			150	75
4516	0	0			150	75
4517	0	0			150	75
4518	0	0			150	75
4519	68	0			102	75
4520	356	6			118	75
4521	165	17			123	75
4522	185	20			123	75
4523	234	8			90	75
4524	20	153			150	75
4525	0	0			82	75
4526	35	0			90	75
4527	602	0			139	75
4528	0	1			79	75
4529	2	0			120	75
4530	4	28			150	75
4531	1	54			114	75
4532	3	0			150	75
4533	6	9			150	75
4534	23	1			150	75
4535	16	253			101	75
4536	0	0			150	75
4537	7	0			77	75
4538	2	0			120	75
4539	0	0			150	75
4540	2	83			79	75
4541	6	19			99	75
4542	2	5			99	75
4543	10	1			123	75
4544	8	527			90	75
4545	0	0			139	75
4546	0	0			81	75
4547	3	8			87	75
4548	6	14			87	75
4549	0	0			150	75
4550	115	7			99	75
4551	38	18			150	75
4552	76	0			150	75
4553	90	0			150	75
4554	13	0			88	75
4555	20	3			101	75
4556	3	2			150	75
4557	0	1			79	75
4558	2	3			150	75
4559	3	0			150	75
4560	1	0			103	75
4561	0	0			79	75
4562	12	46			150	75
4563	0	0			150	75
4564	0	6			95	75
4565	2	8			78	75
4566	4	0			115	75
4567	0	0			108	75
4568	7	331			150	75
4569	0	0			88	75
4570	0	0			133	75
4571	0	0			120	75
4572	0	1			150	75
4573	1	2			150	75
4574	9	0			150	75
4575	13	51			150	75
4576	47	0			81	75
4577	0	0			150	75
4578	8	53			106	75
4579	11	40			86	75
4580	28	0			90	75
4581	103	0			150	75
4582	21	5			150	75
4583	5	0			150	75
4584	2	8			150	75
4585	0	0			150	75
4586	44	0			150	75
4587	2	0			150	75
4588	0	0			119	75
4589	23	0			95	75
4590	5	51			150	75
4591	49	0			102	75
4592	0	0			81	75
4593	0	4			79	75
4594	0	0			127	75
4595	12	24			93	75
4596	17	0			150	75
4597	27	240			90	75
4598	0	67			150	75
4599	0	0			150	75
4600	9	0			150	75
4601	0	0			150	75
4602	0	0			150	75
4603	7	18			85	75
4604	2	1			85	75
4605	0	2			97	75
4606	1	10			84	75
4607	15	72			99	75
4608	1	0			150	75
4609	0	9			150	75
4610	6	1			150	75
4611	51	1925			150	75
4612	1939	5			150	75
4613	182	961			150	75
4614	5	1			150	75
4615	4	4			87	75
4616	0	0			114	75
4617	63	0			150	75
4618	20	0			150	75
4619	31	0			117	75
4620	17	15			150	75
4621	5	0			146	75
4622	0	57			84	75
4623	65	0			114	75
4624	3	6			150	75
4625	0	0			83	75
4626	56	0			131	75
4627	0	0			150	75
4628	0	94			91	75
4629	25	1			81	75
4630	16	0			81	75
4631	0	0			108	75
4632	5	0			103	75
4633	0	6			80	75
4634	21	12			150	75
4635	15	0			150	75
4636	38	2			150	75
4637	0	0			150	75
4638	8	12			150	75
4639	0	0			122	75
4640	0	9			85	75
4641	3	2			150	75
4642	0	0			150	75
4643	1	1			150	75
4644	115	0			150	75
4645	1	110			84	75
4646	1	0			150	75
4647	1	4			105	75
4648	37	0			135	75
4649	3	40			150	75
4650	0	0			150	75
4651	6	0			92	75
4652	1	158			81	75
4653	0	0			138	75
4654	3	20			81	75
4655	1	51			150	75
4656	0	0			79	75
4657	71	2			150	75
4658	72	0			150	75
4659	88	65			150	75
4660	0	0			95	75
4661	44	0			141	75
4662	1	1			150	75
4663	36	0			81	75
4664	0	0			150	75
4665	0	0			94	75
4666	30	0			78	75
4667	67	1			150	75
4668	49	0			110	75
4669	23	2			88	75
4670	2	0			88	75
4671	3	23			98	75
4672	650	0			150	75
4673	286	0			130	75
4674	38	0			150	75
4675	29	0			123	75
4676	12	0			80	75
4677	11	2			150	75
4678	1	0			150	75
4679	9	0			150	75
4680	0	0			150	75
4681	2	49			115	75
4682	0	0			96	75
4683	0	0			117	75
4684	0	0			150	75
4685	5	0			150	75
4686	3	4			118	75
4687	3	9			114	75
4688	110	3			150	75
4689	1	18			150	75
4690	1	0			87	75
4691	0	0			77	75
4692	0	0			150	75
4693	7	26			150	75
4694	2	57			79	75
4695	75	0			107	75
4696	8	3			120	75
4697	2	0			106	75
4698	0	2			106	75
4699	0	0			106	75
4700	6	4			150	75
4701	1	4			144	75
4702	2	0			150	75
4703	7	30			150	75
4704	9	0			150	75
4705	8	0			150	75
4706	2	0			150	75
4707	0	0			81	75
4708	0	0			115	75
4709	0	0			81	75
4710	0	45			150	75
4711	4	38			150	75
4712	0	6			150	75
4713	38	6			150	75
4714	0	0			150	75
4715	28	1			78	75
4716	32	0			150	75
4717	0	0			79	75
4718	0	0			84	75
4719	87	0			150	75
4720	5	175			83	75
4721	8	1			93	75
4722	0	0			78	75
4723	8	3			150	75
4724	1	0			101	75
4725	1	3			101	75
4726	102	4			150	75
4727	415	0			150	75
4728	35	0			128	75
4729	2	17			93	75
4730	0	17			97	75
4731	0	2			79	75
4732	41	1			150	75
4733	8	0			150	75
4734	0	0			150	75
4735	49	0			121	75
4736	0	0			110	75
4737	0	7			150	75
4738	0	0			150	75
4739	0	37			84	75
4740	15	1			78	75
4741	0	7			87	75
4742	1	2			150	75
4743	1	0			84	75
4744	103	0			84	75
4745	0	6			110	75
4746	7	0			81	75
4747	30	2			108	75
4748	0	0			100	75
4749	19	1			150	75
4750	0	0			92	75
4751	5	0			98	75
4752	13	0			150	75
4753	9	1			107	75
4754	5	0			107	75
4755	5	3			150	75
4756	0	0			107	75
4757	0	0			85	75
4758	0	0			95	75
4759	0	0			123	75
4760	0	7			150	75
4761	8	0			79	75
4762	4	117			133	75
4763	18	101			150	75
4764	0	0			139	75
4765	0	1			79	75
4766	0	0			150	75
4767	9	0			98	75
4768	3	0			150	75
4769	9	0			89	75
4770	0	0			150	75
4771	5	2			150	75
4772	5	3			150	75
4773	2	3			79	75
4774	398	1			126	75
4775	5	15			111	75
4776	0	0			79	75
4777	0	0			146	75
4778	2926	14			135	75
4779	0	0			110	75
4780	1	10			150	75
4781	1	1			141	75
4782	33	0			150	75
4783	25	1			150	75
4784	34	6			150	75
4785	1	2			79	75
4786	0	138			100	75
4787	7	0			150	75
4788	2	1			94	75
4789	0	0			90	75
4790	239	0			150	75
4791	19	2			121	75
4792	0	0			81	75
4793	3	0			150	75
4794	0	6			79	75
4795	0	7			150	75
4796	0	0			94	75
4797	0	0			90	75
4798	5	76			114	75
4799	1	52			109	75
4800	13	0			96	75
4801	6	58			150	75
4802	1	6			99	75
4803	0	0			150	75
4804	0	0			150	75
4805	0	0			150	75
4806	0	0			97	75
4807	0	0			150	75
4808	0	0			150	75
4809	0	0			118	75
4810	3	25			83	75
4811	10	3			80	75
4812	21	311			150	75
4813	0	0			118	75
4814	34	29			81	75
4815	55	1			150	75
4816	3	0			79	75
4817	0	0			108	75
4818	1	0			111	75
4819	36	0			150	75
4820	26	0			86	75
4821	83	12			150	75
4822	0	0			111	75
4823	0	0			150	75
4824	4	32			125	75
4825	52	5			109	75
4826	16	56			87	75
4827	8	1			150	75
4828	8	3			150	75
4829	7	3			128	75
4830	0	6			79	75
4831	0	0			133	75
4832	0	0			122	75
4833	0	0			150	75
4834	7	32			79	75
4835	21	2			150	75
4836	1	22			93	75
4837	0	24			111	75
4838	0	0			120	75
4839	10	29			108	75
4840	1	0			80	75
4841	0	20			87	75
4842	0	0			150	75
4843	56	2			150	75
4844	13	0			150	75
4845	76	38			123	75
4846	6	0			116	75
4847	2	0			150	75
4848	3	95			150	75
4849	5	0			122	75
4850	5	79			122	75
4851	13	4			84	75
4852	0	1			79	75
4853	3	14			150	75
4854	0	0			150	75
4855	0	1			150	75
4856	0	0			96	75
4857	175	26			150	75
4858	6	3			99	75
4859	6	1			150	75
4860	0	13			79	75
4861	0	0			121	75
4862	0	0			150	75
4863	0	0			90	75
4864	1	2			90	75
4865	5	6			112	75
4866	27	0			147	75
4867	0	0			81	75
4868	6	0			105	75
4869	16	1			150	75
4870	10	1			126	75
4871	1	4			150	75
4872	12	251			81	75
4873	7	97			150	75
4874	0	0			150	75
4875	0	0			150	75
4876	0	0			150	75
4877	68	0			150	75
4878	2	6			122	75
4879	8	0			110	75
4880	0	0			78	75
4881	28	48			129	75
4882	24	29			150	75
4883	20	29			150	75
4884	28	29			150	75
4885	20	29			150	75
4886	11	4			88	75
4887	20	4			94	75
4888	12	4			106	75
4889	9	0			81	75
4890	1	0			93	75
4891	0	8			87	75
4892	41	8			150	75
4893	0	0			150	75
4894	0	0			87	75
4895	0	0			93	75
4896	0	0			81	75
4897	0	0			126	75
4898	0	0			150	75
4899	0	0			105	75
4900	22	832			107	75
4901	1	0			119	75
4902	44	0			100	75
4903	11	13			84	75
4904	4	3			150	75
4905	1	4			96	75
4906	0	0			150	75
4907	1	10			95	75
4908	3	2			150	75
4909	6	4			130	75
4910	1	7			150	75
4911	1	0			79	75
4912	0	0			81	75
4913	5	0			150	75
4914	5	13			110	75
4915	8	30			150	75
4916	3	55			121	75
4917	0	43			85	75
4918	21	0			139	75
4919	12	2			79	75
4920	17	4			150	75
4921	14	5			150	75
4922	5	325			150	75
4923	3	2			140	75
4924	0	0			123	75
4925	0	8			89	75
4926	0	0			79	75
4927	52	3			150	75
4928	0	3			92	75
4929	2	1			113	75
4930	0	6			150	75
4931	0	0			150	75
4932	0	0			84	75
4933	3	34			150	75
4934	0	0			97	75
4935	0	0			97	75
4936	15	6			120	75
4937	26	0			150	75
4938	10	0			131	75
4939	45	0			150	75
4940	1144	70			150	75
4941	9	11			126	75
4942	0	3			123	75
4943	0	1			123	75
4944	0	0			150	75
4945	8	0			127	75
4946	0	0			111	75
4947	0	0			150	75
4948	20	24			84	75
4949	0	6			118	75
4950	10	4			150	75
4951	2	0			150	75
4952	17	0			93	75
4953	0	0			150	75
4954	114	17			93	75
4955	17	17			144	75
4956	2	99			126	75
4957	389	0			110	75
4958	0	0			150	75
4959	100	0			141	75
4960	71	2			150	75
4961	21	0			137	75
4962	0	0			150	75
4963	0	0			150	75
4964	0	0			150	75
4965	5	386			150	75
4966	0	0			89	75
4967	1	0			79	75
4968	2	1			150	75
4969	1	1			150	75
4970	0	0			80	75
4971	3	0			150	75
4972	2	0			150	75
4973	0	0			108	75
4974	0	0			150	75
4975	0	0			150	75
4976	9	0			148	75
4977	3	1			113	75
4978	7	0			150	75
4979	42	0			150	75
4980	4	0			84	75
4981	4	5			150	75
4982	4	5			150	75
4983	6	1			150	75
4984	0	0			109	75
4985	7	4			150	75
4986	0	12			133	75
4987	0	2			102	75
4988	1	0			79	75
4989	0	0			126	75
4990	2	6			105	75
4991	0	0			118	75
4992	0	93			150	75
4993	2	61			150	75
4994	0	34			80	75
4995	21	0			149	75
4996	0	0			150	75
4997	2	0			132	75
4998	0	0			150	75
4999	9	0			85	75
5000	1	3			135	75
5001	1	0			138	75
5002	1	11			142	75
5003	14	0			150	75
5004	3	0			78	75
5005	3	11			82	75
5006	16	0			150	75
5007	0	11			79	75
5008	13	0			150	75
5009	24	0			150	75
5010	1	72			150	75
5011	16	7			114	75
5012	0	34			77	75
5013	95	3			150	75
5014	18	4			79	75
5015	0	0			79	75
5016	0	0			117	75
5017	2	33			150	75
5018	0	0			96	75
5019	25	8			120	75
5020	0	30			84	75
5021	1	0			120	75
5022	0	0			150	75
5023	0	0			109	75
5024	0	0			78	75
5025	149	2			150	75
5026	5	0			129	75
5027	1	3			117	75
5028	274	6			150	75
5029	8242	231			90	75
5030	0	0			145	75
5031	1	8			150	75
5032	6	2			150	75
5033	4	28			79	75
5034	0	0			96	75
5035	0	0			96	75
5036	0	0			96	75
5037	0	0			96	75
5038	9	3			90	75
5039	64	3			150	75
5040	399	0			83	75
5041	1	1			80	75
5042	343	1			89	75
5043	0	1			100	75
5044	2	0			126	75
5045	0	0			146	75
5046	0	0			150	75
5047	0	0			91	75
5048	0	0			150	75
5049	0	0			101	75
5050	4	3			104	75
5051	15	0			121	75
5052	57	0			105	75
5053	0	0			148	75
5054	0	98			150	75
5055	0	82			79	75
5056	0	0			150	75
5057	0	35			150	75
5058	1	0			88	75
5059	1	10			85	75
5060	21	0			150	75
5061	0	0			81	75
5062	1	15			89	75
5063	5	4			109	75
5064	21	10			150	75
5065	3	1			150	75
5066	3	54			99	75
5067	55	1			150	75
5068	13	0			129	75
5069	0	0			83	75
5070	0	10			150	75
5071	7	17			150	75
5072	1	5			120	75
5073	0	0			150	75
5074	0	0			150	75
5075	0	0			93	75
5076	20	1			109	75
5077	0	0			103	75
5078	209	3			150	75
5079	0	0			150	75
5080	0	0			150	75
5081	0	10			150	75
5082	24	8			150	75
5083	6	10			117	75
5084	1	2			84	75
5085	0	0			96	75
5086	0	0			102	75
5087	2	56			88	75
5088	0	0			136	75
5089	0	0			150	75
5090	0	0			150	75
5091	1	0			82	75
5092	0	1			99	75
5093	5	0			150	75
5094	12	0			150	75
5095	0	0			150	75
5096	3	0			137	75
5097	153	385			141	75
5098	2	1			150	75
5099	5	21			150	75
5100	0	0			150	75
5101	0	0			150	75
5102	0	0			131	75
5103	1	0			120	75
5104	0	37			150	75
5105	0	266			79	75
5106	1	22			95	75
5107	22	0			79	75
5108	1	0			127	75
5109	0	21			123	75
5110	28	2			85	75
5111	2	0			147	75
5112	0	0			99	75
5113	33	0			150	75
5114	0	0			77	75
5115	0	0			96	75
5116	0	0			150	75
5117	0	0			150	75
5118	1	0			81	75
5119	0	64			79	75
5120	0	0			150	75
5121	11	1			87	75
5122	0	0			150	75
5123	0	20			150	75
5124	9	0			91	75
5125	220	0			112	75
5126	91	0			150	75
5127	20	141			150	75
5128	16	0			99	75
5129	0	56			79	75
5130	46	10			81	75
5131	3	0			90	75
5132	2	3			90	75
5133	5	0			114	75
5134	1	0			150	75
5135	0	0			100	75
5136	0	35			119	75
5137	43	0			104	75
5138	0	9			102	75
5139	1	113			150	75
5140	0	0			81	75
5141	0	107			79	75
5142	123	0			150	75
5143	116	9			150	75
5144	0	0			150	75
5145	8	1			150	75
5146	25	10			127	75
5147	4	11			150	75
5148	87	0			150	75
5149	86	4			150	75
5150	6	0			114	75
5151	1	79			82	75
5152	974	12			141	75
5153	0	0			150	75
5154	0	0			150	75
5155	5	1			150	75
5156	14	0			150	75
5157	179	0			150	75
5158	0	0			79	75
5159	0	0			107	75
5160	7	0			129	75
5161	15	0			150	75
5162	43	41			120	75
5163	0	0			79	75
5164	0	0			150	75
5165	0	0			81	75
5166	2	22			85	75
5167	0	0			77	75
5168	0	0			146	75
5169	4	1			150	75
5170	10	342			138	75
5171	0	3			84	75
5172	0	4			150	75
5173	44	176			150	75
5174	17	176			150	75
5175	15	176			150	75
5176	7	2			110	75
5177	63	2			150	75
5178	67	0			138	75
5179	9	175			150	75
5180	118	0			112	75
5181	184	1			87	75
5182	26	0			150	75
5183	0	0			101	75
5184	33	261			80	75
5185	1	0			81	75
5186	26	17			81	75
5187	13	0			150	75
5188	179	3			99	75
5189	519	4			99	75
5190	0	0			150	75
5191	0	0			150	75
5192	0	0			150	75
5193	11	0			150	75
5194	17	39			150	75
5195	0	149			150	75
5196	0	0			79	75
5197	0	161			79	75
5198	3	334			85	75
5199	4	0			150	75
5200	4	0			150	75
5201	3	0			150	75
5202	0	14			78	75
5203	7	0			150	75
5204	196	2			150	75
5205	3	0			137	75
5206	0	0			99	75
5207	0	0			78	75
5208	0	0			84	75
5209	0	0			79	75
5210	0	0			150	75
5211	0	0			84	75
5212	8	0			150	75
5213	8	0			150	75
5214	20	0			150	75
5215	2	2			96	75
5216	0	0			115	75
5217	0	0			100	75
5218	0	2			79	75
5219	219	2			150	75
5220	0	0			150	75
5221	0	0			133	75
5222	0	0			150	75
5223	0	22			115	75
5224	0	1			150	75
5225	123	11			84	75
5226	175	0			108	75
5227	63	0			99	75
5228	0	0			76	75
5229	53	8			150	75
5230	355	1			150	75
5231	406	8			113	75
5232	24	0			150	75
5233	0	0			150	75
5234	6	68			119	75
5235	0	0			150	75
5236	4	0			99	75
5237	3	83			150	75
5238	1	0			138	75
5239	24	0			105	75
5240	0	0			132	75
5241	0	0			150	75
5242	0	0			150	75
5243	0	0			79	75
5244	0	2			138	75
5245	60	0			150	75
5246	8	1			83	75
5247	0	1			80	75
5248	3	40			115	75
5249	4	40			110	75
5250	0	0			150	75
5251	0	0			96	75
5252	0	0			101	75
5253	1	0			79	75
5254	1	0			150	75
5255	0	0			81	75
5256	17	0			119	75
5257	2	14			100	75
5258	43	0			102	75
5259	2	0			79	75
5260	43	0			150	75
5261	0	3			81	75
5262	4	0			143	75
5263	0	0			96	75
5264	7708	14			102	75
5265	6	4			102	75
5266	2	8			100	75
5267	16	0			115	75
5268	99	191			150	75
5269	271	0			150	75
5270	109	1			150	75
5271	3	22			89	75
5272	0	0			91	75
5273	4	2			150	75
5274	6076	5			129	75
5275	3412	5			150	75
5276	8	2671			150	75
5277	0	12			150	75
5278	37	0			150	75
5279	21	29			86	75
5280	200	0			150	75
5281	0	0			150	75
5282	12	0			79	75
5283	1	0			100	75
5284	0	11			96	75
5285	14	0			140	75
5286	0	0			140	75
5287	0	0			79	75
5288	4	0			150	75
5289	4	0			150	75
5290	4	0			150	75
5291	1	0			143	75
5292	1	0			150	75
5293	4	0			150	75
5294	11	3			150	75
5295	5	2			150	75
5296	0	0			79	75
5297	0	0			150	75
5298	1	8			150	75
5299	0	0			150	75
5300	0	0			150	75
5301	0	0			150	75
5302	1	0			80	75
5303	1	0			81	75
5304	0	0			150	75
5305	564	16			150	75
5306	458	11			150	75
5307	214	11			150	75
5308	0	0			87	75
5309	0	1			79	75
5310	0	0			149	75
5311	29	3			86	75
5312	11	0			150	75
5313	64	0			100	75
5314	1	8			84	75
5315	0	0			150	75
5316	4	42			79	75
5317	0	0			150	75
5318	0	0			81	75
5319	4	3			150	75
5320	0	139			150	75
5321	0	0			88	75
5322	1	32			150	75
5323	108	0			150	75
5324	1	41			150	75
5325	36	1			86	75
5326	6	2			150	75
5327	0	1			87	75
5328	1	0			103	75
5329	1	0			93	75
5330	5	0			150	75
5331	172	1			125	75
5332	1	0			80	75
5333	0	0			143	75
5334	5	4			139	75
5335	5	19			100	75
5336	6	1			108	75
5337	0	0			100	75
5338	0	0			126	75
5339	1	16			148	75
5340	1019	181			150	75
5341	0	0			102	75
5342	0	0			79	75
5343	1	21			150	75
5344	171	7			150	75
5345	160	2			150	75
5346	15	26			150	75
5347	0	0			103	75
5348	0	1			79	75
5349	0	0			150	75
5350	2	1			150	75
5351	6	0			150	75
5352	5	0			150	75
5353	0	0			99	75
5354	0	3			79	75
5355	0	4			90	75
5356	0	0			138	75
5357	0	0			150	75
5358	0	0			86	75
5359	0	1			144	75
5360	1	2			88	75
5361	11	0			150	75
5362	6	23			150	75
5363	1	1			79	75
5364	166	25			150	75
5365	11	0			78	75
5366	0	1			150	75
5367	0	0			99	75
5368	1	24			150	75
5369	21	21			81	75
5370	3	33			132	75
5371	59	0			150	75
5372	9	54			141	75
5373	0	0			136	75
5374	0	26			103	75
5375	38	1			79	75
5376	0	1			97	75
5377	23	12			107	75
5378	4	0			150	75
5379	2	0			150	75
5380	0	0			150	75
5381	10	0			135	75
5382	0	0			150	75
5383	0	0			108	75
5384	0	0			150	75
5385	2	0			81	75
5386	2	11			150	75
5387	0	4			100	75
5388	0	0			107	75
5389	8	1			150	75
5390	2	5			109	75
5391	0	0			113	75
5392	8	4			135	75
5393	7	0			150	75
5394	88	6			150	75
5395	49	6			150	75
5396	48	4			95	75
5397	141	3			150	75
5398	44	103			150	75
5399	0	0			150	75
5400	2	3			123	75
5401	0	0			150	75
5402	3	90			129	75
5403	192	0			150	75
5404	93	1			150	75
5405	0	0			92	75
5406	2	24			120	75
5407	4	11			120	75
5408	0	0			79	75
5409	4	0			101	75
5410	8	0			150	75
5411	0	0			150	75
5412	0	0			134	75
5413	19	2			80	75
5414	42	3			84	75
5415	17	16			150	75
5416	3	8			150	75
5417	0	0			80	75
5418	11	0			141	75
5419	0	45			87	75
5420	0	0			150	75
5421	2	60			80	75
5422	0	36			113	75
5423	106	7			150	75
5424	0	0			150	75
5425	0	0			150	75
5426	0	0			111	75
5427	2	0			150	75
5428	0	0			94	75
5429	11	1			150	75
5430	1441	0			129	75
5431	7	0			150	75
5432	253	0			101	75
5433	138	0			123	75
5434	4	0			149	75
5435	4	1			79	75
5436	5	84			79	75
5437	0	70			136	75
5438	7	76			150	75
5439	0	0			79	75
5440	0	0			148	75
5441	8	0			113	75
5442	213	0			95	75
5443	0	0			79	75
5444	0	0			150	75
5445	0	0			150	75
5446	0	0			150	75
5447	0	0			150	75
5448	0	0			142	75
5449	7	22			150	75
5450	0	0			78	75
5451	0	9			82	75
5452	793	0			85	75
5453	0	4			127	75
5454	73	1			150	75
5455	0	0			119	75
5456	40	0			107	75
5457	60	0			150	75
5458	36	1			150	75
5459	3	11			150	75
5460	0	0			150	75
5461	9	1			150	75
5462	21	1399			150	75
5463	0	0			150	75
5464	0	0			150	75
5465	0	1			79	75
5466	103	1			150	75
5467	0	0			139	75
5468	8	0			114	75
5469	4	11			88	75
5470	20	0			150	75
5471	0	0			99	75
5472	0	0			109	75
5473	4	1			150	75
5474	4	1			150	75
5475	3	0			122	75
5476	134	2			150	75
5477	191	1			150	75
5478	288	13			150	75
5479	0	0			84	75
5480	0	0			78	75
5481	3	0			139	75
5482	69	1			79	75
5483	5	0			79	75
5484	42	0			150	75
5485	1	0			92	75
5486	7	40			79	75
5487	0	23			80	75
5488	3	0			150	75
5489	3	0			150	75
5490	3	0			150	75
5491	1	0			150	75
5492	1	0			150	75
5493	1	0			150	75
5494	0	0			150	75
5495	0	28			136	75
5496	1	6			85	75
5497	0	0			150	75
5498	101	0			84	75
5499	1	99			150	75
5500	0	3			79	75
5501	0	0			150	75
5502	0	0			87	75
5503	0	0			129	75
5504	0	0			129	75
5505	39	0			150	75
5506	0	0			150	75
5507	9	7			87	75
5508	0	0			96	75
5509	2	21			150	75
5510	68	0			107	75
