ID	IJC_SAMPLE_1	SJC_SAMPLE_1	IJC_SAMPLE_2	SJC_SAMPLE_2	IncFormLen	SkipFormLen
0	0	0			247	137
1	0	0			367	137
2	0	0			367	247
3	0	0			168	98
4	0	0			168	98
5	0	0			138	255
6	0	0			138	255
7	0	0			153	255
8	0	0			153	138
9	0	0			153	138
10	0	0			247	137
11	0	0			367	137
12	0	0			367	247
13	0	0			138	255
14	0	0			138	255
15	0	0			153	255
16	0	0			153	138
17	0	0			153	138
18	0	0			123	165
19	0	0			247	137
20	0	0			367	137
21	0	0			367	247
22	0	0			138	255
23	0	0			138	255
24	0	0			153	255
25	0	0			153	138
26	0	0			153	138
27	0	0			174	214
28	0	0			224	108
29	0	0			192	111
30	0	0			123	165
31	0	0			247	137
32	0	0			367	137
33	0	0			367	247
34	0	0			138	255
35	0	0			138	255
36	0	0			153	255
37	0	0			153	138
38	0	0			153	138
39	0	0			123	165
40	0	0			247	137
41	0	0			367	137
42	0	0			367	247
43	0	0			168	98
44	0	0			168	98
45	0	0			192	111
46	0	0			179	259
47	0	0			259	333
48	0	0			193	192
49	0	0			147	141
50	0	0			218	103
51	0	0			360	151
52	0	0			193	192
53	0	0			111	153
54	0	0			218	103
55	0	0			360	151
56	0	0			147	141
57	0	0			218	103
58	0	0			360	151
59	0	0			193	192
60	0	0			147	141
61	0	0			111	153
62	0	0			193	192
63	0	0			147	141
64	0	0			372	372
65	0	0			218	103
66	0	0			360	151
67	0	0			84	102
68	0	0			148	226
69	0	0			165	238
70	0	0			231	174
71	0	0			141	312
72	0	0			138	297
73	0	0			1374	252
74	0	0			99	126
75	0	0			99	102
76	0	0			102	126
77	0	0			102	129
78	0	0			170	186
79	0	0			206	217
80	0	0			230	203
81	0	0			403	121
82	0	0			182	177
83	0	0			284	177
84	0	0			172	246
85	0	0			172	153
86	0	0			232	211
87	0	0			232	170
88	0	0			190	183
89	0	0			166	291
90	0	0			160	108
91	0	0			126	179
92	0	0			218	103
93	0	0			360	151
94	0	0			173	173
95	0	0			372	372
96	0	0			210	165
97	0	0			123	165
98	0	0			106	170
99	0	0			420	238
100	10	38			138	297
101	4	7			170	186
102	0	0			193	192
103	0	0			192	111
104	0	0			231	231
105	0	0			194	457
106	3	79			115	205
107	5	2			120	183
108	7	0			111	105
109	0	0			217	183
110	0	0			193	114
111	1	5			213	123
112	0	1			184	222
113	30	25			206	217
114	41	2			175	121
115	150	51			319	144
116	54	1			1266	192
117	22	0			93	90
118	12	6			210	231
119	0	5			144	111
120	0	0			93	93
121	0	0			206	126
122	0	0			206	235
123	0	0			126	235
124	32	89			114	141
125	91	59			156	140
126	260	5			153	210
127	0	0			175	160
128	19	26			123	140
129	1	0			211	172
130	0	2			420	238
131	26	10			252	146
132	0	52			188	185
133	10	54			262	738
134	0	0			163	207
135	0	0			136	168
136	0	0			182	221
137	0	5			167	212
138	6	6			142	227
139	87	4			2424	234
140	0	0			167	195
141	23	2			215	169
142	9	27			115	118
143	35	49			129	168
144	15	17			154	146
145	1	0			223	434
146	0	0			223	113
147	1	0			223	113
148	13	0			282	254
149	27	88			146	229
150	38	20			327	207
151	2	4			146	153
152	0	1			153	119
153	0	3			153	130
154	4	0			153	119
155	1	3			119	130
156	0	2			154	255
157	2	9			255	130
158	3	31			121	204
159	2	33			121	204
160	3	33			175	204
161	6	33			180	204
162	3	2			175	121
163	6	2			180	121
164	0	16			147	144
165	0	0			175	215
166	0	0			185	133
167	2	0			129	148
168	2	3			1030	221
169	2	3			197	221
170	3464	4044			205	188
171	33	12			254	254
172	5	26			199	233
173	0	4			141	175
174	0	1			219	184
175	1396	364			297	129
176	707	224			243	132
177	24	23			189	171
178	41	70			191	294
179	120	189			192	243
180	0	0			300	144
181	0	0			117	243
182	0	0			222	207
183	0	0			645	198
184	0	0			123	182
185	3	12			193	225
186	1471	1963			255	318
187	0	184			155	164
188	0	9			232	266
189	0	3			357	155
190	18	9			160	155
191	72	28			148	230
192	29	69			218	204
193	33	28			201	217
194	0	4			151	192
195	52	57			148	123
196	1	0			141	139
197	0	0			163	118
198	138	68			161	222
199	138	106			161	278
200	0	0			183	168
201	0	0			150	222
202	0	0			319	319
203	12	0			192	122
204	28	34			150	254
205	0	0			193	193
206	6	1			106	226
207	116	225			97	97
208	0	0			111	153
209	0	0			218	103
210	0	0			360	151
211	0	0			247	177
212	27	60			147	285
213	0	0			249	373
214	0	0			136	229
215	1	0			147	229
216	432	49			133	243
217	43	29			207	143
218	89	72			319	288
219	52	3			451	197
220	0	0			148	198
221	56	78			163	162
222	44	155			180	159
223	138	32			161	161
224	199	66			156	141
225	0	0			268	366
226	0	0			314	366
227	2	5			240	240
228	10	11			164	136
229	19	0			213	120
230	8	28			260	454
231	0	2			200	195
232	0	5			200	250
233	1035	1623			152	204
234	1	1			124	121
235	1	0			153	157
236	823	890			192	207
237	464	550			168	117
238	0	0			122	119
239	97	246			237	269
240	46	47			202	195
241	0	0			171	118
242	286	4			328	174
243	69	1			85	85
244	0	0			173	206
245	128	194			208	281
246	0	0			143	143
247	0	0			103	143
248	1	0			299	249
249	10	225			163	393
250	2	0			172	172
251	37	46			200	155
252	148	2			138	193
253	255	0			192	265
254	4	8			164	202
255	109	213			183	243
256	2	2			230	202
257	0	0			157	265
258	0	0			269	265
259	0	0			269	157
260	7	11			162	230
261	15	1			206	187
262	15	9			206	169
263	8	1			202	187
264	0	0			133	102
265	2248	2961			147	182
266	44	60			311	299
267	44	63			311	302
268	0	1			248	173
269	19	27			238	242
270	150	154			238	276
271	3788	21101			103	225
272	62	135			192	306
273	0	0			163	132
274	22	1			158	158
275	94	57			252	238
276	62	71			144	243
277	0	0			166	291
278	1	0			190	183
279	0	2			232	170
280	0	2			232	211
281	172	54			397	200
282	0	0			202	226
283	0	0			166	226
284	0	0			125	143
285	0	0			202	204
286	0	0			223	202
287	0	0			166	202
288	0	0			207	202
289	0	5			373	300
290	0	0			167	136
291	0	5			116	199
292	0	0			123	232
293	0	0			204	213
294	7	11			199	141
295	33	11			153	270
296	0	0			194	190
297	0	0			216	190
298	0	0			241	190
299	0	0			199	190
300	0	0			241	211
301	0	0			216	194
302	0	0			241	194
303	0	0			199	194
304	0	0			241	216
305	0	0			199	216
306	0	0			199	241
307	0	0			199	241
308	5	10			145	172
309	0	0			185	159
310	0	1			150	174
311	0	0			158	189
312	0	0			202	121
313	33	19			148	114
314	19	30			160	108
315	22	41			108	180
316	249	545			122	165
317	11	16			117	149
318	0	6			131	125
319	31	2			185	173
320	21	2			160	173
321	108	114			174	165
322	13	8			149	180
323	3	0			148	154
324	0	0			174	214
325	38	244			139	169
326	4	9			214	179
327	65	6			168	144
328	1	1			165	155
329	931	615			241	172
330	0	0			168	193
331	10	16			174	198
332	14	9			119	171
333	2	2			138	158
334	0	0			120	120
335	0	0			133	150
336	3	0			183	114
337	79	67			224	165
338	23	1			268	134
339	9	7			127	126
340	94	47			184	252
341	16	30			129	204
342	0	1			268	123
343	1	0			150	215
344	1	0			201	170
345	2	1			129	153
346	130	75			188	144
347	37	44			195	196
348	36	38			204	196
349	0	58			100	100
350	32	68			119	180
351	24	0			127	119
352	14	0			230	95
353	0	0			174	96
354	1	1			167	153
355	0	0			135	177
356	4	2			167	155
357	2	0			198	187
358	0	0			166	295
359	27	12			292	155
360	15	26			155	224
361	24	7			224	187
362	0	0			176	142
363	4	0			250	176
364	1	0			199	138
365	1	0			199	147
366	0	0			138	147
367	15	37			123	227
368	0	0			167	167
369	28	12			243	177
370	15	12			219	177
371	0	0			250	229
372	33	54			151	196
373	1	87			117	271
374	268	51			171	171
375	265	231			171	171
376	515	1086			196	208
377	3072	29177			232	767
378	4	27			450	651
379	26	27			213	213
380	1	0			176	133
381	0	0			108	135
382	13	90			172	209
383	4	1			337	200
384	4	1			337	196
385	16	29			302	148
386	2	6			202	159
387	0	0			171	198
388	133	4			140	178
389	19	19			114	246
390	26	20			135	102
391	474	54			263	143
392	108	85			181	181
393	5	6			189	249
394	3	1			179	249
395	4	1			182	249
396	5	8			189	189
397	3	3			179	189
398	4	3			182	189
399	272	169			284	192
400	0	0			430	150
401	0	0			163	366
402	0	0			197	104
403	7	0			182	151
404	181	246			235	241
405	44	287			255	235
406	0	0			197	273
407	9	5			198	191
408	4	5			95	156
409	1	1			177	177
410	6	14			220	221
411	6	14			201	221
412	0	2			84	84
413	68	29			211	168
414	1	0			328	200
415	0	0			231	220
416	0	0			102	201
417	7	17			128	243
418	11	6			187	128
419	43	59			200	199
420	14	17			234	171
421	1	109			156	135
422	11	15			150	129
423	0	13			147	147
424	1	9			214	278
425	13	9			212	278
426	13	1			212	214
427	127	0			286	133
428	441	297			160	180
429	0	0			244	174
430	0	0			189	228
431	64	21			284	146
432	60	28			215	159
433	2	1			226	197
434	6	5			197	207
435	39	60			166	166
436	1	0			168	168
437	17	0			363	168
438	17	1			363	168
439	4009	7			127	229
440	15	0			207	161
441	4	0			197	200
442	31	17			147	155
443	30	17			172	155
444	5	5			260	258
445	0	0			207	161
446	297	507			177	259
447	4	23			162	255
448	2765	7			147	245
449	6	0			321	84
450	16	0			516	84
451	5	13			205	462
452	3	13			173	340
453	22	9			200	166
454	0	0			191	195
455	0	0			145	220
456	0	0			145	671
457	1	42			200	227
458	12	20			160	255
459	91	65			205	172
460	0	0			185	189
461	290	517			205	177
462	510	520			203	177
463	91	101			135	143
464	0	0			179	119
465	0	0			79	82
466	2	1			214	214
467	3	27			220	368
468	8	1			704	197
469	2	1			253	197
470	0	11			108	144
471	0	3			108	102
472	0	0			78	255
473	8	379			186	205
474	8	229			186	233
475	3	17			111	161
476	9	0			162	198
477	5	10			154	213
478	41	0			113	137
479	205	135			225	195
480	60	227			118	238
481	270	122			238	153
482	39	92			250	239
483	19	63			175	188
484	296	129			267	150
485	1	0			216	192
486	0	0			158	125
487	38	138			148	259
488	3	3			249	246
489	0	0			246	81
490	0	0			138	236
491	0	0			159	168
492	0	0			159	162
493	0	0			168	162
494	0	0			192	196
495	0	0			354	354
496	6	7			198	203
497	3972	53704			201	201
498	1130	47105			151	151
499	23944	21920			151	138
500	351	22965			151	138
501	19795	18629			138	145
502	2067	1267			231	168
503	1495	1712			168	189
504	33	0			149	137
505	58	63			161	164
506	0	0			98	98
507	0	0			81	81
508	36	2			128	132
509	0	0			168	105
510	0	0			117	105
511	0	0			196	193
512	0	0			171	171
513	0	0			198	292
514	12	1			162	120
515	1	0			163	215
516	0	31			147	144
517	2	3			147	261
518	155	50			203	137
519	33	41			133	147
520	46	46			147	207
521	154	298			178	205
522	2	9			236	197
523	23	56			114	149
524	228	164			145	135
525	193	463			135	433
526	0	0			147	141
527	1	0			207	161
528	1	0			157	146
529	1	0			84	84
530	9	13			190	251
531	28	115			204	750
532	0	0			196	151
533	0	0			692	190
534	10	0			196	163
535	68	25			144	108
536	112	85			178	159
537	0	0			225	141
538	0	0			260	455
539	70	22			192	130
540	70	68			192	185
541	70	96			192	243
542	4	2			240	181
543	4	4			240	115
544	0	0			176	198
545	4	10			192	267
546	0	1			171	231
547	25	1			126	270
548	0	0			221	170
549	4	12			208	120
550	0	0			153	135
551	0	0			96	96
552	37	15			190	116
553	0	0			160	173
554	0	0			129	137
555	41	33			219	204
556	158	0			100	100
557	32	18			279	234
558	0	0			318	421
559	0	0			318	318
560	25	5			222	114
561	10	31			156	201
562	1	0			172	125
563	0	0			193	192
564	14	9			180	147
565	0	1			200	142
566	1	0			142	194
567	0	0			142	111
568	0	0			182	179
569	11	10			133	168
570	16	0			168	114
571	0	1			252	180
572	70	76			230	203
573	0	0			168	246
574	12	68			106	135
575	0	1			174	200
576	55	171			198	251
577	114	92			251	167
578	117	92			251	167
579	1	2			226	148
580	3	4			231	198
581	231	133			249	142
582	8	29			165	153
583	1	6			103	183
584	75	72			348	300
585	0	4			186	216
586	0	0			76	211
587	0	0			138	195
588	0	1			186	194
589	12	32			143	250
590	99	87			134	126
591	3	0			163	138
592	19	0			243	138
593	19	3			243	163
594	0	0			110	127
595	54	82			139	220
596	0	0			126	180
597	67	28			245	162
598	9	6			186	131
599	728	672			198	197
600	46	39			203	211
601	7	0			125	195
602	0	0			530	142
603	7	26			251	242
604	1	0			245	189
605	0	0			143	284
606	0	0			141	255
607	0	0			123	99
608	0	9			211	214
609	0	0			198	131
610	0	0			193	192
611	9	20			155	179
612	1	6			191	732
613	2	844			166	178
614	1	1073			166	178
615	113	244			224	304
616	14	9			126	170
617	176	230			210	234
618	242	227			225	234
619	241	200			225	210
620	5	4			594	412
621	4	4			290	256
622	4	4			290	255
623	41	19			211	166
624	0	2			120	208
625	7	2			147	354
626	0	0			168	202
627	0	0			135	237
628	0	0			211	151
629	0	0			169	126
630	1	9			121	144
631	13	8			243	110
632	0	0			262	317
633	632	5			227	215
634	331	49			960	177
635	1296	3868			222	261
636	32	17			176	192
637	33	31			176	138
638	25	15			228	138
639	0	5			114	170
640	1	75			127	180
641	77	64			257	221
642	6	82			213	234
643	1	26			151	146
644	24	0			255	168
645	24	0			291	168
646	49353	49047			151	180
647	49353	49370			151	214
648	35087	39186			165	151
649	2	24			143	185
650	1732	2437			214	156
651	2	20			269	142
652	14	66			225	324
653	9	66			180	324
654	9	88			180	324
655	0	0			81	81
656	110	47			177	146
657	2	106			127	210
658	0	0			195	179
659	41	181			117	204
660	12	0			178	183
661	1	0			197	183
662	1	12			197	178
663	4	1			233	102
664	0	0			111	114
665	1	33			134	118
666	0	35			270	314
667	15	12			197	159
668	32	24			316	197
669	21	23			239	316
670	0	0			87	84
671	2	0			255	147
672	2	0			255	150
673	0	0			183	150
674	6	28			173	193
675	108	116			185	196
676	0	0			142	106
677	45	1			83	83
678	0	0			200	196
679	0	0			84	84
680	28	56			243	252
681	11	0			92	92
682	0	0			99	99
683	0	0			208	211
684	3	0			206	144
685	3	0			206	167
686	0	0			144	167
687	21	51			214	286
688	1	1			262	299
689	1	1			262	133
690	1	0			262	236
691	1	0			299	236
692	1	0			133	236
693	3	1			278	195
694	3	1			274	191
695	25	47			132	216
696	61	12			216	219
697	1	2			178	109
698	0	0			186	358
699	0	0			186	186
700	8	10			274	197
701	202	0			185	197
702	902	541			183	141
703	9	13			158	238
704	197	202			227	198
705	5	0			125	136
706	71	1			286	128
707	206	1173			207	195
708	152	0			185	249
709	251	95			147	185
710	5	0			279	132
711	1	0			173	132
712	1	5			173	279
713	5	53			112	225
714	1001	20			178	173
715	876	0			107	113
716	0	0			198	279
717	2	8			207	290
718	0	0			255	206
719	13	14			191	158
720	13	7			191	124
721	13	24			191	177
722	1	41			158	262
723	1	5			158	110
724	0	1			138	149
725	175	0			185	150
726	110	0			214	150
727	1	2			217	230
728	379	124			267	120
729	15	45			204	114
730	29	40			252	243
731	0	2			114	200
732	23	17			122	147
733	20	102			162	238
734	29	21			153	108
735	2	1			216	143
736	139	185			174	173
737	0	0			97	99
738	2	0			171	158
739	0	1			120	120
740	0	0			135	195
741	0	0			192	174
742	0	0			164	279
743	22	15			160	108
744	36	122			113	254
745	0	0			87	87
746	0	0			102	229
747	366	165			534	354
748	90	86			245	185
749	71	168			136	171
750	0	0			297	195
751	30	47			124	153
752	0	1			99	100
753	0	0			231	150
754	62	15			177	209
755	1	1			153	169
756	4	1			250	169
757	21	86			114	195
758	44	58			387	366
759	73	26			366	207
760	49	19			241	166
761	0	4			108	129
762	12	1			159	108
763	0	403			90	90
764	67	34			90	78
765	154	107			117	78
766	94	96			180	132
767	149	96			177	132
768	15	14			211	163
769	0	164			113	142
770	92	164			142	142
771	92	0			142	113
772	135	300			171	251
773	0	0			167	167
774	5	9			192	381
775	0	2			148	198
776	0	2			223	198
777	0	1			148	198
778	43	94			201	270
779	2	5			109	141
780	1	112			147	247
781	12	112			206	247
782	0	1			175	121
783	29	1			136	128
784	0	10			170	244
785	0	3			157	138
786	0	3			219	198
787	29	35			282	168
788	0	0			234	195
789	0	0			209	174
790	0	0			209	174
791	0	0			273	174
792	0	0			273	174
793	0	0			87	90
794	5	0			128	199
795	562	2941			103	263
796	1647	2941			170	263
797	8	2			293	169
798	19	81			113	164
799	1	0			200	133
800	89	79			164	245
801	0	0			213	225
802	0	0			190	190
803	12	0			192	105
804	0	8			87	87
805	1	38			129	189
806	5	1			399	224
807	0	0			245	205
808	0	0			245	314
809	0	0			205	314
810	50	21			236	215
811	146	11			223	212
812	0	0			154	124
813	4	1			178	106
814	0	0			184	282
815	0	0			332	306
816	25	30			102	120
817	11	22			132	155
818	0	3			189	216
819	0	0			162	152
820	11	29			300	444
821	15	30			300	444
822	25	18			207	300
823	0	14			200	300
824	1	3			141	149
825	1	4			141	152
826	1	1			173	262
827	0	0			245	231
828	3	1			114	102
829	0	1			126	102
830	6	1			160	102
831	20	1			244	102
832	93	169			266	152
833	106	16			219	203
834	0	0			180	167
835	0	0			180	131
836	0	0			167	131
837	3	91			98	239
838	15	27			217	252
839	32	0			164	235
840	17	12			198	165
841	122	100			183	148
842	114	100			175	148
843	110	141			171	183
844	1	194			188	171
845	6	0			117	161
846	0	31			165	189
847	38	31			293	357
848	10	201			138	372
849	0	0			162	207
850	0	0			199	168
851	139	5			198	180
852	28	25			222	228
853	0	0			127	129
854	0	0			216	269
855	38	111			194	223
856	11574	9273			244	208
857	2	0			474	474
858	0	0			474	474
859	5	23			141	239
860	0	0			110	198
861	0	0			110	229
862	0	0			215	146
863	4	154			124	128
864	45	0			242	184
865	132	359			251	546
866	0	21			151	136
867	10	23			195	251
868	0	0			98	95
869	0	17			130	201
870	4	7			233	179
871	0	27			106	155
872	243	351			321	221
873	1	340			79	247
874	4	27			98	176
875	118	175			185	254
876	29	4			250	203
877	26	88			250	328
878	11	3			258	160
879	0	2			132	132
880	13	4			93	93
881	12	0			96	90
882	13	2			96	90
883	35	1			87	99
884	1	76			116	116
885	0	0			345	360
886	16	36			146	164
887	34	32			166	163
888	34	0			98	101
889	95	122			168	177
890	22	1194			137	166
891	176	1347			137	166
892	898	1153			193	249
893	8	12			301	162
894	18	23			274	209
895	4	28			283	274
896	15	38			180	222
897	0	3			173	173
898	0	0			282	211
899	9	22			204	204
900	1	9			138	179
901	0	0			266	278
902	0	0			223	220
903	80	155			159	172
904	1879	4938			180	387
905	1992	1544			180	183
906	0	2			167	235
907	1	0			250	220
908	4	77			136	193
909	0	0			181	171
910	0	0			181	136
911	0	0			171	136
912	133	157			146	183
913	3	89			158	473
914	53	37			273	262
915	0	32			207	122
916	2509	2542			174	174
917	1225	148			360	135
918	4362	148			849	135
919	104	172			141	177
920	88	2			138	204
921	461	51			150	138
922	18	0			87	87
923	1	0			165	155
924	43	10			220	220
925	5415	5320			174	174
926	10	7			164	202
927	7846	601			443	98
928	9224	208			443	98
929	9224	1325			443	279
930	208	1325			98	279
931	3	1335			98	279
932	4	28			115	216
933	0	0			146	135
934	0	2			249	162
935	6	50			130	270
936	6	14			130	121
937	42	45			270	179
938	11	14			204	264
939	62	115			107	134
940	43	31			268	204
941	0	32			173	236
942	1	0			135	81
943	1	0			135	81
944	0	0			81	81
945	87	91			225	243
946	29	58			232	240
947	17	14			120	108
948	0	0			281	172
949	0	0			281	187
950	0	0			281	237
951	0	0			213	281
952	0	0			84	84
953	0	0			123	219
954	0	0			173	172
955	0	0			205	131
956	17	21			143	119
957	20	21			212	119
958	0	0			220	190
959	0	0			138	169
960	12	8			169	137
961	0	0			211	163
962	66	46			150	110
963	212	82			220	180
964	0	0			251	190
965	12	25			108	180
966	9	2			254	174
967	4	1			204	156
968	92	174			137	194
969	88	5			159	157
970	0	0			194	162
971	0	12			174	279
972	0	0			174	127
973	12	0			279	127
974	98	417			185	264
975	501	826			168	168
976	0	0			96	90
977	1	2			157	210
978	4	2			157	210
979	0	4			254	157
980	0	8			254	157
981	9	7			194	157
982	12	0			194	254
983	76	0			209	95
984	76	0			209	137
985	0	0			95	137
986	0	0			147	141
987	2	0			152	141
988	2	0			152	147
989	0	0			108	245
990	2	1			148	167
991	0	1			188	244
992	0	2			188	319
993	0	1			188	244
994	0	1			162	244
995	0	2			162	319
996	0	2			174	147
997	35	6			168	163
998	32	35			131	153
999	0	0			81	81
1000	0	0			172	172
1001	0	31			81	144
1002	1	31			81	144
1003	1	0			81	81
1004	1	2			177	180
1005	0	0			241	183
1006	44	7			150	135
1007	1	0			175	154
1008	26	7			208	170
1009	19	15			257	261
1010	0	1			148	172
1011	0	0			166	137
1012	0	0			153	343
1013	1	0			132	176
1014	2	40			148	165
1015	2	19			148	161
1016	5	60			165	251
1017	59	105			164	171
1018	25	6			138	97
1019	3	26			97	204
1020	0	0			195	161
1021	0	0			161	211
1022	148	294			183	216
1023	0	0			218	177
1024	299	263			152	173
1025	22	0			262	213
1026	0	2			351	348
1027	0	0			211	172
1028	144	110			190	174
1029	52	18			364	153
1030	0	1			173	199
1031	201	116			167	131
1032	2	0			160	206
1033	0	0			197	197
1034	71	78			162	166
1035	43	29			249	162
1036	47	29			252	162
1037	28	0			90	93
1038	0	0			147	202
1039	10	13			181	226
1040	0	0			218	103
1041	0	0			360	151
1042	0	0			120	160
1043	0	0			168	160
1044	0	0			168	120
1045	0	0			160	120
1046	0	0			202	189
1047	0	207			165	1290
1048	0	0			111	114
1049	31	14			223	147
1050	311	544			288	405
1051	125	49			255	137
1052	0	0			292	215
1053	0	0			159	215
1054	2	0			163	220
1055	0	14			121	135
1056	131	3			205	194
1057	0	48			119	112
1058	8	362			102	263
1059	0	0			90	87
1060	11	4			372	372
1061	0	0			96	96
1062	0	0			280	196
1063	15	6			357	276
1064	8	6			114	144
1065	0	0			147	141
1066	54	61			230	214
1067	1593	1333			151	151
1068	1	0			214	169
1069	46	8			438	208
1070	89	286			136	245
1071	8	10			126	123
1072	8	8			126	186
1073	1	4			129	135
1074	1	3			111	135
1075	2	0			111	262
1076	1	0			129	231
1077	328	247			193	213
1078	347	339			193	199
1079	0	0			110	93
1080	0	0			267	270
1081	0	0			270	190
1082	0	0			270	187
1083	0	0			211	182
1084	3	7			296	173
1085	1	7			183	173
1086	14	13			251	190
1087	1	2			205	114
1088	32	9			206	126
1089	2	30			132	226
1090	0	0			201	184
1091	26	27			207	165
1092	173	307			172	246
1093	324	0			172	153
1094	0	27			248	308
1095	174	3			241	169
1096	113	74			168	206
1097	1	72			286	135
1098	1	0			140	234
1099	1	0			142	161
1100	750	14038			108	109
1101	8035	14038			111	109
1102	20954	191			90	105
1103	9580	221			130	86
1104	48	53			160	176
1105	624	132			269	269
1106	0	0			256	242
1107	14	21			151	136
1108	0	2			120	140
1109	7	23			197	181
1110	0	0			158	268
1111	0	0			153	268
1112	5	0			258	268
1113	3	0			181	268
1114	0	0			153	158
1115	5	0			258	158
1116	3	0			181	158
1117	5	0			258	153
1118	3	0			181	153
1119	0	10			121	162
1120	0	0			121	133
1121	0	0			177	133
1122	0	0			177	121
1123	6701	12916			246	385
1124	2	0			141	163
1125	4	30			195	270
1126	2271	1861			226	221
1127	2272	1669			226	228
1128	1818	2081			221	227
1129	0	0			217	208
1130	3	15			160	254
1131	60	9			144	196
1132	0	0			153	298
1133	0	0			170	205
1134	11	11			205	193
1135	5	4			193	154
1136	0	4			102	177
1137	0	0			246	220
1138	19	32			149	159
1139	4	3			164	100
1140	0	0			226	185
1141	0	0			209	114
1142	21	28			219	302
1143	1	0			222	98
1144	129	301			177	163
1145	350	298			177	163
1146	0	1			213	219
1147	0	9			159	342
1148	0	7			159	264
1149	190	94			285	177
1150	239	197			198	185
1151	1	0			186	196
1152	0	0			155	213
1153	1293	570			185	152
1154	0	0			151	175
1155	2	0			84	96
1156	22	0			144	93
1157	0	0			102	117
1158	0	0			133	117
1159	2	0			168	109
1160	1	0			231	109
1161	2	0			708	168
1162	70	51			144	132
1163	1	0			135	168
1164	57	69			159	171
1165	434	139			276	149
1166	2	0			221	106
1167	3	0			195	171
1168	1	0			176	171
1169	0	1			111	194
1170	11	20			239	326
1171	11	10			239	176
1172	20	10			326	176
1173	18	3			423	189
1174	1	16			123	192
1175	11	6			198	170
1176	50	146			117	233
1177	0	0			246	210
1178	0	0			198	246
1179	0	0			176	130
1180	0	0			176	149
1181	104	455			197	427
1182	104	15			197	275
1183	104	12			197	121
1184	452	12			427	121
1185	455	15			427	275
1186	455	12			427	121
1187	505	12			427	121
1188	4	280			226	220
1189	0	0			353	330
1190	0	0			147	137
1191	0	0			114	170
1192	0	0			133	199
1193	2	0			198	87
1194	149	118			181	164
1195	66	8			674	262
1196	5	3			182	184
1197	1	8			184	215
1198	0	27			249	461
1199	0	27			249	461
1200	0	0			84	93
1201	0	36			173	3082
1202	0	0			110	223
1203	1	0			459	193
1204	11	5			137	173
1205	47	33			143	168
1206	6	6			209	158
1207	103	8			163	158
1208	33	3			186	166
1209	11	0			202	156
1210	0	0			153	163
1211	0	0			78	78
1212	0	0			154	207
1213	15	1			180	141
1214	265	733			166	219
1215	133	733			132	219
1216	29	32			179	215
1217	97	92			189	261
1218	328	93			595	189
1219	38	24			155	147
1220	37	26			147	134
1221	153	49			273	139
1222	48	33			187	139
1223	81	63			404	216
1224	9	63			139	216
1225	49	63			139	216
1226	21	0			238	192
1227	235	178			215	171
1228	1398	144			1005	246
1229	0	0			294	99
1230	0	64			155	81
1231	0	0			128	278
1232	30	24			271	217
1233	61	59			208	161
1234	56	69			222	194
1235	1	0			172	183
1236	6	3			153	180
1237	0	0			134	302
1238	3	1			114	180
1239	14	0			152	92
1240	4	17			266	127
1241	0	0			185	156
1242	0	5			226	280
1243	15	12			136	200
1244	0	1			148	226
1245	2	0			163	220
1246	0	0			198	159
1247	0	0			198	292
1248	0	4			166	291
1249	1	0			190	183
1250	0	0			232	170
1251	0	0			232	211
1252	0	0			218	103
1253	0	0			360	151
1254	0	0			173	224
1255	0	65			144	252
1256	0	0			210	133
1257	0	0			159	210
1258	0	0			166	287
1259	0	13			149	149
1260	29	15			185	146
1261	0	3			186	245
1262	3	14			105	133
1263	160	201			249	273
1264	56	15			204	143
1265	86	10			188	123
1266	4	0			173	193
1267	12	0			197	193
1268	3	0			214	193
1269	3	4			214	173
1270	3	12			214	197
1271	598	334			174	121
1272	0	0			121	147
1273	0	0			165	173
1274	1	0			195	140
1275	41	38			217	221
1276	662	482			171	165
1277	278	789			135	171
1278	494	430			192	135
1279	1	4			194	227
1280	123	144			198	252
1281	10	9			161	169
1282	16	50			153	263
1283	635	853			196	212
1284	0	0			144	131
1285	40	27			248	168
1286	36	289			175	166
1287	0	0			126	179
1288	47	12			190	131
1289	7	51			120	226
1290	6	12			120	131
1291	147	229			170	146
1292	373	8			153	153
1293	274	282			214	217
1294	2	11			205	150
1295	5	11			208	150
1296	3	11			208	150
1297	0	1			243	182
1298	0	0			182	121
1299	77	71			130	148
1300	76	84			132	117
1301	0	0			166	198
1302	55	77			151	151
1303	0	0			180	201
1304	4	0			99	99
1305	10	6			134	154
1306	12	6			160	154
1307	2	0			226	169
1308	3	23			129	237
1309	24	2			125	115
1310	24	36			160	138
1311	0	0			180	330
1312	0	0			258	438
1313	0	0			258	438
1314	0	0			141	259
1315	0	0			152	130
1316	0	0			150	130
1317	0	0			152	156
1318	0	0			150	156
1319	0	0			150	152
1320	0	0			150	152
1321	0	0			186	136
1322	0	0			174	206
1323	70	71			141	143
1324	74	67			143	146
1325	78	59			146	133
1326	50	92			170	182
1327	93	105			156	199
1328	1	9			146	183
1329	1	3			134	581
1330	292	334			201	231
1331	0	0			96	96
1332	20	24			133	147
1333	164	40			273	159
1334	125	29			159	186
1335	3	24			247	334
1336	0	0			147	141
1337	0	0			173	164
1338	9	15			187	140
1339	0	3			123	284
1340	0	1			123	273
1341	0	0			123	78
1342	3	0			284	78
1343	1	0			273	78
1344	894	0			79	79
1345	73	87			304	291
1346	0	0			179	169
1347	10	5			243	252
1348	2	3			309	205
1349	3	3			275	205
1350	44	22			256	211
1351	289	14			113	136
1352	0	0			194	457
1353	0	0			115	205
1354	0	0			139	128
1355	0	0			108	123
1356	75	78			222	188
1357	29	0			128	79
1358	7	3			164	184
1359	7	10			164	216
1360	3	10			184	216
1361	144	299			242	144
1362	245	2			178	76
1363	0	0			238	136
1364	7	0			173	270
1365	2	4			185	173
1366	0	0			201	219
1367	0	13			191	131
1368	0	13			173	131
1369	0	0			170	212
1370	0	0			456	122
1371	102	15			240	231
1372	12	28			213	266
1373	69	43			129	124
1374	0	0			195	153
1375	34	73			114	132
1376	0	31			223	122
1377	0	0			215	267
1378	0	0			196	267
1379	145	426			227	603
1380	0	0			81	81
1381	3	21			130	288
1382	0	9			96	96
1383	0	8			96	93
1384	104	315			118	174
1385	96	28			133	155
1386	9	12			129	210
1387	0	0			395	168
1388	0	0			154	395
1389	2	21			142	150
1390	6	20			142	150
1391	0	5			114	145
1392	0	3			166	193
1393	0	5			166	188
1394	0	3			166	212
1395	0	2			166	145
1396	3	5			193	188
1397	3	3			193	212
1398	3	2			193	145
1399	5	2			188	145
1400	3	2			212	145
1401	0	0			123	192
1402	154	170			247	233
1403	0	0			151	108
1404	1461	176			468	120
1405	144	123			147	141
1406	128	13			147	141
1407	128	327			147	120
1408	13	327			141	120
1409	255	264			141	120
1410	42	0			126	99
1411	19	18			210	235
1412	1	0			159	177
1413	1	0			156	177
1414	2	0			209	155
1415	0	0			245	155
1416	0	0			96	90
1417	21	17			265	222
1418	7	22			172	247
1419	201	0			210	172
1420	89	63			269	230
1421	2	0			1374	252
1422	58	60			243	201
1423	7	11			174	174
1424	4	27			223	345
1425	0	1			214	269
1426	0	0			144	162
1427	0	0			322	199
1428	116	6			248	306
1429	18	22			173	173
1430	0	0			87	87
1431	0	0			165	147
1432	0	0			159	147
1433	0	98			79	260
1434	56	78			278	234
1435	15	78			188	234
1436	7	32			139	194
1437	46	124			172	280
1438	60	94			195	183
1439	174	319			168	207
1440	0	10			84	309
1441	0	1			165	337
1442	1	0			123	165
1443	10	3			172	191
1444	42	24			165	135
1445	249	156			186	136
1446	2	2303			98	98
1447	1628	2029			212	220
1448	76	89			216	210
1449	1	0			140	125
1450	0	0			438	107
1451	0	2			150	187
1452	4	23			106	202
1453	17	63			138	230
1454	5	0			180	90
1455	5	4			339	351
1456	0	1			111	169
1457	0	0			194	237
1458	5	23			207	161
1459	0	21			120	171
1460	5	0			153	153
1461	162	70			212	143
1462	0	6			152	194
1463	0	6			105	194
1464	0	0			105	152
1465	0	0			354	354
1466	204	188			239	213
1467	5	2			126	245
1468	0	53			82	163
1469	0	4			210	231
1470	9	0			309	240
1471	469	634			165	219
1472	549	341			1063	165
1473	1	0			198	292
1474	1	0			198	159
1475	2	0			163	220
1476	52	1490			200	183
1477	161	1490			111	183
1478	25	27			110	125
1479	82	27			158	125
1480	1	0			147	209
1481	14	21			152	202
1482	1	81			147	147
1483	0	0			208	237
1484	0	0			241	214
1485	0	0			193	215
1486	0	0			193	295
1487	0	0			215	295
1488	0	91			215	226
1489	0	73			215	364
1490	1	1			106	106
1491	0	0			100	100
1492	270	1			177	174
1493	484	1			156	174
1494	0	0			219	157
1495	243	374			214	240
1496	92	80			269	237
1497	315	0			267	175
1498	24	105			108	128
1499	160	41			171	108
1500	8	125			232	156
1501	8	231			232	191
1502	8	152			232	236
1503	0	0			159	239
1504	0	0			159	305
1505	0	0			131	159
1506	14	7			240	225
1507	222	185			172	172
1508	38	49			156	213
1509	6	1			163	182
1510	48	0			84	87
1511	423	43			163	119
1512	242	8			132	428
1513	7	0			138	115
1514	42	174			159	228
1515	0	11			230	193
1516	0	0			258	240
1517	0	0			361	108
1518	0	4			124	192
1519	4	9			164	229
1520	9	1			215	164
1521	7	0			141	192
1522	2	0			247	137
1523	2	0			367	137
1524	2	2			367	247
1525	40	25			258	233
1526	0	0			123	192
1527	104	144			141	141
1528	102	123			153	141
1529	5	25			118	187
1530	46	18			197	135
1531	0	0			93	126
1532	1	37			168	168
1533	9	0			193	251
1534	1	8			167	193
1535	0	15			218	292
1536	74	53			247	179
1537	9	28			109	242
1538	80	5			183	129
1539	2	0			165	205
1540	63	48			226	206
1541	0	2			195	138
1542	20	2			490	143
1543	0	0			168	98
1544	0	0			168	98
1545	19	0			219	128
1546	0	2			293	359
1547	37	76			150	194
1548	49	22			200	139
1549	6	210			3036	5337
1550	145	78			266	156
1551	2	4			207	161
1552	0	0			164	145
1553	35	27			267	223
1554	26	1			235	176
1555	0	4			247	255
1556	0	2			129	114
1557	36	166			400	235
1558	212	245			246	135
1559	9	18			142	252
1560	0	0			144	197
1561	0	0			144	157
1562	0	0			159	243
1563	3	1			150	132
1564	214	113			207	200
1565	4	2			142	217
1566	0	33			96	93
1567	15	11			186	190
1568	0	0			168	98
1569	0	0			168	98
1570	76	1			120	247
1571	4593	317			200	197
1572	2723	317			304	197
1573	0	0			156	207
1574	3	3			222	208
1575	0	0			188	231
1576	85	0			99	132
1577	63	355			150	234
1578	60	230			150	234
1579	60	119			150	135
1580	230	119			234	135
1581	180	304			203	226
1582	0	13			149	364
1583	0	2			149	152
1584	9	44			220	758
1585	10	8			168	217
1586	140	200			235	315
1587	14	15			159	200
1588	37	57			198	241
1589	0	39			153	294
1590	0	0			77	401
1591	30	28			146	146
1592	66	118			156	252
1593	11	14			167	207
1594	14	0			167	80
1595	1019	677			177	135
1596	5	45			153	653
1597	59	0			187	135
1598	62	0			155	155
1599	33	19			144	144
1600	0	0			111	153
1601	910	724			149	130
1602	27	64			236	236
1603	68	163			180	270
1604	158	143			316	270
1605	0	127			325	180
1606	0	0			167	167
1607	2	0			235	79
1608	83	397			159	132
1609	1133	206			234	159
1610	50	4			125	168
1611	123	8			125	168
1612	4	8			127	168
1613	52	4			125	168
1614	16	56			131	125
1615	15	5			161	195
1616	0	0			116	158
1617	5	7			180	180
1618	0	4			180	180
1619	0	0			217	250
1620	0	0			153	225
1621	1	0			177	156
1622	0	0			175	205
1623	0	0			159	152
1624	65	172			156	141
1625	106	139			231	238
1626	0	0			127	195
1627	9	17			133	178
1628	11	0			104	155
1629	52	6			116	116
1630	0	0			132	169
1631	32	0			207	192
1632	0	0			93	93
1633	0	0			93	228
1634	2	1			167	141
1635	6	12			167	220
1636	6	8			167	220
1637	6	12			167	149
1638	8	12			220	149
1639	5	135			166	166
1640	0	0			171	114
1641	0	0			174	114
1642	0	0			194	173
1643	0	0			194	197
1644	0	3			194	196
1645	0	14			194	303
1646	0	0			134	173
1647	0	0			134	197
1648	0	7			134	196
1649	0	0			173	197
1650	3	14			196	303
1651	0	0			195	174
1652	0	0			247	137
1653	0	0			367	137
1654	0	0			367	247
1655	0	18			154	189
1656	18	11			189	205
1657	10	68			205	219
1658	10	65			205	216
1659	0	0			171	228
1660	0	0			196	122
1661	4	36			161	248
1662	4	6			189	220
1663	211	239			160	170
1664	81	205			119	160
1665	4889	5782			205	259
1666	10	4			270	291
1667	13	25			114	153
1668	0	105			135	117
1669	48	105			108	117
1670	48	0			108	135
1671	20	0			108	135
1672	203	13			148	148
1673	6	7			142	163
1674	3	7			120	163
1675	10	2			161	142
1676	0	2			120	142
1677	0	8			117	161
1678	3	8			120	161
1679	0	8			117	161
1680	0	8			120	161
1681	4	23			179	259
1682	17	45			259	333
1683	1	1			162	153
1684	0	1			135	147
1685	2	0			115	130
1686	5	3			115	130
1687	2	6			159	159
1688	0	5			90	162
1689	0	1			237	237
1690	0	3			133	122
1691	0	5			133	250
1692	3	5			122	250
1693	15	10			198	201
1694	0	1560			93	93
1695	10	14			121	156
1696	19	6			199	121
1697	1	24			123	243
1698	20	7			156	117
1699	0	0			121	190
1700	0	0			190	199
1701	0	0			121	190
1702	0	0			84	84
1703	0	0			156	84
1704	0	0			156	84
1705	19	3			228	171
1706	2	0			147	147
1707	93	88			159	133
1708	0	3			249	244
1709	0	0			150	164
1710	425	731			139	231
1711	62	20			108	108
1712	7	27			108	108
1713	0	0			251	525
1714	80	34			163	129
1715	1	1			165	179
1716	6	38			195	420
1717	133	52			251	247
1718	0	8			151	172
1719	0	0			165	129
1720	733	85			161	121
1721	468	664			133	161
1722	133	71			224	167
1723	98	138			227	224
1724	0	0			109	204
1725	2092	1368			144	130
1726	4	21			196	392
1727	1	1			126	150
1728	0	1			105	150
1729	964	1687			159	176
1730	1	4			152	187
1731	1	0			152	267
1732	4	0			187	267
1733	5	8			123	167
1734	0	2			93	93
1735	0	0			158	228
1736	31	39			142	136
1737	2	0			211	198
1738	53	4			219	129
1739	21	4			216	129
1740	1	51			115	118
1741	20	12			197	123
1742	73	31			207	213
1743	102	42			207	213
1744	0	0			160	166
1745	1	2			143	166
1746	0	0			190	169
1747	4	0			99	126
1748	0	3			99	102
1749	11	0			102	126
1750	11	0			102	129
1751	12	2			204	102
1752	0	0			180	201
1753	97	132			122	143
1754	0	0			168	98
1755	0	0			168	98
1756	63	41			139	171
1757	0	0			186	199
1758	297	446			165	189
1759	1114	447			435	189
1760	3	1			198	247
1761	0	0			153	169
1762	0	2			157	156
1763	196	60			135	141
1764	10	6			261	261
1765	0	0			147	127
1766	111	2			175	109
1767	40	18			142	175
1768	1	0			102	99
1769	23	25			160	162
1770	0	0			97	200
1771	54	51			186	193
1772	0	0			93	90
1773	0	163			102	245
1774	0	106			102	197
1775	64	86			162	201
1776	1	0			206	99
1777	1	3			148	78
1778	11	0			123	99
1779	48	15			209	142
1780	111	126			237	195
1781	17	4			144	81
1782	1	0			120	150
1783	128	4			171	156
1784	15	250			184	915
1785	10	0			108	96
1786	3	0			189	96
1787	3	10			189	108
1788	0	0			192	111
1789	0	30			158	182
1790	0	63			158	208
1791	7	13			167	175
1792	4	2			150	209
1793	0	0			162	168
1794	0	7			125	231
1795	6	8			172	236
1796	0	0			327	185
1797	0	0			338	200
1798	38	16			205	138
1799	147	0			151	97
1800	139	137			218	167
1801	61	59			200	210
1802	0	0			210	156
1803	10	5			247	136
1804	1	1			189	117
1805	109	268			166	279
1806	0	0			336	192
1807	0	0			192	192
1808	0	0			243	192
1809	0	0			243	192
1810	0	0			336	192
1811	0	0			336	243
1812	0	0			177	336
1813	6	15			215	212
1814	0	0			193	192
1815	2	43			111	170
1816	13	33			174	206
1817	71	115			165	238
1818	7	12			174	177
1819	145	80			153	144
1820	0	0			198	207
1821	0	0			87	87
1822	5	0			197	157
1823	32	53			162	208
1824	39	34			218	151
1825	317	4			173	179
1826	110	96			219	201
1827	0	1			198	229
1828	44	46			249	159
1829	85	97			259	212
1830	113	0			120	162
1831	121	53			247	153
1832	39	51			183	147
1833	66	56			183	147
1834	8	66			231	228
1835	8	111			231	183
1836	142	74			375	183
1837	1	18			176	231
1838	0	0			232	292
1839	3	3			165	146
1840	0	3			164	146
1841	0	3			164	165
1842	6077	483			177	98
1843	0	0			233	265
1844	0	0			210	247
1845	0	0			268	223
1846	27	10			226	147
1847	33	21			372	136
1848	12	4			231	174
1849	2	0			234	213
1850	55	0			263	183
1851	9	20			135	156
1852	2	113			168	180
1853	0	0			138	255
1854	0	0			138	255
1855	0	0			153	255
1856	0	0			153	138
1857	0	0			153	138
1858	1	2			291	170
1859	117	185			181	217
1860	0	0			139	164
1861	13	21			273	270
1862	2	3			182	300
1863	260	136			279	198
1864	151	83			198	152
1865	0	7			108	194
1866	0	0			144	147
1867	0	0			660	304
1868	467	162			193	177
1869	3	15			226	220
1870	131	72			179	151
1871	12091	12737			235	212
1872	11386	12599			215	235
1873	2229	582			129	93
1874	0	0			83	77
1875	130	355			138	180
1876	0	0			176	133
1877	0	0			157	196
1878	0	0			164	87
1879	0	0			87	222
1880	0	0			190	190
1881	127	179			149	191
1882	2167	3125			198	262
1883	14	39			161	236
1884	25	13			205	150
1885	3	0			212	114
1886	3	16			299	229
1887	0	3			118	169
1888	20	29			192	198
1889	0	0			262	183
1890	11	28			167	197
1891	586	706			189	270
1892	1	2			168	191
1893	1	2			168	291
1894	1	0			168	183
1895	30	44			184	153
1896	30	62			184	196
1897	0	0			159	141
1898	0	0			163	164
1899	0	0			123	165
1900	31	9			219	213
1901	7	200			167	167
1902	6	96			167	167
1903	0	0			164	129
1904	0	4			169	170
1905	0	0			125	212
1906	58	52			268	225
1907	8	68			293	231
1908	1	0			190	129
1909	87	21			243	243
1910	104	0			177	133
1911	45	55			185	298
1912	1	44			184	149
1913	1	77			184	149
1914	0	0			129	156
1915	1222	443			174	126
1916	1110	2107			174	297
1917	17	43			126	158
1918	0	0			130	159
1919	0	0			93	159
1920	21	22			208	162
1921	28	98			156	221
1922	1	2			199	169
1923	2	2			193	169
1924	2	1			193	199
1925	9	9			148	153
1926	13	8			156	148
1927	9	6			153	126
1928	0	2			120	90
1929	0	0			120	90
1930	2	0			90	90
1931	23	7			239	144
1932	0	0			168	98
1933	0	0			168	98
1934	8	39			490	166
1935	0	39			109	166
1936	0	8			109	490
1937	10	136			170	329
1938	10	80			170	227
1939	5	6			216	207
1940	5	0			216	183
1941	4	0			135	149
1942	1	0			187	135
1943	17	0			108	111
1944	0	0			143	134
1945	46	67			114	120
1946	5	2			165	206
1947	0	0			172	140
1948	1317	0			176	149
1949	1317	91			176	280
1950	4	303			149	720
1951	4	96			149	249
1952	6	8			245	247
1953	36	138			128	218
1954	102	87			218	163
1955	13	22			151	164
1956	0	0			223	168
1957	5	61			165	208
1958	6	61			193	208
1959	6	61			198	208
1960	0	0			1325	189
1961	0	0			234	169
1962	0	0			234	189
1963	0	0			169	189
1964	0	0			189	213
1965	0	0			213	186
1966	0	0			213	274
1967	0	0			187	186
1968	0	0			186	274
1969	11	43			149	220
1970	0	0			174	134
1971	4	6			147	175
1972	6	6			217	175
1973	6	4			217	147
1974	17	48			188	178
1975	42	49			188	178
1976	1	3			221	255
1977	0	2			190	192
1978	7	0			150	87
1979	1	0			87	87
1980	3	0			138	255
1981	1	0			138	255
1982	1	0			153	255
1983	1	1			153	138
1984	1	0			153	138
1985	15	200			99	114
1986	196	160			198	177
1987	172	209			165	193
1988	0	0			220	664
1989	33	112			221	235
1990	65	2			206	210
1991	47	2			221	210
1992	761	1			206	161
1993	761	0			206	77
1994	578	235			206	145
1995	1	0			161	77
1996	178	179			145	179
1997	0	0			248	248
1998	0	0			127	127
1999	0	5			248	248
2000	0	0			127	127
2001	0	0			127	127
2002	0	0			127	127
2003	2	80			167	221
2004	0	0			169	126
2005	235	513			167	183
2006	0	0			156	150
2007	14	83			147	260
2008	8	0			135	154
2009	12	1			440	210
2010	2	0			198	230
2011	19	38			116	200
2012	40	770			200	999
2013	738	147			999	258
2014	6	0			87	87
2015	6	0			87	193
2016	0	0			218	103
2017	0	0			360	151
2018	0	0			112	184
2019	323	97			158	130
2020	1	14			157	116
2021	7	14			181	116
2022	1	38			157	169
2023	7	38			181	169
2024	330	311			231	219
2025	0	0			102	99
2026	1	1			191	214
2027	12	2			197	106
2028	20	13			129	141
2029	0	0			230	204
2030	1	0			217	204
2031	25	15			171	157
2032	0	0			200	175
2033	18	6			119	240
2034	1	0			150	178
2035	44	2			136	167
2036	0	0			207	218
2037	0	0			193	192
2038	12	3			226	114
2039	0	59			111	121
2040	38	120			141	312
2041	0	0			166	224
2042	5	17			141	165
2043	7	25			172	173
2044	0	0			99	99
2045	8	0			134	99
2046	6	4			152	134
2047	6	0			152	134
2048	0	0			167	167
2049	167	526			150	192
2050	0	1			83	83
2051	1	0			83	110
2052	1	0			83	83
2053	0	0			110	83
2054	0	0			132	141
2055	0	4			99	99
2056	1	3			120	117
2057	0	2			162	153
2058	0	8			92	95
2059	3453	1962			242	242
2060	9	31			259	583
2061	145	83			194	92
2062	111	83			245	92
2063	0	0			111	274
2064	50	0			158	108
2065	0	0			147	207
2066	0	0			129	163
2067	0	0			129	213
2068	0	0			129	173
2069	0	0			129	209
2070	0	0			129	178
2071	0	0			213	173
2072	0	0			213	209
2073	0	0			213	178
2074	0	0			153	215
2075	0	0			173	209
2076	0	0			173	178
2077	0	0			173	215
2078	0	0			209	178
2079	0	0			181	178
2080	0	0			178	123
2081	18	17			166	152
2082	0	0			278	473
2083	0	0			166	234
2084	6	5			166	138
2085	0	0			163	146
2086	0	68			232	166
2087	3	6			109	143
2088	9	18			186	194
2089	4	286			139	148
2090	0	0			154	144
2091	0	0			200	274
2092	51	60			191	147
2093	2	10			121	260
2094	109	68			190	153
2095	0	6			163	111
2096	65	38			351	351
2097	122	145			339	339
2098	123	191			339	339
2099	0	0			169	203
2100	0	0			196	203
2101	69	3			176	120
2102	0	1			196	220
2103	2	0			177	117
2104	104	61			390	198
2105	0	371			129	639
2106	42	3			177	243
2107	3	9			127	176
2108	2	2			150	109
2109	0	0			94	94
2110	5	1			204	183
2111	46263	1272			10564	171
2112	0	0			121	133
2113	19	3			145	164
2114	10	22			145	208
2115	0	0			126	193
2116	0	0			119	326
2117	0	0			202	99
2118	0	0			116	99
2119	0	0			116	202
2120	0	0			173	205
2121	0	0			210	173
2122	13	82			237	306
2123	0	1			227	217
2124	0	0			285	278
2125	51	97			192	270
2126	18	15			144	135
2127	0	370			186	358
2128	0	165			186	186
2129	94	142			189	252
2130	1	2			258	258
2131	16	35			138	228
2132	1	0			165	149
2133	45	10			179	179
2134	38	1			135	135
2135	15	52			159	159
2136	19	17			159	108
2137	12	1			288	180
2138	62	59			229	177
2139	0	0			193	192
2140	14	1			264	111
2141	0	5			174	138
2142	0	9			174	297
2143	5	7			423	357
2144	24	2			180	168
2145	0	0			123	192
2146	0	0			143	137
2147	0	0			151	220
2148	424	497			201	240
2149	0	16			78	78
2150	0	0			93	93
2151	129	161			242	235
2152	120	228			195	180
2153	55	182			195	195
2154	44	1			163	198
2155	0	0			90	78
2156	0	0			117	78
2157	174	265			168	177
2158	127	157			144	165
2159	9	12			130	186
2160	136	127			150	159
2161	13	20			198	456
2162	1	0			169	215
2163	3	2			240	231
2164	117	370			213	286
2165	199	91			213	210
2166	8	0			210	210
2167	7	9			270	258
2168	4	9			210	270
2169	0	4119			127	340
2170	167	75			172	163
2171	312	65			204	162
2172	0	2			179	225
2173	120	99			189	171
2174	0	0			202	366
2175	19	6			171	169
2176	0	0			186	186
2177	1	1			198	192
2178	4	2			272	137
2179	13	2			256	113
2180	11	2			225	113
2181	11	0			256	113
2182	9	16			171	177
2183	1	0			321	167
2184	2	6			155	184
2185	0	0			464	228
2186	0	0			182	163
2187	0	0			125	411
2188	2	18			182	311
2189	21	37			275	251
2190	9	37			251	251
2191	9	131			174	293
2192	10	17			164	151
2193	2	4			155	170
2194	2	7			155	257
2195	0	5			157	203
2196	1216	479			267	154
2197	1228	1788			273	297
2198	41	16			169	126
2199	325	1102			318	686
2200	70	157			261	273
2201	2	2			124	117
2202	0	0			161	161
2203	5	2			132	120
2204	8	8			141	138
2205	0	3			93	93
2206	0	4			90	228
2207	0	0			131	141
2208	3	177			179	96
2209	5	1			816	211
2210	2	60			337	536
2211	2	0			261	213
2212	0	2			160	245
2213	0	0			160	188
2214	0	0			175	208
2215	0	0			158	175
2216	2	1			81	170
2217	31	33			147	249
2218	0	0			163	390
2219	5	12			194	397
2220	0	1			145	226
2221	0	0			130	178
2222	0	0			138	120
2223	37	0			208	127
2224	8	7			119	125
2225	133	261			154	210
2226	0	0			368	152
2227	0	0			81	81
2228	34	10			252	156
2229	0	0			172	172
2230	15	28			264	264
2231	140	215			165	184
2232	48	37			261	112
2233	0	0			173	192
2234	0	0			307	192
2235	30	12			315	115
2236	0	0			225	164
2237	0	0			145	160
2238	265	36			189	189
2239	13	0			160	144
2240	0	1			123	173
2241	0	1			93	93
2242	0	0			187	137
2243	28	13			240	240
2244	0	0			251	135
2245	0	0			191	133
2246	0	0			133	332
2247	48	12			180	121
2248	10	1			126	126
2249	10	12			126	138
2250	5	14			126	138
2251	1	27			149	173
2252	10	33			184	173
2253	27	23			201	224
2254	1	4			355	269
2255	29	52			165	156
2256	29	19			165	153
2257	27	5			156	117
2258	5	13			195	178
2259	2265	33			162	198
2260	1782	1267			171	145
2261	31	17			197	210
2262	29	54			146	149
2263	1	41			171	247
2264	7	5367			161	161
2265	68	45			188	150
2266	70	128			150	222
2267	0	0			198	152
2268	101	117			144	132
2269	7	10			142	113
2270	294	106			297	168
2271	16	20			162	196
2272	0	0			189	199
2273	11741	79			484	158
2274	13	13			156	177
2275	6	3			947	255
2276	250	16			257	158
2277	1	0			193	125
2278	23	19			267	221
2279	1	0			178	308
2280	33	0			325	308
2281	33	1			325	178
2282	158	256			152	152
2283	55	171			147	172
2284	0	0			168	98
2285	0	0			168	98
2286	1	0			224	157
2287	1	0			218	157
2288	0	1			190	160
2289	0	0			190	168
2290	1	0			160	168
2291	0	0			157	114
2292	21	66			171	197
2293	0	0			123	192
2294	31	55			137	185
2295	0	0			96	99
2296	0	0			248	171
2297	0	0			184	125
2298	10	18			153	185
2299	22	9			188	153
2300	13	14			147	147
2301	3	13			147	147
2302	0	0			155	192
2303	147	108			277	271
2304	2	2			218	180
2305	1	2			173	180
2306	0	0			94	94
2307	0	0			87	87
2308	0	0			87	87
2309	0	0			87	87
2310	0	0			172	172
2311	15	18			182	312
2312	84	0			234	196
2313	78	36			729	238
2314	8	82			138	729
2315	2	0			268	297
2316	1	0			199	297
2317	0	0			219	210
2318	0	0			141	243
2319	0	0			141	243
2320	5	0			186	182
2321	15	9			273	144
2322	115	19			263	236
2323	2	27			126	288
2324	17	15			179	228
2325	9	3			154	187
2326	9	19			154	146
2327	9	16			154	137
2328	3	19			187	146
2329	3	16			187	137
2330	201	15			830	149
2331	45	52			165	147
2332	0	0			123	192
2333	18	3			138	168
2334	6	4			174	214
2335	6	2			218	306
2336	6	1			218	226
2337	2	1			306	226
2338	0	0			226	199
2339	115	3			145	147
2340	9	12			150	147
2341	9	47			150	289
2342	0	11			146	147
2343	39	91			136	235
2344	39	170			136	247
2345	28	4			194	181
2346	18	114			194	235
2347	91	170			235	247
2348	6	1			207	161
2349	1	0			173	247
2350	1	0			186	247
2351	0	0			166	247
2352	9	10			159	221
2353	56	73			177	173
2354	222	157			599	322
2355	3	0			212	165
2356	1	0			144	165
2357	3	0			212	197
2358	0	5			131	212
2359	0	0			125	122
2360	33	43			199	237
2361	64	60			621	795
2362	22	25			144	179
2363	0	0			109	143
2364	0	0			186	194
2365	236	13			206	227
2366	3	0			219	189
2367	0	0			216	189
2368	0	4			126	148
2369	0	7			126	148
2370	0	3			126	148
2371	7	3			148	148
2372	6	2			148	148
2373	21	21			159	104
2374	19	19			173	204
2375	249	274			258	254
2376	155	265			188	261
2377	1	3			189	177
2378	63	0			196	160
2379	73	168			299	759
2380	8	103			120	117
2381	0	0			387	366
2382	0	0			366	207
2383	5	2			276	202
2384	6	9			154	118
2385	13	5			201	127
2386	0	47			197	277
2387	0	1			160	248
2388	0	1			204	160
2389	0	0			140	213
2390	0	0			123	140
2391	3	12			232	460
2392	422	723			159	190
2393	35	138			223	621
2394	0	0			123	192
2395	19	6			258	178
2396	77	132			165	291
2397	186	133			165	138
2398	178	205			174	165
2399	122	117			145	136
2400	0	0			147	150
2401	78	426			134	170
2402	10	1			352	180
2403	5	1			223	180
2404	9	2			352	180
2405	1	2			130	180
2406	21	2			156	180
2407	21	9			156	352
2408	21	1			156	130
2409	107	0			215	103
2410	54	74			143	215
2411	0	82			186	320
2412	0	2			208	219
2413	0	1			142	116
2414	0	0			195	386
2415	6	47			110	348
2416	30	10			348	122
2417	0	0			226	148
2418	0	0			180	279
2419	29	2			203	338
2420	0	0			192	228
2421	9	307			245	245
2422	6	9			126	212
2423	0	0			195	219
2424	25	37			169	202
2425	42	21			202	139
2426	45	75			156	149
2427	21	27			204	177
2428	0	0			96	102
2429	0	0			96	96
2430	109	292			214	214
2431	22	0			87	87
2432	0	0			177	162
2433	0	0			205	177
2434	0	0			132	205
2435	0	0			241	273
2436	0	0			403	121
2437	0	0			109	165
2438	0	3			247	196
2439	1	3			173	196
2440	1	3			228	196
2441	0	3			197	196
2442	1	0			173	247
2443	1	0			228	247
2444	0	0			197	247
2445	1	1			228	173
2446	0	1			197	173
2447	0	1			197	228
2448	0	0			123	192
2449	22	54			136	178
2450	1266	1072			288	216
2451	15	2			90	198
2452	25	44			145	136
2453	0	0			129	129
2454	15	40			184	192
2455	0	0			78	78
2456	0	0			78	78
2457	0	0			78	78
2458	25	22			150	111
2459	0	0			220	220
2460	0	0			179	179
2461	2	0			159	159
2462	104	85			244	177
2463	33	26			190	155
2464	0	0			96	213
2465	0	0			208	147
2466	24	12			206	203
2467	0	1			159	147
2468	2	1			141	135
2469	18	33			128	146
2470	0	0			198	171
2471	4	0			158	108
2472	7	3			209	155
2473	0	0			387	327
2474	0	0			220	173
2475	27	52			111	168
2476	48	12			168	105
2477	18	12			117	105
2478	1	1			155	148
2479	62	62			186	156
2480	103	145			153	204
2481	9	4			101	130
2482	50	14			489	171
2483	10	12			182	177
2484	6	12			284	177
2485	1751	1814			315	192
2486	2442	3783			261	327
2487	1511	3769			261	327
2488	2482	2339			228	261
2489	3024	1322			299	228
2490	3026	2241			299	228
2491	2099	3174			308	511
2492	2099	589			308	181
2493	0	23			119	218
2494	0	0			159	159
2495	0	0			123	181
2496	0	0			190	152
2497	132	277			151	246
2498	1	0			237	132
2499	0	0			138	195
2500	6	232			101	196
2501	0	0			192	221
2502	0	0			177	221
2503	0	0			177	192
2504	0	0			148	214
2505	0	0			187	214
2506	0	0			138	140
2507	0	0			261	386
2508	0	0			128	261
2509	0	0			246	261
2510	2	0			168	98
2511	2	0			168	98
2512	4	2			267	158
2513	33	38			224	192
2514	33	29			224	338
2515	33	103			192	311
2516	0	0			147	141
2517	5	6			154	225
2518	14	1			165	129
2519	3	0			96	96
2520	8	5			161	230
2521	0	55			168	128
2522	27	33			123	146
2523	31	24			141	123
2524	0	3			129	149
2525	6	9			221	139
2526	2	8			212	221
2527	217	159			140	177
2528	77	165			183	180
2529	0	0			147	141
2530	2	0			249	248
2531	15	5			233	173
2532	1	0			173	130
2533	9	9			226	168
2534	0	0			184	219
2535	0	0			168	153
2536	153	103			183	174
2537	0	3			110	241
2538	0	0			168	184
2539	15	25			125	223
2540	7480	96418			178	298
2541	7431	96401			178	298
2542	0	1			155	114
2543	0	0			102	132
2544	11	2			198	180
2545	0	0			223	168
2546	361	610			173	254
2547	5	27			178	250
2548	20	63			150	259
2549	4	7			693	678
2550	3	38			173	339
2551	78	0			538	116
2552	10	0			132	116
2553	29	15			271	161
2554	6	3			120	144
2555	118	135			254	170
2556	0	18			81	165
2557	44	36			192	177
2558	2	2			159	135
2559	3	2			132	159
2560	1	0			150	147
2561	0	0			145	159
2562	249	178			184	154
2563	0	0			190	190
2564	4	3			208	164
2565	0	4			116	208
2566	1	0			87	151
2567	0	0			218	103
2568	0	0			360	151
2569	0	0			150	275
2570	63	122			162	234
2571	3	0			197	156
2572	3	197			194	128
2573	0	0			169	174
2574	0	1			152	148
2575	4	14			162	178
2576	4	3			162	112
2577	1	0			203	191
2578	23	0			145	214
2579	1	2			200	194
2580	0	0			105	147
